condition,correlation,length,ones_count,zeros_count,win_rate,return_pct,return_abs,hash,optimal_exposition,correlation_optimal,win_rate_optimal,profit_factor,pf_4,pf_6,pf_8,pf_10,pf_12,pf_14,pf_16,pf_18,pf_20,pf_22,pf_24,pf_26,pf_28,pf_30
atr_14 >= atr_30,0.06237958,98878,33455,65423,15.3,-1353.0790390148177,-472.9389311948762,532171b4b026df3b7d23c8264137467a8cc80a53ca41565a8c760a4fc7c55907,30,0.012516297399997711,28.23,0.9592676716263492,0.9592676716263492,1.021231214732514,1.068250991171959,1.1034146145993646,1.1272398144720182,1.1486872308211293,1.1641363743932067,1.1748600420601576,1.1901322993940913,1.2056310075156569,1.2188563244247732,1.24053875813658,1.257279933342874,1.2770123041912702
atr_14 >= atr_30_sft_2,0.062028125,98878,33382,65496,15.28,-1205.692925919313,-458.2606223298935,532171b4b026df3b7d23c8264137467a8cc80a53ca41565a8c760a4fc7c55907,30,0.016119061037898064,28.45,0.9636439449162763,0.9636439449162763,1.030295543250315,1.0761930657223657,1.1170664686428493,1.151005447951986,1.1749304813869215,1.190915214482453,1.2071957819582915,1.2198220792530752,1.2345780416723857,1.248603008455146,1.2683663479430798,1.2855522232104541,1.306400083119318
atr_14 >= atr_30_sft_1,0.06196632,98878,33435,65443,15.28,-1373.594265969703,-475.88305527526245,532171b4b026df3b7d23c8264137467a8cc80a53ca41565a8c760a4fc7c55907,30,0.01464943028986454,28.36,0.9587807444531798,0.9587807444531798,1.0248198307101561,1.0732378249341132,1.108048678594776,1.1388019309308526,1.1614861668578147,1.1773038970597625,1.189098176231534,1.2033004878494689,1.2166900217679235,1.2305987292155809,1.2488804828968392,1.265352620613374,1.287364797267651
day_of_week <= 2,0.061941173,98878,50137,48741,14.43,-4233.6102851462865,-988.619526974544,522079c47c243405088a542d2dea350bc4edfb2eb6dd1a2bfdd8f78fda16c0a3,30,0.05344389006495476,29.8,0.91295102084447,0.91295102084447,0.9699598199691674,1.0104499108869556,1.0431341419182083,1.0734551837451312,1.1003910298904565,1.1189857476446168,1.1343846325199498,1.1514264220430832,1.1676889973390874,1.1836934566982802,1.2002101669317842,1.2141809926898042,1.229015831603018
atr_14 >= atr_20,0.061933655,98878,34187,64691,15.23,-1514.4222672860196,-479.10935752649675,532171b4b026df3b7d23c8264137467a8cc80a53ca41565a8c760a4fc7c55907,30,0.021414916962385178,28.76,0.955494481617962,0.955494481617962,1.017685282554035,1.0657511628621343,1.1018205234154497,1.127230077156355,1.154841105171426,1.1709259164740287,1.1835468875253656,1.1958010589144812,1.2089385203965846,1.222382490162667,1.2408358183383201,1.2553560392532925,1.2683385720258358
atr_10 >= atr_30,0.0606327,98878,33180,65698,15.23,-1394.2391745199857,-463.72960753029474,532171b4b026df3b7d23c8264137467a8cc80a53ca41565a8c760a4fc7c55907,30,0.021012064069509506,28.76,0.9578249433578504,0.9578249433578504,1.0242105093338494,1.0715944344778665,1.1102429822672948,1.140387034541511,1.1644078221046166,1.1786591293227546,1.1911478044706396,1.203075496735038,1.2154100965091341,1.2291718690819455,1.2498837674323882,1.2633089790232215,1.276353838697948
atr_14 >= atr_30_sft_3,0.060352933,98878,33251,65627,15.21,-1262.5775352890778,-452.5444963985501,532171b4b026df3b7d23c8264137467a8cc80a53ca41565a8c760a4fc7c55907,30,0.017955394461750984,28.57,0.9618055698674982,0.9618055698674982,1.0284875873361559,1.0757443915389322,1.119597033027984,1.1525651587595176,1.1761724277834058,1.193467412480522,1.2082827401954839,1.2181901030372246,1.2296256350203825,1.242803535893925,1.2608244273041829,1.2770082448887103,1.295482685944812
atr_10 >= atr_20,0.06018585,98878,34318,64560,15.14,-1442.5722470230394,-491.8045799474203,532171b4b026df3b7d23c8264137467a8cc80a53ca41565a8c760a4fc7c55907,30,0.02306428551673889,28.86,0.9574992533906325,0.9574992533906325,1.0276831984592898,1.074890607547189,1.111591425937018,1.135452066228312,1.1606833972071533,1.1789827537268587,1.1922260594671559,1.2046744168134604,1.2135564874894638,1.2239782680563938,1.2450314206341064,1.2602601566674574,1.2745692376430162
atr_20 >= atr_30,0.059911847,98878,33853,65025,15.16,-1587.4352418225317,-512.8330463683596,532171b4b026df3b7d23c8264137467a8cc80a53ca41565a8c760a4fc7c55907,30,0.0048273480497300625,27.74,0.9523241540750516,0.9523241540750516,1.0191886215297385,1.0620585797944857,1.0916314439047354,1.1163422008171535,1.1442043458644113,1.1626288945328311,1.1737889934117058,1.1847182844784983,1.1978290969483087,1.216000503028204,1.2402056642090609,1.258614964360374,1.2729876085802223
atr_10 >= atr_30_sft_1,0.05944498,98878,33228,65650,15.17,-1339.4429787838308,-458.4552564733749,532171b4b026df3b7d23c8264137467a8cc80a53ca41565a8c760a4fc7c55907,30,0.020036615431308746,28.7,0.9594815965767746,0.9594815965767746,1.0292312142435656,1.0780221158859102,1.11901407367925,1.1489690577172245,1.1761957273662866,1.190906971265928,1.2029313886804338,1.2141406929357537,1.2240786824873509,1.2361816425216325,1.2560242511837305,1.2688363096556674,1.2808351467822328
atr_10 >= atr_30_sft_2,0.05932524,98878,33181,65697,15.17,-1262.3525550277263,-456.82220356307516,532171b4b026df3b7d23c8264137467a8cc80a53ca41565a8c760a4fc7c55907,30,0.01912679523229599,28.65,0.9616920746432008,0.9616920746432008,1.0296944594239201,1.0778437943781174,1.1198643182182368,1.1536500641083045,1.180221132401577,1.1975717527769696,1.2103462282154986,1.2223298014232116,1.231782212066077,1.2445057803350643,1.2626746981898063,1.2763065644707647,1.287410415713417
atr_20 >= atr_30_sft_1,0.058460206,98878,33757,65121,15.1,-1543.9056868016196,-509.7772706731339,532171b4b026df3b7d23c8264137467a8cc80a53ca41565a8c760a4fc7c55907,30,0.006663460284471512,27.86,0.9536185527197182,0.9536185527197182,1.0231417812361852,1.071931222925753,1.1078604406244752,1.1362011522968531,1.1610820820069436,1.1849226131880424,1.1947679404463347,1.207217801594462,1.2153338482458433,1.2294725932766735,1.2484867267957158,1.2689315035613031,1.2900009605908451
atr_20 >= atr_30_sft_2,0.0583149,98878,33514,65364,15.1,-1406.2077501808526,-483.14465949432633,532171b4b026df3b7d23c8264137467a8cc80a53ca41565a8c760a4fc7c55907,30,0.008527642115950584,27.98,0.9574167307117155,0.9574167307117155,1.0324624175277832,1.079440793931996,1.1224150141197884,1.1543063614350875,1.177847055424624,1.1977056073523,1.2119726207849637,1.2233277781174383,1.2337930505350012,1.2471077489489009,1.2662623903317165,1.285475377740544,1.3050019866272917
atr_10 >= atr_30_sft_3,0.058193706,98878,33062,65816,15.13,-1322.136422042764,-449.70783681699686,532171b4b026df3b7d23c8264137467a8cc80a53ca41565a8c760a4fc7c55907,30,0.021385429427027702,28.79,0.959757123612793,0.959757123612793,1.0274159951970987,1.0772644261790003,1.1198465713412336,1.1527121313354007,1.1816154396379046,1.1999860615642002,1.2122821581388112,1.2244766298193719,1.2338823081214176,1.245826834681467,1.2639004989971163,1.2788753533957078,1.2905613869804655
atr_20 >= atr_30_sft_3,0.057433903,98878,33159,65719,15.08,-1164.241468262655,-461.6532048294757,532171b4b026df3b7d23c8264137467a8cc80a53ca41565a8c760a4fc7c55907,30,0.012266993522644043,28.22,0.964427684661323,0.964427684661323,1.037105163824494,1.0848110609784831,1.132250108562047,1.1614656411589892,1.1910787635341509,1.2106160397109889,1.2251572940210071,1.237042316325369,1.2482808952094586,1.2595551743110054,1.2801505414105847,1.2996334371373832,1.3181414879278275
atr_10 >= atr_20_sft_1,0.056011554,98878,34401,64477,14.95,-1498.49737433673,-498.6536721662851,532171b4b026df3b7d23c8264137467a8cc80a53ca41565a8c760a4fc7c55907,30,0.02063504233956337,28.71,0.9557622472751875,0.9557622472751875,1.024732687071505,1.0773563726432942,1.1175658181805177,1.1462958912692751,1.1717414363423093,1.188258623618453,1.1990593706681765,1.2131755466847856,1.2203463663958476,1.2291780619623913,1.249029540053757,1.264368288596886,1.275743298041323
atr_14 >= atr_20_sft_1,0.055645052,98878,34291,64587,14.94,-1463.9930689472321,-486.81148194854904,532171b4b026df3b7d23c8264137467a8cc80a53ca41565a8c760a4fc7c55907,30,0.019040547311306,28.61,0.9566220701495886,0.9566220701495886,1.0273770036559133,1.0806185840407305,1.1167396379732848,1.1489763930281225,1.1739232134421724,1.193360415281196,1.2041744218676624,1.217159690292453,1.226762222350459,1.233705935058834,1.253394655288827,1.268649051955631,1.2867033203452247
atr_10 >= atr_14,0.053243954,98878,35265,63613,14.78,-1369.4497121699824,-525.8183149996839,532171b4b026df3b7d23c8264137467a8cc80a53ca41565a8c760a4fc7c55907,30,0.025149520486593246,28.95,0.9602479450589524,0.9602479450589524,1.0341225687537097,1.0799487182231633,1.1134815752330534,1.1381994871338552,1.1619636720174762,1.1780900306111879,1.1861744538615178,1.1989458929301016,1.2112200083887408,1.228722079555106,1.2489482103702783,1.2636000917584258,1.2778228637304163
atr_30 <= atr_10_sft_1,0.053139254,98878,33444,65434,14.87,-1701.439154461841,-472.91252294537117,6c56a6e37fe7066fac040219b9e7cfe2398571a456467cde7a8327153ebc94da,30,0.013667898252606392,28.3,0.9476500685850529,0.9476500685850529,1.0089747028296587,1.0587573843034266,1.0952373691542827,1.1251343230376678,1.147550196247,1.161561649890526,1.1773483588026081,1.1872927890543135,1.2034983244954114,1.2223344627672093,1.2414753173855138,1.2540745426075155,1.2729917562074848
atr_14 >= atr_20_sft_2,0.052563973,98878,34020,64858,14.81,-1502.0211084620678,-505.7187062092198,532171b4b026df3b7d23c8264137467a8cc80a53ca41565a8c760a4fc7c55907,30,0.018139993771910667,28.56,0.954807147578204,0.954807147578204,1.0247637660763922,1.078715734763181,1.1246158490214944,1.1560855751327614,1.188948654621502,1.2117667796972589,1.2241785049711071,1.2367008079878932,1.243014630864644,1.2477611125807206,1.2653778583279467,1.2836583095778595,1.2980818741436604
atr_5 >= atr_30,0.052110936,98878,33005,65873,14.85,-1562.69650024586,-485.85145224654843,532171b4b026df3b7d23c8264137467a8cc80a53ca41565a8c760a4fc7c55907,30,0.021377485245466232,28.79,0.9518498943185003,0.9518498943185003,1.0241051507443102,1.075750381202857,1.1218785411831003,1.1572333877869758,1.1869593509187915,1.2092318561451565,1.2228970726937134,1.2368734777759336,1.2414382899926808,1.2474595872249052,1.2651113171988773,1.2805835103601406,1.2952345917561336
atr_10 >= atr_20_sft_2,0.05181875,98878,34240,64638,14.77,-1614.1927920008893,-521.2549804293085,532171b4b026df3b7d23c8264137467a8cc80a53ca41565a8c760a4fc7c55907,30,0.02138114720582962,28.76,0.9518235457729587,0.9518235457729587,1.0222174856597614,1.0765406567696847,1.119297134145173,1.149952680522046,1.176643874679569,1.2006697243279063,1.2132229546239162,1.2245555908765169,1.2345529932283579,1.2416694681349039,1.2590373511255708,1.2748283169306571,1.2887995741285994
atr_5 >= atr_30_sft_1,0.051542617,98878,33003,65875,14.82,-1618.6207677213533,-504.39921842779586,532171b4b026df3b7d23c8264137467a8cc80a53ca41565a8c760a4fc7c55907,30,0.020971620455384254,28.77,0.9500753160194026,0.9500753160194026,1.0194818899906017,1.0715984592402592,1.1163848180166631,1.1513734718012822,1.1802068498153344,1.2041747871800927,1.2199642177643548,1.233798270453742,1.2390816031374017,1.2460469336689757,1.2618388533033846,1.2789574067288612,1.2937711749668397
atr_30 <= atr_14_sft_1,0.050986752,98878,33900,64978,14.75,-1893.0044393168646,-493.9075052853368,6c56a6e37fe7066fac040219b9e7cfe2398571a456467cde7a8327153ebc94da,30,0.004687316250056028,27.73,0.9419936784410391,0.9419936784410391,0.9978317502505254,1.0394410115733443,1.0707520690733665,1.0959076467033642,1.1157342051658679,1.1326999721179094,1.1515052990248917,1.1674806859836564,1.1828199193815687,1.2031922885533293,1.2229059089745353,1.2434523686092431,1.2613919363896477
atr_5 >= atr_30_sft_2,0.050264724,98878,33008,65870,14.76,-1530.7550867950486,-493.3992804587615,532171b4b026df3b7d23c8264137467a8cc80a53ca41565a8c760a4fc7c55907,30,0.020472327247262,28.74,0.9526185301956684,0.9526185301956684,1.023948078018137,1.0753627340345058,1.1231485519490416,1.158234752191792,1.1859063659935998,1.2101017201117505,1.2253380535106273,1.239536625350428,1.2446511885238405,1.2519279784808,1.2676533256421674,1.2852623786305286,1.2985494809734517
atr_5 >= atr_30_sft_3,0.049674314,98878,33024,65854,14.73,-1625.7489285758638,-499.67908136213373,532171b4b026df3b7d23c8264137467a8cc80a53ca41565a8c760a4fc7c55907,30,0.019730255007743835,28.69,0.9497177613288247,0.9497177613288247,1.0205843307437794,1.0697049482611698,1.1191965149913816,1.151579659513281,1.1792833587908338,1.203860046765514,1.2187827592523788,1.2330769373824102,1.239212965022126,1.2459743741244065,1.2622462265432803,1.2785351867518253,1.292857135856888
atr_14 >= atr_20_sft_3,0.049486317,98878,33840,65038,14.68,-1392.9791370950988,-495.96920831952593,532171b4b026df3b7d23c8264137467a8cc80a53ca41565a8c760a4fc7c55907,30,0.022290179505944252,28.82,0.9577102742885649,0.9577102742885649,1.0292192652328962,1.0788856099410553,1.126815513740237,1.1560285606949705,1.1898371595072885,1.2157132819150909,1.2322879848169461,1.244636958437879,1.2516178522159414,1.2611460945670145,1.2787386902497648,1.2962603075539816,1.3108995271300865
atr_10 >= atr_20_sft_3,0.04919238,98878,34099,64779,14.65,-1802.2368632569269,-515.5240414291329,532171b4b026df3b7d23c8264137467a8cc80a53ca41565a8c760a4fc7c55907,30,0.02072000876069069,28.72,0.9459214211890694,0.9459214211890694,1.0148634728467698,1.0642871858293461,1.1114632905932436,1.1404968606654415,1.170605346578265,1.1901572622060899,1.2027832893186539,1.2140868312560644,1.220093138181552,1.228559286719488,1.246757184199294,1.263526679372638,1.2780740705371276
day_of_week <= 3,0.048413776,98878,75512,23366,13.31,-6996.909363681796,-1416.61170109464,522079c47c243405088a542d2dea350bc4edfb2eb6dd1a2bfdd8f78fda16c0a3,30,0.052164774388074875,28.74,0.8939161905165732,0.8939161905165732,0.9540463411011212,0.9962483625705179,1.0300192101696497,1.0595429012210382,1.0849892427892032,1.1038346278746811,1.1198862265593557,1.1367131623939497,1.151474950019619,1.1661485651779138,1.1811692351541678,1.1944330957734126,1.2085053057014656
atr_30 <= atr_5_sft_1,0.045598224,98878,33207,65671,14.53,-1688.2943660593592,-486.06666547770874,6c56a6e37fe7066fac040219b9e7cfe2398571a456467cde7a8327153ebc94da,30,0.018348775804042816,28.6,0.9471573495017809,0.9471573495017809,1.0161133486327787,1.0689219607889386,1.1107685153585138,1.1426878843175312,1.1733184700128387,1.1901898559668433,1.2068557858998545,1.2186368213181205,1.2252299435593326,1.2375123993347734,1.2562841946604602,1.271598457878173,1.2830479900748721
atr_5 >= atr_20,0.04518522,98878,34472,64406,14.46,-1859.555796693574,-551.0373396785217,532171b4b026df3b7d23c8264137467a8cc80a53ca41565a8c760a4fc7c55907,30,0.02255200780928135,28.82,0.9442214237577624,0.9442214237577624,1.01696670114666,1.0667844206420458,1.1072609651550978,1.1408734897533055,1.1690672310487562,1.1926502438940176,1.2064263867875622,1.2185826605484487,1.225873426298696,1.2395278358459425,1.2566106199354976,1.271557305223123,1.2852699032433608
day_of_week <= 1,0.044216804,98878,25996,72882,14.86,-1172.8506938211003,-444.15546098382765,522079c47c243405088a542d2dea350bc4edfb2eb6dd1a2bfdd8f78fda16c0a3,30,0.02977912314236164,29.67,0.9549493522566086,0.9549493522566086,1.0152557320958635,1.058279885349484,1.0928951140940448,1.1265622814612015,1.1598182780336583,1.1850635489317598,1.2072075694942856,1.2299329169031463,1.2514930151585322,1.273327560435809,1.2961746485393455,1.3157148595395338,1.3367880062396287
atr_10 >= atr_14_sft_1,0.043345492,98878,35262,63616,14.34,-1776.6897081253128,-565.7959343706898,532171b4b026df3b7d23c8264137467a8cc80a53ca41565a8c760a4fc7c55907,30,0.021356454119086266,28.72,0.9474743509498063,0.9474743509498063,1.0184271398932583,1.0613201053040944,1.0956795628381377,1.123465135487502,1.1507768454591196,1.172929839156291,1.1844653721217866,1.1980728241974228,1.209185388226222,1.2193252589006018,1.236489441596554,1.2529565091317016,1.269064820764501
atr_30 <= atr_10_sft_2,0.043060053,98878,33789,65089,14.39,-2457.9027543465345,-517.891866191916,6c56a6e37fe7066fac040219b9e7cfe2398571a456467cde7a8327153ebc94da,30,0.009491613134741783,28.03,0.9238109605945929,0.9238109605945929,0.9853185465474,1.0333061110652924,1.0653056274861084,1.0934911583981706,1.1176909622715498,1.1346599683165706,1.1494531911160055,1.1690727467710478,1.1855344349143746,1.2043311013949975,1.2219356079851165,1.2374601739578632,1.2591655082161113
adx_30 >= 21,0.04269467,98878,36738,62140,14.25,-4142.332751420173,-686.9246545775532,4118d96628e9d7109ca1b25b71d8f7665de5864ad974c7631ea4a76d380fc96f,30,0.00414053862914443,27.69,0.8816446770522292,0.8816446770522292,0.9389746702624171,0.9848657978857256,1.0179941340110783,1.048850259496934,1.0831630760938966,1.1132467987290797,1.1349347094940452,1.156702945508849,1.1807344509814763,1.2025664043095243,1.22421047538983,1.2410153784587232,1.2564971118334458
atr_5 >= atr_20_sft_1,0.042626336,98878,34579,64299,14.34,-1873.5762633342165,-548.9944907125828,532171b4b026df3b7d23c8264137467a8cc80a53ca41565a8c760a4fc7c55907,30,0.022090669721364975,28.79,0.9437625200520471,0.9437625200520471,1.0134494774533451,1.061123558875075,1.0973292851444103,1.1322481527949022,1.1612934511221153,1.1867824051601699,1.1978997678336147,1.2106339654605616,1.2207225468721825,1.2337894222213017,1.2517155870484291,1.2657146848143712,1.2790388283189027
adx_30 >= 19,0.042488147,98878,44019,54859,13.98,-4355.887115330398,-779.5515092360074,4118d96628e9d7109ca1b25b71d8f7665de5864ad974c7631ea4a76d380fc96f,30,0.004469741601496935,27.67,0.8923762105921917,0.8923762105921917,0.9497958291470092,0.9933582040359213,1.0292589432669126,1.059386048830225,1.0881976375004643,1.1127220078794373,1.1340312045497176,1.1523436135667118,1.1675788423921034,1.1834634473524315,1.2004539453184138,1.2135547607152022,1.229471195638425
atr_20 <= atr_10_sft_1,0.042034525,98878,35406,63472,14.27,-2341.5729208709527,-555.1356209180012,6c56a6e37fe7066fac040219b9e7cfe2398571a456467cde7a8327153ebc94da,30,0.012708988040685654,28.2,0.9299361768294597,0.9299361768294597,0.9833840313154975,1.0244985561173139,1.0572616295025408,1.0856851894434654,1.1082755904430683,1.1267331011295836,1.144524496232006,1.1588225193248383,1.1732646352982186,1.1957492248087602,1.2136291655662035,1.2288592178899727,1.2452730196742274
stdev_5 >= stdev_30_sft_3,0.041811805,98878,7607,91271,17.19,-304.769833244296,-156.1507814133438,a092dbfa6dbefd1d342d1a211503f33f5c7745cd5359e4d4115f2b75459bc7b9,30,0.019073134288191795,30.39,0.9652743177616532,0.9652743177616532,1.0094356733168874,1.059264116576328,1.096606340224554,1.1013400584247823,1.0954857638015674,1.0968927794885288,1.091602058645644,1.095324379620007,1.1064896412573741,1.1145885229125088,1.122538630761071,1.155663657250971,1.1843684475430794
adx_30 >= 22,0.041711025,98878,33524,65354,14.34,-4022.178747220626,-633.7908512305075,4118d96628e9d7109ca1b25b71d8f7665de5864ad974c7631ea4a76d380fc96f,30,0.0009269355214200914,27.5,0.875860331117123,0.875860331117123,0.9301101892184387,0.9743098830097074,1.0081287760212432,1.0408555649654596,1.0714190850811542,1.0998365310056804,1.1257047395846675,1.151624301036783,1.174199713132415,1.1965915722375493,1.2161645559160832,1.235894747424479,1.2543083563011643
adx_30 >= 20,0.041682735,98878,40304,58574,14.08,-4480.145717904633,-743.3973434414074,4118d96628e9d7109ca1b25b71d8f7665de5864ad974c7631ea4a76d380fc96f,30,0.003624912817031145,27.64,0.8815189792312116,0.8815189792312116,0.9438392759714609,0.9893451813648054,1.0253352309383288,1.0560965024441151,1.0891343713189656,1.1175995885955239,1.1399707823635272,1.1609310974903395,1.179634157180144,1.1964432883321543,1.2135963270390326,1.2290666466480393,1.2456175932530933
atr_5 >= atr_20_sft_2,0.041659962,98878,34587,64291,14.29,-1906.0265581733765,-549.883760668934,532171b4b026df3b7d23c8264137467a8cc80a53ca41565a8c760a4fc7c55907,30,0.02374345436692238,28.89,0.9425716981296101,0.9425716981296101,1.0148232193038667,1.0596429868757746,1.1015445617939188,1.1370016630558706,1.1662405846053034,1.1899156950948455,1.202953245163243,1.217662521625648,1.227187393595174,1.2392368200322694,1.2581418839060705,1.2726247454286284,1.2892751519861316
adx_30 >= 23,0.04155159,98878,30497,68381,14.47,-3484.5503592616506,-570.0450479278952,4118d96628e9d7109ca1b25b71d8f7665de5864ad974c7631ea4a76d380fc96f,30,-0.0017117245588451624,27.33,0.8836532351115712,0.8836532351115712,0.9377382226814811,0.9762577506476636,1.0073456279095045,1.0396739866255191,1.0686014656229537,1.0942082140037266,1.1200569164275165,1.1440176073222137,1.167532315110121,1.1878746579372055,1.2125804035373318,1.2350888949055834,1.2578848988401359
adx_30 >= 24,0.040611945,98878,27772,71106,14.56,-3115.5669414563663,-518.6742868402071,4118d96628e9d7109ca1b25b71d8f7665de5864ad974c7631ea4a76d380fc96f,30,-0.001916601206175983,27.31,0.8874896279938935,0.8874896279938935,0.9418021964265547,0.9759559907935784,1.0068119258750103,1.0406684196548996,1.0722318315239918,1.0992447077451104,1.120407434637126,1.141879107518094,1.1634134020901539,1.1829526121003535,1.2099019578662844,1.2367269786256971,1.2616501319166842
atr_30 <= atr_5_sft_2,0.040001612,98878,33325,65553,14.27,-1908.0879246056866,-496.8769793819738,6c56a6e37fe7066fac040219b9e7cfe2398571a456467cde7a8327153ebc94da,30,0.015245749615132809,28.4,0.9394330039725933,0.9394330039725933,1.004629586053231,1.0587523133574752,1.09131380455562,1.1232631613092243,1.148786786859261,1.1665776250390385,1.182932150830097,1.1935526799656104,1.2061993935666488,1.2235572586907222,1.2441546079376078,1.2574432245122813,1.2738312028033512
atr_30 <= atr_20_sft_1,0.0399123,98878,34908,63970,14.2,-2411.2229353728303,-558.090805206979,6c56a6e37fe7066fac040219b9e7cfe2398571a456467cde7a8327153ebc94da,30,-0.006092680152505636,27.08,0.9257205995937223,0.9257205995937223,0.9769863918711014,1.014722233244012,1.043770698268238,1.0688021513967367,1.0939593144422897,1.11101313212484,1.1307884177907572,1.1536815729169498,1.1750872536506827,1.1964091297171604,1.2180834416180923,1.234682142306849,1.2483176261865092
adx_30 >= 18,0.039779287,98878,47959,50919,13.77,-4819.197039999089,-850.730253296475,4118d96628e9d7109ca1b25b71d8f7665de5864ad974c7631ea4a76d380fc96f,30,0.007286768406629562,27.78,0.8889794582987587,0.8889794582987587,0.9498188370823237,0.9905683580141336,1.024460457334177,1.0523952234502385,1.0780408044261724,1.099184319822874,1.1177948957919543,1.135681419433381,1.1531738039040353,1.170910388144489,1.1875252613274236,1.2008914468142498,1.2145738757621263
atr_5 >= atr_20_sft_3,0.03917689,98878,34584,64294,14.18,-2066.058283246268,-569.7217607366183,532171b4b026df3b7d23c8264137467a8cc80a53ca41565a8c760a4fc7c55907,30,0.02140689641237259,28.75,0.9376906729295028,0.9376906729295028,1.0096281102943765,1.0522251897864507,1.0954009208064366,1.1294552593621099,1.1569449701277805,1.1822904348672567,1.1952860070041007,1.2106391875034122,1.2194167556242381,1.2322753021981014,1.2498804283558873,1.2646649308307512,1.2792662519788671
bb_upper_2_30 <= High_sft_1,0.03909827,98878,9666,89212,16.34,308.19060424189956,-83.91261133140506,47a9751fea8d725fb5374946cd8b96bffe57ef928945364f4fe01eefa8efaa0d,30,0.007873463444411755,28.51,1.0290151194146022,1.0290151194146022,1.1160079008978658,1.1864246795480788,1.2113841633210276,1.2362122230522765,1.2659805728116378,1.2863860592676606,1.292062340551142,1.2943111648571453,1.3070017632104123,1.3056384056586898,1.3305116795563348,1.3639394473490913,1.364799737416496
atr_10 >= atr_14_sft_2,0.039070502,98878,35026,63852,14.16,-1878.1786698711003,-555.4075757175669,532171b4b026df3b7d23c8264137467a8cc80a53ca41565a8c760a4fc7c55907,30,0.023510143160820007,28.86,0.9439588407370084,0.9439588407370084,1.0137199586018792,1.0602297954301867,1.0977103755958464,1.1254875544795422,1.1527495968258068,1.1792321996013442,1.1938673612348416,1.2095153455856509,1.222304400207168,1.235041328492719,1.2534196212366417,1.2663133461428857,1.2821725884709891
bb_upper_2_30 <= High,0.03892046,98878,11665,87213,15.93,-144.69555439527903,-124.57300134647085,47a9751fea8d725fb5374946cd8b96bffe57ef928945364f4fe01eefa8efaa0d,30,0.012544641271233559,28.98,0.9891302958004011,0.9891302958004011,1.0863014898999375,1.153376817515023,1.2065478150013258,1.236572043590864,1.267174610048236,1.2867082888965962,1.3075807754448632,1.305573345079699,1.31917224944505,1.3254105541217922,1.3433625700297096,1.3865542193816187,1.3975650440315635
adx_20 >= 22,0.03782081,98878,44893,53985,13.79,-4563.389931545052,-824.5677911111561,4118d96628e9d7109ca1b25b71d8f7665de5864ad974c7631ea4a76d380fc96f,30,0.0024192756973206997,27.56,0.888708661714094,0.888708661714094,0.9453547188352522,0.9837321058959894,1.0156209909780043,1.0421106452013909,1.0656204688284683,1.085690818195583,1.1031069398570144,1.118306452739285,1.1341318929646673,1.1478444481802197,1.1615409803168606,1.1731902450653864,1.1891144103000926
adx_20 >= 24,0.037786953,98878,38131,60747,13.99,-3768.096459681212,-688.9157078497374,4118d96628e9d7109ca1b25b71d8f7665de5864ad974c7631ea4a76d380fc96f,30,0.00023153584334068,27.46,0.8942579426025594,0.8942579426025594,0.949354627801038,0.9888829295798808,1.0207010154922744,1.0462618211141472,1.0706872998304229,1.0920443231089458,1.110914485194931,1.1243447417624413,1.1394751708283226,1.1526023153225837,1.1652440877857508,1.1768001411405857,1.1892986217411754
adx_20 >= 23,0.03766205,98878,41336,57542,13.88,-4170.400624956863,-750.702343678895,4118d96628e9d7109ca1b25b71d8f7665de5864ad974c7631ea4a76d380fc96f,30,0.0009356618975289166,27.49,0.8909176284170681,0.8909176284170681,0.949453831411924,0.9894912295731005,1.0196458732995224,1.0457320077968355,1.0678771796481346,1.0880578954085462,1.1077991724125613,1.1236009336566979,1.1386974830766587,1.1515613948568755,1.1654184071115932,1.1765771302827066,1.1886805664215434
willr_5 <= -3,0.037578594,98878,89216,9662,12.83,-10366.527584336745,-1699.3189944202677,c087f74a8ef9fdefe2bfbfe4c42e7c177e68996d73089fae9a8de15f5638210d,30,0.01684769243001938,27.69,0.8623987171929545,0.8623987171929545,0.9161012698048976,0.9530140301542833,0.9757756180687367,0.9990030046360333,1.0180504195569116,1.031685931664747,1.042337929926377,1.0556738893467663,1.070472730265002,1.0836737601687476,1.0969648024789003,1.1066463741914463,1.1168467562444597
stdev_5 >= stdev_30_sft_2,0.03757662,98878,7155,91723,16.86,-587.3076197102055,-168.23794031153375,a092dbfa6dbefd1d342d1a211503f33f5c7745cd5359e4d4115f2b75459bc7b9,30,0.01586081087589264,29.98,0.9284398915526052,0.9284398915526052,0.9577777645748501,1.0201616433200598,1.0734017022496734,1.0752470093044357,1.0711284601612825,1.0824086446410897,1.0771799459430085,1.0749994077790468,1.0769829663018784,1.0730834750752565,1.0745643335241513,1.1043136030241776,1.1275726384925109
adx_20 >= 21,0.037441745,98878,48707,50171,13.67,-5039.461779757618,-899.8778007014698,4118d96628e9d7109ca1b25b71d8f7665de5864ad974c7631ea4a76d380fc96f,30,0.0018312981119379401,27.53,0.8850653538370331,0.8850653538370331,0.9425330971010942,0.9815759650546573,1.0114282114647501,1.0353058774620059,1.0593013353987135,1.080420171651502,1.1013630781124288,1.1171783948130694,1.1335088261489144,1.1481751973860677,1.1626241418837413,1.1753582025997409,1.1906016259937442
atr_20 <= atr_5_sft_1,0.03731128,98878,34920,63958,14.08,-2038.8525004094554,-559.6802954092491,6c56a6e37fe7066fac040219b9e7cfe2398571a456467cde7a8327153ebc94da,30,0.01784036122262478,28.52,0.937887382475913,0.937887382475913,0.9992210917218932,1.0471710214458925,1.0881850756295175,1.117366564786617,1.1422187153730206,1.1642281955701965,1.1752457200621649,1.1885552037052676,1.20281743310553,1.220043345988454,1.2338865004095299,1.2511582172372269,1.2612725558596747
atr_30 <= atr_14_sft_2,0.03704859,98878,34452,64426,14.09,-2744.765649902152,-546.6050195491043,6c56a6e37fe7066fac040219b9e7cfe2398571a456467cde7a8327153ebc94da,30,-0.0014426029520109296,27.36,0.9149028519291461,0.9149028519291461,0.9666280022574489,1.0042288108118682,1.0242808544245603,1.0481500147677598,1.0721187835261117,1.09346984144693,1.114005073963852,1.135740258679791,1.1564394915032679,1.1757482582029546,1.1984947618462043,1.2173421966423623,1.2350370283669176
willr_5 <= -2,0.036944263,98878,89795,9083,12.81,-10530.529880642473,-1710.318175444998,c087f74a8ef9fdefe2bfbfe4c42e7c177e68996d73089fae9a8de15f5638210d,30,0.01599365845322609,27.67,0.8613421359683175,0.8613421359683175,0.915969536400531,0.9532718857071427,0.9767606107333118,0.9992408843343592,1.0190721080845762,1.0334347496293708,1.0434355026748088,1.0570108070131479,1.0709968925306803,1.0842810962868525,1.0974314890668093,1.107706918909993,1.11802021777787
willr_5 <= -4,0.036903523,98878,88647,10231,12.83,-10162.765726211528,-1686.688743162078,c087f74a8ef9fdefe2bfbfe4c42e7c177e68996d73089fae9a8de15f5638210d,30,0.01651139371097088,27.7,0.8639876418010767,0.8639876418010767,0.9172737963940241,0.9543936650846838,0.9775035234913606,1.0006726202049077,1.0193464429842476,1.0330401624373382,1.0433939139914672,1.0564762251989623,1.071689740566474,1.0854647733225256,1.0993455583308271,1.1087082279014084,1.1185280644988056
willr_5 <= -1,0.036548357,98878,90486,8392,12.79,-10658.421344953462,-1722.0416354729532,c087f74a8ef9fdefe2bfbfe4c42e7c177e68996d73089fae9a8de15f5638210d,30,0.01595378667116165,27.66,0.8605551018214763,0.8605551018214763,0.915384436343935,0.953537670878228,0.9776969964052263,0.9993766429803502,1.0185878012261764,1.0327196195203483,1.0431390415150552,1.056361616151155,1.0703509790031676,1.0835719392613947,1.0966860252031045,1.1074893192184516,1.1178530210719244
adx_20 >= 20,0.036288377,98878,52831,46047,13.54,-5444.513729518495,-957.7972885057534,4118d96628e9d7109ca1b25b71d8f7665de5864ad974c7631ea4a76d380fc96f,30,0.0020703552290797234,27.53,0.8838368506637848,0.8838368506637848,0.9393063298727312,0.9761693734716319,1.0070180794404615,1.0333203587170383,1.055887227809232,1.0746321529771867,1.0915166839143817,1.1096413450537423,1.1249172913901355,1.1382431209975423,1.1546417947901342,1.1700211001042564,1.183288333159126
atr_30 >= atr_30_sft_3,0.036262646,98878,33595,65283,14.09,-1756.3260570766433,-546.7968835410284,532171b4b026df3b7d23c8264137467a8cc80a53ca41565a8c760a4fc7c55907,30,0.018847573548555374,28.62,0.9444122853190723,0.9444122853190723,1.020681361608095,1.0701985741170272,1.1105592727247011,1.1410398148017964,1.1747869475297539,1.1955810448578055,1.2165817506516676,1.2329619425816032,1.2443250118551765,1.2623025679509385,1.2739421200889458,1.292283075874338,1.3090656680840167
stdev_5 >= stdev_30_sft_1,0.03567764,98878,6531,92347,16.84,-486.8837802174821,-138.2639075197294,a092dbfa6dbefd1d342d1a211503f33f5c7745cd5359e4d4115f2b75459bc7b9,30,0.014925912953913212,29.95,0.9340426862707845,0.9340426862707845,0.9400510511677539,1.0019479831774567,1.0646784164284337,1.0566681975409968,1.045815435254656,1.0561043973168418,1.0583234613685806,1.0499237664788732,1.0432338912688062,1.0388375325161399,1.035223075211432,1.0693539084471717,1.073449540653061
bb_upper_2_30 <= High_sft_2,0.035583258,98878,7734,91144,16.45,93.93773106618028,-61.4828758700969,47a9751fea8d725fb5374946cd8b96bffe57ef928945364f4fe01eefa8efaa0d,28,0.008535020053386688,28.26,1.011357131551956,1.011357131551956,1.0669986201205737,1.1027465274903947,1.121170768977173,1.1523839727493563,1.19523180680792,1.2383781012969142,1.241573451215525,1.2392422415222553,1.2293706773853756,1.2131471659162008,1.2493268055007154,1.2568530903820287,1.2500099359392283
atr_5 >= atr_14,0.035165835,98878,36052,62826,13.95,-2193.1898838797424,-611.294857368368,532171b4b026df3b7d23c8264137467a8cc80a53ca41565a8c760a4fc7c55907,30,0.023098666220903397,28.81,0.9360610075969379,0.9360610075969379,1.0094462655074126,1.0511996375570964,1.0834314197275368,1.1144642206578446,1.141660404043853,1.1643111126269619,1.176645143806248,1.189593445872524,1.2040676538642439,1.2170002914696232,1.2392997211936696,1.2521068021833652,1.2689478339501306
willr_5 <= -5,0.035056986,98878,88047,10831,12.82,-10036.347657176248,-1669.82836117439,c087f74a8ef9fdefe2bfbfe4c42e7c177e68996d73089fae9a8de15f5638210d,30,0.016440976411104202,27.7,0.8645485558505446,0.8645485558505446,0.9177963648621114,0.9541647759682238,0.9770860672954856,1.00026568938848,1.019092294481699,1.0337109216778468,1.0436866986839235,1.057055753424299,1.0723198164751453,1.086564092548466,1.1013869468729196,1.1105727810735624,1.1203943496469837
adx_30 >= 17,0.035028774,98878,52187,46691,13.51,-5797.841352272837,-968.3509021330028,4118d96628e9d7109ca1b25b71d8f7665de5864ad974c7631ea4a76d380fc96f,30,0.003918425180017948,27.61,0.8761346684790212,0.8761346684790212,0.9332551954360123,0.9721805292832458,1.00356865507612,1.0301870414660093,1.056740217176542,1.076850706472587,1.0936350491839675,1.1132926576987647,1.129633563491829,1.1431686666816079,1.1580159359242979,1.1709899120701925,1.184509257299317
bb_upper_2_30 <= Close_sft_1,0.034989126,98878,4536,94342,17.68,588.3811592891434,-6.143437058803104,4aa098b95dabd7168bbfce38d1fe5bd4350fa2d5da10de71df5da0c41bf16fa2,30,0.013768418692052364,30.25,1.114754494979907,1.114754494979907,1.2102189686961253,1.3236884872370047,1.3525066387033342,1.3881165123838908,1.4242539445148144,1.413133538982466,1.4111290820511182,1.4156672224727351,1.4566637748598923,1.483626326384116,1.5134743670742132,1.5895369510963255,1.6143014506784803
atr_30 <= atr_10_sft_3,0.03479006,98878,34179,64699,14.0,-2873.57939820198,-554.1123996316019,6c56a6e37fe7066fac040219b9e7cfe2398571a456467cde7a8327153ebc94da,30,0.0033166224602609873,27.65,0.9097936197667977,0.9097936197667977,0.9723987078338765,1.013846650043615,1.0428298910796363,1.064462986402562,1.090655713989283,1.1092204960937555,1.1261014320998712,1.1456080184377622,1.1665799042788443,1.1835457145266903,1.2021028033269305,1.2192973500682456,1.2414908340424542
atr_5 >= atr_14_sft_1,0.034639142,98878,36007,62871,13.93,-2284.2140177148467,-617.1132562815692,532171b4b026df3b7d23c8264137467a8cc80a53ca41565a8c760a4fc7c55907,30,0.0232155229896307,28.81,0.9331061390823898,0.9331061390823898,1.0103678794631732,1.0505176887942418,1.0795138580699155,1.1120201003233652,1.139105906025896,1.1642393233836694,1.1792466485521373,1.1929199425189485,1.2101506624417642,1.2223072387755682,1.241910565380424,1.256991200699813,1.2747280451871672
atr_10 >= atr_14_sft_3,0.03455938,98878,35209,63669,13.95,-1968.1290741048433,-579.0948222811639,532171b4b026df3b7d23c8264137467a8cc80a53ca41565a8c760a4fc7c55907,30,0.02058486081659794,28.68,0.9408030691571418,0.9408030691571418,1.0057941310062377,1.0495493558631144,1.0868023297401734,1.120753556533747,1.1507989488327983,1.174467782737115,1.1890983483519213,1.2029049878108335,1.2141493385144446,1.2266396033374307,1.242883863075332,1.2590899643340152,1.2760114851591124
day_of_week == 1,0.034069277,98878,21559,77319,14.55,-1554.3523200696882,-386.4367610640984,e83616e801fe2d16117c32218825ce75a39e7489ef55bd1f9d60b0ee5f6554c8,30,0.011754083447158337,28.44,0.9294286035015518,0.9294286035015518,0.9792037201418663,1.0110624624993294,1.0345970652845622,1.0594261509777188,1.0846922743944531,1.1016503144469985,1.1145531155942912,1.127945708746299,1.1413495833819916,1.156700236746535,1.1727661314203157,1.186024297937384,1.2015990821208187
willr_5 <= -6,0.03404299,98878,87389,11489,12.83,-9846.81292297661,-1653.621011186573,c087f74a8ef9fdefe2bfbfe4c42e7c177e68996d73089fae9a8de15f5638210d,30,0.014438132755458355,27.68,0.8657222513505983,0.8657222513505983,0.9190221240237318,0.9560603183435412,0.9774333477579107,0.9995693936694573,1.0183074021479095,1.0325562494925131,1.0423722102830086,1.055877643491249,1.071462134939571,1.08477518373707,1.0994697948311458,1.1082994383141695,1.1185044756320897
atr_5 >= atr_14_sft_2,0.033259362,98878,35855,63023,13.87,-2226.400135577198,-613.5810990296523,532171b4b026df3b7d23c8264137467a8cc80a53ca41565a8c760a4fc7c55907,30,0.022798949852585793,28.79,0.9342960098566145,0.9342960098566145,1.0045649430507702,1.0446644532916771,1.0792983788073378,1.1109196332581037,1.1398752827621117,1.1676557636430887,1.1802100397152289,1.1932742790727766,1.2053200568078102,1.2191340492010263,1.2413747307393195,1.2528522690233284,1.269039973530494
bb_upper_2_20 <= High,0.033078633,98878,12326,86552,15.31,-491.0564083516656,-160.05813347009098,47a9751fea8d725fb5374946cd8b96bffe57ef928945364f4fe01eefa8efaa0d,30,0.007144851144403219,28.29,0.963377442919078,0.963377442919078,1.0357406338400612,1.0963260045129852,1.161672851826464,1.1953114906768665,1.2336064896686687,1.2477702542389477,1.2776499506993204,1.2696103138527992,1.2698062127407947,1.2827092714311124,1.2773203145413738,1.306615997104345,1.3346534937083572
atr_30 <= atr_5_sft_3,0.03293167,98878,33489,65389,13.94,-2278.2477724968194,-519.7371267183044,6c56a6e37fe7066fac040219b9e7cfe2398571a456467cde7a8327153ebc94da,30,0.011826879344880581,28.18,0.9268516067797393,0.9268516067797393,0.9972774275398847,1.0437779955024336,1.076807291439526,1.1051414964850235,1.1228186876622732,1.1461329563712641,1.1623094955222202,1.1794382453940868,1.1951191643746082,1.2154637745752244,1.2347224072190617,1.2474994534023793,1.2671629125929424
atr_30 >= atr_30_sft_2,0.03286264,98878,33599,65279,13.93,-1900.501499309642,-526.2742133193096,532171b4b026df3b7d23c8264137467a8cc80a53ca41565a8c760a4fc7c55907,30,0.020086510106921196,28.69,0.9390766168187139,0.9390766168187139,1.018466036864442,1.0634984228551179,1.1116415230621082,1.1458576879528701,1.1835804987528085,1.2097729893206468,1.2325111555708577,1.2502880558259315,1.2664285260305725,1.2808370865887408,1.294351583941105,1.3086745708869818,1.328345815178675
willr_5 <= -7,0.032561302,98878,86757,12121,12.82,-9781.173777413835,-1642.0482781784667,c087f74a8ef9fdefe2bfbfe4c42e7c177e68996d73089fae9a8de15f5638210d,30,0.013793479651212692,27.68,0.8654975917677551,0.8654975917677551,0.9186307080666181,0.9551677951685793,0.9762435695532912,0.9974106059649153,1.015612704842545,1.0299429204263222,1.0396317907743642,1.0537774950459535,1.0697186157335856,1.0822952289013317,1.0976833626467846,1.1064708690193696,1.116387601582806
bb_upper_2_30 <= High_sft_3,0.03229696,98878,6261,92617,16.51,-123.58778153674211,-66.66031138235121,47a9751fea8d725fb5374946cd8b96bffe57ef928945364f4fe01eefa8efaa0d,26,0.010733868926763535,28.14,0.9820125655788305,0.9820125655788305,1.0275564784866675,1.0722682721906456,1.0907499553870552,1.109791627928148,1.1529640959624128,1.1793152604014192,1.1891400410523558,1.2050044497272903,1.1794229301969514,1.1690524329520546,1.2121580067634308,1.190508961117456,1.192743161934082
adx_20 >= 19,0.032281257,98878,57036,41842,13.33,-6457.916526103026,-1052.0475845306937,4118d96628e9d7109ca1b25b71d8f7665de5864ad974c7631ea4a76d380fc96f,30,0.00039028358878567815,27.46,0.8712074826115429,0.8712074826115429,0.9243664214902102,0.9620065029521694,0.9942991901371823,1.019533908278497,1.0437516368928594,1.065087568399601,1.0833807010073533,1.0984475615814095,1.1147677114665615,1.1288517298981584,1.1442226761741536,1.1570486140881224,1.1705318421344375
stdev_5 >= stdev_30,0.032172102,98878,5746,93132,16.69,-406.0502572303376,-115.7747427917202,a092dbfa6dbefd1d342d1a211503f33f5c7745cd5359e4d4115f2b75459bc7b9,20,0.016612788662314415,27.11,0.9366564338666432,0.9366564338666432,0.9363731312601323,0.9911899473838812,1.047148675330562,1.046897101741793,1.0324792745501241,1.0441730506179627,1.0575498465769515,1.0583569078851416,1.0389411917898876,1.0099551382062106,1.0002201207670003,1.0331174921430735,1.0346144999484175
bb_upper_2_30 <= Open,0.03216739,98878,4701,94177,17.17,581.3270754822152,-16.784487127210017,926691cbd8cade1029587b334e9daae7d676cb1322f1d1f24f6c1916eb787dc4,28,0.012893905863165855,29.53,1.1118350060966085,1.1118350060966085,1.2162119535354132,1.3502892143352694,1.3677253511312097,1.4046911439310097,1.4510005942662818,1.4350285050407938,1.4422649130004763,1.4494869185031454,1.4749881823027882,1.5006507452353262,1.5124055688934053,1.578778101262969,1.5773524516416757
stdev_10 >= stdev_30_sft_3,0.032134634,98878,15129,83749,14.91,-682.6681474188517,-280.8493387308772,a092dbfa6dbefd1d342d1a211503f33f5c7745cd5359e4d4115f2b75459bc7b9,30,0.01560415979474783,29.08,0.9546204278679246,0.9546204278679246,1.0288201218697781,1.0829068122865961,1.1022627182143456,1.1092255476791417,1.1194597213792052,1.1168930118684006,1.1075240498250385,1.094666014847413,1.0998359133552393,1.118916491040754,1.1340367063379748,1.1599744223130175,1.1707865059692197
atr_5 >= atr_14_sft_3,0.03194301,98878,36033,62845,13.81,-2152.9224878777823,-605.69089645848,532171b4b026df3b7d23c8264137467a8cc80a53ca41565a8c760a4fc7c55907,30,0.021934056654572487,28.74,0.936267392253451,0.936267392253451,1.0055604630725241,1.048126029318837,1.0834273618958328,1.1180623828919516,1.1496706244311703,1.1743340234577815,1.1882898892869251,1.1997657998434121,1.2117022001626616,1.2268765313056171,1.249358723985142,1.2615714943079142,1.276801393981872
plus_di_30 >= 20,0.031507798,98878,65526,33352,13.16,-7324.042345957051,-1127.9395244431216,4f583626fd6f59b1b2e0825c720b1d1aad3858951a5b50964ea86a5c13485b5d,30,0.029262123629450798,28.38,0.8720754614890389,0.8720754614890389,0.9326056711045121,0.9766863910416793,1.013231604315342,1.0464143572594795,1.0778806120967588,1.1057255036298503,1.1281432486037177,1.1498063846165767,1.1660940667224582,1.182757037318532,1.201049825288912,1.216097483446922,1.2309379403215521
willr_5 <= -8,0.03148121,98878,86033,12845,12.82,-9550.33866028865,-1623.7169221268487,c087f74a8ef9fdefe2bfbfe4c42e7c177e68996d73089fae9a8de15f5638210d,30,0.014648687094449997,27.7,0.8671307358196128,0.8671307358196128,0.918393574362816,0.9553482276093707,0.9756675921305631,0.9963943442466131,1.0149409218230632,1.0301156979605335,1.0398123860326554,1.0537743098627446,1.0699294583968093,1.0822638320873939,1.0975718924884423,1.1068273488419742,1.1162599101776625
bb_upper_2_30 <= Close,0.03147832,98878,6510,92368,16.33,-214.52191274015058,-72.53964492393425,4aa098b95dabd7168bbfce38d1fe5bd4350fa2d5da10de71df5da0c41bf16fa2,30,0.013281707651913166,29.68,0.9741461055045488,0.9741461055045488,1.09129624275919,1.1720067845249358,1.2512059075152433,1.2835507714759926,1.3248213346257127,1.3524537421178682,1.3542613442027263,1.3684180823840093,1.3974609819258947,1.4384523092562813,1.4603120515763914,1.5278275692627532,1.5717501136286156
plus_di_30 >= 21,0.03130069,98878,60061,38817,13.25,-6384.30520755949,-999.8932175576847,4f583626fd6f59b1b2e0825c720b1d1aad3858951a5b50964ea86a5c13485b5d,30,0.024844162166118622,28.34,0.879670077442236,0.879670077442236,0.9449914929513782,0.9934374144859079,1.0309391839410242,1.0626927692470174,1.0954765740354082,1.1247439540886348,1.150486804738798,1.1715677375445752,1.190566825126601,1.2064764539359083,1.2263869007972612,1.2423760144420355,1.2573897785842767
atr_5 >= atr_10_sft_1,0.030969592,98878,36941,61937,13.74,-2206.0312370147303,-612.7697466908648,532171b4b026df3b7d23c8264137467a8cc80a53ca41565a8c760a4fc7c55907,30,0.01881328411400318,28.53,0.935497732664109,0.935497732664109,1.0051943761986324,1.0544880567199835,1.0816033743862161,1.109030046215711,1.138522890913473,1.1585041232422546,1.1730630990995552,1.1870413876027925,1.1955659139363919,1.2122844784040732,1.2318515905900176,1.241422090986245,1.255585333761654
atr_20 <= atr_14_sft_1,0.030820517,98878,37275,61603,13.73,-3224.8494681489683,-612.0882960913223,6c56a6e37fe7066fac040219b9e7cfe2398571a456467cde7a8327153ebc94da,30,0.0015386471059173346,27.53,0.905182124039269,0.905182124039269,0.9625385066862606,1.0051363501560449,1.0362159997180291,1.0583400872397462,1.0823887986078011,1.1021403915560428,1.1192201642518536,1.1376366725601625,1.1530513873980053,1.1689354199467845,1.1914246715614834,1.2100085134216194,1.22743658402821
plus_di_30 >= 22,0.03062351,98878,54389,44489,13.33,-5675.5631054231635,-886.0104414527741,4f583626fd6f59b1b2e0825c720b1d1aad3858951a5b50964ea86a5c13485b5d,30,0.020317254588007927,28.26,0.8836829940513293,0.8836829940513293,0.9546559067176302,1.0073283055533404,1.0465205447964758,1.0833405330986972,1.1167898775185652,1.1452706198956806,1.1736212087560616,1.1971898693829077,1.2168330472295772,1.2328824419909385,1.251213322138747,1.2694146708138587,1.2849964071945672
stdev_14 >= stdev_30_sft_3,0.030322198,98878,20899,77979,14.35,-1189.8354099564604,-368.5966773027976,a092dbfa6dbefd1d342d1a211503f33f5c7745cd5359e4d4115f2b75459bc7b9,30,0.009896812029182911,28.3,0.9397163713887641,0.9397163713887641,1.006935494940043,1.0537907057719549,1.0890747770833948,1.0968984875439338,1.112225767995907,1.122444053142442,1.112122675841701,1.1071105256029166,1.128316721601318,1.1389322408671712,1.1598592585219805,1.1723264822666908,1.178479025117191
adx_30 >= 16,0.030152716,98878,56965,41913,13.27,-6904.577344232639,-1076.4662848460284,4118d96628e9d7109ca1b25b71d8f7665de5864ad974c7631ea4a76d380fc96f,30,-0.0011009231675416231,27.4,0.8632364952383389,0.8632364952383389,0.9189200164460752,0.9545146500928947,0.9844936687015456,1.0112472606504719,1.0361613578934892,1.0566811432680734,1.0751483561544206,1.0932861335032191,1.1082803039783449,1.1226833961891582,1.1383563171391393,1.1514746588417506,1.1643658211879178
plus_di_30 >= 23,0.030125145,98878,48846,50032,13.42,-4720.287659362642,-765.6610264887349,4f583626fd6f59b1b2e0825c720b1d1aad3858951a5b50964ea86a5c13485b5d,30,0.020591579377651215,28.37,0.8937026850331685,0.8937026850331685,0.9680003714362925,1.0236639098510194,1.0677225023323194,1.1118181711706545,1.1467693572035418,1.1790944683211382,1.2093877462060876,1.2383877434441808,1.2584468019974444,1.2791022720912828,1.2955692391697564,1.3171203050307911,1.3354096079109432
atr_20 <= atr_5_sft_2,0.03011353,98878,35346,63532,13.75,-2447.948813808369,-579.3443891183997,6c56a6e37fe7066fac040219b9e7cfe2398571a456467cde7a8327153ebc94da,30,0.015384068712592125,28.37,0.9248633115755657,0.9248633115755657,0.9844088155445694,1.0307812243495131,1.0626171700271694,1.0937959642179556,1.1179029191931138,1.1348114366564268,1.1534710924963725,1.167972463081485,1.1848219756334937,1.2016277388993437,1.2186884127455806,1.2314484618495911,1.245705109457437
atr_5 >= atr_10,0.03000853,98878,37250,61628,13.69,-2225.4548696057827,-634.6241621408408,532171b4b026df3b7d23c8264137467a8cc80a53ca41565a8c760a4fc7c55907,30,0.021831268444657326,28.7,0.9361004300503782,0.9361004300503782,1.0054202276834132,1.0603114651506036,1.0921081362257505,1.1190437363970833,1.1461554841393706,1.1656268007518429,1.1760218568439005,1.1884559788725138,1.1997191069302595,1.2168839410627732,1.239131288896596,1.2503872101656146,1.2626561681010333
bb_upper_2_30 <= Close_sft_2,0.029969506,98878,2946,95932,18.06,424.8632654245448,0.4343976033123913,4aa098b95dabd7168bbfce38d1fe5bd4350fa2d5da10de71df5da0c41bf16fa2,30,0.010993719100952148,30.24,1.1384315361043469,1.1384315361043469,1.1819534805840635,1.2240735518390202,1.2317747723795394,1.296509485967378,1.3099664325361118,1.3072934573590116,1.34761477383337,1.3385139238407142,1.3740798198738684,1.3623681805017507,1.4479819909536993,1.4746456117232658,1.4811541578657983
willr_5 <= -9,0.029641297,98878,85313,13565,12.81,-9356.013423195389,-1610.244691753207,c087f74a8ef9fdefe2bfbfe4c42e7c177e68996d73089fae9a8de15f5638210d,30,0.01514487061649561,27.71,0.8683256683432246,0.8683256683432246,0.9194342955556732,0.9567029748252672,0.9757374674042434,0.9956426379396478,1.0139485162538349,1.0283993968725083,1.038216322316761,1.053674874994558,1.070787185505264,1.083355669709876,1.098372940954617,1.1076957168184336,1.1171148239681425
day_of_month == 3,0.029472392,98878,2226,96652,18.82,-257.7203062736662,-50.159605629203725,737d6d1d85a27bd24d6381c6a37443495c3b9dd7a7d69f2f067c86100940a56f,30,0.003525533713400364,28.48,0.9059445338700531,0.9059445338700531,0.9605925782458407,1.0016494167564438,1.031595317286451,1.056229625531338,1.070990530345074,1.0789445770851862,1.0793335121903347,1.081023779126649,1.0842889608605675,1.0890270175577765,1.0926418178116026,1.099988481148852,1.1081903203468395
adx_20 >= 18,0.029333081,98878,61565,37313,13.17,-7107.3233477598815,-1148.5726688667419,4118d96628e9d7109ca1b25b71d8f7665de5864ad974c7631ea4a76d380fc96f,30,0.0024092518724501133,27.53,0.8672765157378642,0.8672765157378642,0.9184131984010451,0.957017956813796,0.9875050282430266,1.0140151610889607,1.0395196309044274,1.0614447160303535,1.0790870381195214,1.0961958988047529,1.1118769873103398,1.1272661496144394,1.1432179157293858,1.15515617552127,1.1676241897512107
adx_14 >= 23,0.029248534,98878,54497,44381,13.29,-6294.067430389926,-999.0046582016075,4118d96628e9d7109ca1b25b71d8f7665de5864ad974c7631ea4a76d380fc96f,30,-0.0002125496685039252,27.44,0.867801250963095,0.867801250963095,0.9186224119140753,0.953858616128909,0.9800142334529817,1.0012865075039805,1.0144900522530529,1.0276738260723428,1.0408668716200078,1.0536742391666984,1.0695026491561122,1.0851637639319642,1.102211966594561,1.1166179293328293,1.1318855262262142
atr_14 <= atr_5_sft_1,0.029140703,98878,36853,62025,13.67,-1965.3829494472593,-596.3151530222167,6c56a6e37fe7066fac040219b9e7cfe2398571a456467cde7a8327153ebc94da,30,0.020610587671399117,28.64,0.9414428103768169,0.9414428103768169,1.0000800064656092,1.046974893737714,1.0763085620124422,1.1051486118852112,1.1270171726127285,1.1453692500355481,1.156257161191381,1.1689364063034664,1.1854529743921856,1.2041839745981788,1.2164698283982884,1.2390254419404474,1.249177220948986
bb_upper_2_20 <= High_sft_1,0.029107714,98878,9322,89556,15.39,-529.2515973355185,-126.03056594619557,47a9751fea8d725fb5374946cd8b96bffe57ef928945364f4fe01eefa8efaa0d,28,0.006579612847417593,27.87,0.9470005224478804,0.9470005224478804,1.0164107265843023,1.0700680925468642,1.1089496239375054,1.1404392232072835,1.1737126899902073,1.1960509032481932,1.2013063903320649,1.2036295571476354,1.200992154691741,1.1969129785764856,1.1968322623891539,1.2377763127189827,1.2359076745690134
stdev_10 >= stdev_30_sft_2,0.02890235,98878,14350,84528,14.73,-865.5246697610128,-277.05727146780555,a092dbfa6dbefd1d342d1a211503f33f5c7745cd5359e4d4115f2b75459bc7b9,30,0.013747275806963444,28.93,0.9394340924183592,0.9394340924183592,1.0144506789997243,1.0694165270161677,1.0907522143111112,1.1086614301071713,1.1188586709071673,1.11938776353385,1.1083227059521905,1.0941519130719306,1.0935775033150708,1.1112912423897072,1.1298840941669053,1.1515605465824406,1.1666614627211451
plus_di_30 >= 24,0.02886527,98878,43650,55228,13.49,-3634.460976710703,-652.776655653397,4f583626fd6f59b1b2e0825c720b1d1aad3858951a5b50964ea86a5c13485b5d,30,0.02242325060069561,28.57,0.9092285880636475,0.9092285880636475,0.9869919942643103,1.044136782036043,1.0899971507187514,1.1369779354490785,1.1797265152865963,1.216961495492584,1.2501207369256346,1.280384943452587,1.3105470753399537,1.3333938073575682,1.3545560126092073,1.3740844120229403,1.3921934157198952
atr_20 >= atr_20_sft_3,0.028705008,98878,35228,63650,13.69,-2336.0746596228273,-597.2425434641918,532171b4b026df3b7d23c8264137467a8cc80a53ca41565a8c760a4fc7c55907,30,0.015555723570287228,28.38,0.9279928871306181,0.9279928871306181,0.9921267897716843,1.0378409928569263,1.0824522438549404,1.1151984003398425,1.1511821364468118,1.1723310896508345,1.1879011601576748,1.2025566929323728,1.2152924141535466,1.2315771516960081,1.245982120293955,1.2592075443297375,1.275384935894014
aarou_5 <= 20,0.028682476,98878,35341,63537,13.69,-3938.780670486085,-700.2533208444802,da60be741621a42d93721696dcc6252cb06464cd161c4da151f0e18e03138794,30,0.02405651845037937,28.88,0.8670990665872995,0.8670990665872995,0.9321639669373426,0.9433768877170214,0.9511349654250498,0.967339947259618,0.9871214547649358,1.011146813137467,1.024934652838072,1.0380609477665728,1.0606912824427286,1.0751318360258117,1.092728254051671,1.1059051447680768,1.1152565519615012
plus_di_30 >= 19,0.028599523,98878,70886,27992,13.01,-8489.476933577367,-1252.5488724427778,4f583626fd6f59b1b2e0825c720b1d1aad3858951a5b50964ea86a5c13485b5d,30,0.03196503221988678,28.34,0.8615766458516637,0.8615766458516637,0.9204905945766106,0.9629466759234654,1.0006118275761424,1.0322461733577735,1.0621241532164738,1.0872468894894782,1.110493835097473,1.1303062198892355,1.1489438613028518,1.1655140742816485,1.1817820136432649,1.1964110747701708,1.2091675013815917
atr_20 <= atr_10_sft_2,0.028534448,98878,36739,62139,13.64,-3174.4167523166834,-607.0932862140471,6c56a6e37fe7066fac040219b9e7cfe2398571a456467cde7a8327153ebc94da,30,0.003611687570810318,27.65,0.9047484919176683,0.9047484919176683,0.9520639001636051,0.9958593315026504,1.024584940479862,1.054024562379409,1.0792274687406638,1.1019070837544378,1.1177054509310924,1.1350591544854942,1.1535592227114664,1.1693066941320573,1.188573721285358,1.2042200474767704,1.2197114640143856
willr_5 <= -10,0.028527657,98878,84662,14216,12.8,-9137.930523774867,-1590.6578213271496,c087f74a8ef9fdefe2bfbfe4c42e7c177e68996d73089fae9a8de15f5638210d,30,0.01502306293696165,27.72,0.8701842035772924,0.8701842035772924,0.920333336018819,0.9583831993258557,0.9771765701098947,0.996261279877437,1.014686003249603,1.0292032697938824,1.0392850764763937,1.0552454853461,1.0715002897161054,1.0840040417687224,1.099566001175679,1.1087349975690606,1.1181971257892824
adx_14 >= 24,0.028493952,98878,50954,47924,13.33,-5870.451007007269,-933.1856481711075,4118d96628e9d7109ca1b25b71d8f7665de5864ad974c7631ea4a76d380fc96f,30,3.212221781723201e-05,27.45,0.8693885477393529,0.8693885477393529,0.918838348262955,0.9538642193536638,0.9827513174528961,1.0038608898888932,1.0185020833978373,1.0307828492879252,1.0418376867438741,1.054504224533736,1.072054495238877,1.0878952571868068,1.1053839104407421,1.1192569185243761,1.1349938366692438
adx_20 >= adx_14_sft_3,0.02839894,98878,16392,82486,14.52,-2104.8854655011673,-355.87724317946413,fd7b69234972b511c2e03a174ce4b77d38140d5e70cabc298bd88fa9bb05adbf,30,0.012629159726202488,28.71,0.871243735165383,0.871243735165383,0.9315571335994979,0.9918595032486306,1.0320293930041262,1.0500243105689657,1.0539361000818463,1.0512856507896389,1.0626574807132103,1.0760884327086349,1.0887274885697296,1.10251349664957,1.1147961891386575,1.1286595733508307,1.1441100295121214
atr_20 >= atr_20_sft_2,0.027950637,98878,35053,63825,13.66,-2196.982841738646,-560.7999696247643,532171b4b026df3b7d23c8264137467a8cc80a53ca41565a8c760a4fc7c55907,30,0.018701447173953056,28.57,0.931393295139498,0.931393295139498,1.0026139357171124,1.050189188752853,1.0933177027896446,1.1216175870397564,1.1562746788908795,1.1850945623528626,1.2055070059739692,1.224048893739716,1.2428048788466342,1.25430313616039,1.2679219726574344,1.2833125486534227,1.2962999660562997
adx_14 >= 22,0.027880527,98878,58242,40636,13.19,-6716.762054737596,-1072.259106972866,4118d96628e9d7109ca1b25b71d8f7665de5864ad974c7631ea4a76d380fc96f,30,0.00025437583099119365,27.45,0.8673067999650952,0.8673067999650952,0.9176258975877267,0.9520819574611629,0.9783255482449095,0.9983462636257204,1.0176746948323563,1.0363653830770214,1.049361788883164,1.062116280218956,1.0764648406787425,1.0930970904222324,1.11108514887931,1.1271385724251868,1.1424007828718137
atr_30 <= atr_14_sft_3,0.027788926,98878,35128,63750,13.65,-3490.6032699994953,-603.8582808648353,6c56a6e37fe7066fac040219b9e7cfe2398571a456467cde7a8327153ebc94da,30,-0.007001757156103849,27.02,0.8910427654788069,0.8910427654788069,0.9427646451859473,0.9798302119737158,1.003200275444485,1.0286450871283133,1.055469998493964,1.0790711581412449,1.0997323372664687,1.121944243735917,1.1435621483268699,1.1636237451867006,1.1852152693385678,1.2041479683746255,1.2210403314986575
bb_upper_2_20 >= bb_upper_2_30_sft_2,0.0277163,98878,37655,61223,13.58,-3293.139219671917,-650.8098434256899,2b12f1a24b5e2be255bd7327d40ce3105a7cd48cdc1cc2d1ac037ab6015a19a3,30,0.0024088232312351465,27.58,0.903154405277234,0.903154405277234,0.9649605284137279,1.0148863141598325,1.0526103970351994,1.069406700674777,1.093049113681196,1.1072988395732912,1.1162196585738042,1.1122422329774102,1.1177925725214168,1.1204214681495235,1.1315914559327098,1.1527597648864079,1.1717311108487642
bb_upper_2_20 >= bb_upper_2_30,0.027587142,98878,36241,62637,13.61,-3123.9912601623873,-621.2498092518872,2b12f1a24b5e2be255bd7327d40ce3105a7cd48cdc1cc2d1ac037ab6015a19a3,30,0.00294823432341218,27.62,0.9041072535161676,0.9041072535161676,0.9661519545271339,1.0027451217943897,1.0268232352308848,1.042901433928778,1.0679596276616383,1.0884516353078524,1.0989259861558724,1.1132913605290953,1.1221477518330154,1.1312264658885074,1.1398776882318882,1.15712370081389,1.1763622783714744
willr_5 <= -11,0.027459113,98878,83796,15082,12.8,-9000.70877384677,-1570.0769492518157,c087f74a8ef9fdefe2bfbfe4c42e7c177e68996d73089fae9a8de15f5638210d,30,0.014639956876635551,27.72,0.8707031462688294,0.8707031462688294,0.9219660338932297,0.9596753497712117,0.9773510251396139,0.9943597024051373,1.0131096522099192,1.0270308987379488,1.0371405442756032,1.051708294753893,1.0682096029693229,1.0803522593728412,1.0969669408506175,1.1068847297056752,1.1168976205341135
bb_upper_2_20 >= bb_upper_2_30_sft_3,0.027426135,98878,37723,61155,13.57,-3370.053740318188,-648.847516014881,2b12f1a24b5e2be255bd7327d40ce3105a7cd48cdc1cc2d1ac037ab6015a19a3,30,0.0031236144714057446,27.62,0.9014289695369603,0.9014289695369603,0.9682210813514225,1.0164388927009813,1.055963699176003,1.0723458899350824,1.0950756026412387,1.1101621826173078,1.1183217908719842,1.118708706670646,1.1204446475819687,1.121670881666221,1.135476921538618,1.1551467240344178,1.1745718517701311
aarou_5 <= aarou_30,0.027177997,98878,57763,41115,13.17,-5801.935726351556,-978.3378725573202,11ecda3140789fc7bb03c4e9ce6db1e36d26d05f5895e9047d4b04d8e05db454,30,0.011633263900876045,27.88,0.8823408977088575,0.8823408977088575,0.9437978112425293,0.9875391802004947,1.0095589980569426,1.027789950241319,1.044148660650723,1.0581824018789505,1.0690254098121943,1.0796168120385297,1.0957440871995014,1.1096291727905567,1.1226465113930038,1.1369931674148144,1.155364441852769
adx_30 >= adx_20_sft_3,0.02711264,98878,18217,80661,14.3,-2958.0650492648847,-462.1691719566443,fd7b69234972b511c2e03a174ce4b77d38140d5e70cabc298bd88fa9bb05adbf,30,0.007503843866288662,28.15,0.8363533152747364,0.8363533152747364,0.8892328724016597,0.9321500802245546,0.9571190378363015,0.9789849876699288,1.0022217996229805,1.0210383480071556,1.031517627589149,1.0310428677213883,1.0358112709337892,1.034957253985257,1.0289846742322206,1.0302549283126299,1.038826397045017
stdev_14 >= stdev_30_sft_2,0.027036805,98878,20162,78716,14.18,-1448.4464412706147,-381.47165633385885,a092dbfa6dbefd1d342d1a211503f33f5c7745cd5359e4d4115f2b75459bc7b9,30,0.009256413206458092,28.26,0.9241633008659422,0.9241633008659422,0.9908320761663905,1.0395242554771695,1.0754217145926264,1.0867361417063979,1.101668699173506,1.1162104836242894,1.1122742395528127,1.113095733554667,1.127189335284989,1.137813360812083,1.154681118869349,1.165749440785223,1.1732915485208637
willr_5 <= -13,0.026992587,98878,81878,17000,12.82,-8518.60188046411,-1522.919732359078,c087f74a8ef9fdefe2bfbfe4c42e7c177e68996d73089fae9a8de15f5638210d,30,0.014153821393847466,27.73,0.8745633390924362,0.8745633390924362,0.9251059629294642,0.962864276242403,0.9807377314666149,0.9977089832062492,1.0165253966348184,1.0302495254732131,1.0414044515934102,1.0557442661841714,1.0737599204215067,1.0861051441716036,1.102685966129773,1.112911444884386,1.1228934190660143
bb_upper_2_10 >= bb_upper_2_30_sft_3,0.026911879,98878,27568,71310,13.85,-1810.1897116082546,-418.15992805353017,2b12f1a24b5e2be255bd7327d40ce3105a7cd48cdc1cc2d1ac037ab6015a19a3,30,0.011421656236052513,28.26,0.9302144770379233,0.9302144770379233,1.011621957701785,1.0823110364535604,1.123673251594032,1.1476643653981815,1.1786409032956255,1.1997031821387143,1.2089897457533074,1.2092311897205605,1.2211369797359564,1.2335337439445093,1.2570975173379046,1.2788490635287146,1.2978346029125083
rsi_20 <= rsi_30_sft_2,0.026888052,98878,51464,47414,13.27,-5157.219759370546,-969.0260381159678,f60792ba6ac5baece5de7ac90117c85055d233a86016db65a9b1851d8a518ee9,30,0.013098952360451221,28.01,0.8753852445000518,0.8753852445000518,0.91338283961093,0.9422408786243789,0.9587827049162445,0.9699924222376991,0.9866588905034602,0.999371993027742,1.0104181444845057,1.0345113516111821,1.052412552123007,1.066113744180593,1.0863459735532608,1.095597500681848,1.1039793631846972
stdev_5 >= stdev_20_sft_3,0.026863761,98878,12199,86679,14.78,-1018.6467442496796,-244.59878287444735,a092dbfa6dbefd1d342d1a211503f33f5c7745cd5359e4d4115f2b75459bc7b9,30,0.015023041516542435,29.23,0.9166183671924273,0.9166183671924273,0.9673336068968685,1.0220069584636744,1.0726206536651384,1.0915860647930113,1.1055289155520174,1.131255935268849,1.1532581789306724,1.1454217945655036,1.1549104635303051,1.1479414556425094,1.1515550933436483,1.1796912421183587,1.207320328808158
bb_upper_2_20 >= bb_upper_2_30_sft_1,0.026841303,98878,37282,61596,13.56,-3298.605712686527,-636.1955915043145,2b12f1a24b5e2be255bd7327d40ce3105a7cd48cdc1cc2d1ac037ab6015a19a3,30,0.002991944085806608,27.62,0.901811490093589,0.901811490093589,0.9595726919550908,1.0051149902270824,1.0383261064310478,1.0560090740765484,1.080342899488939,1.0948296890519948,1.1061465367144612,1.111706934371855,1.1194331211154331,1.125186131626779,1.1365147653573213,1.1535051211039078,1.1741533582687602
day_of_week == 2,0.026776338,98878,24141,74737,13.97,-3060.759591325186,-544.4640659907163,e83616e801fe2d16117c32218825ce75a39e7489ef55bd1f9d60b0ee5f6554c8,30,0.03168230876326561,29.93,0.8645727110509013,0.8645727110509013,0.9178449636649034,0.9551596826733724,0.9850555171868445,1.0113205800938252,1.0307299710731943,1.0413701713632237,1.0490239738000366,1.059607269326261,1.0698308490859552,1.0791092091225745,1.0887083307934367,1.096285254262982,1.1043964128105206
willr_5 <= -17,0.026774893,98878,78300,20578,12.87,-8377.846549601749,-1473.8781950492266,c087f74a8ef9fdefe2bfbfe4c42e7c177e68996d73089fae9a8de15f5638210d,30,0.01304246298968792,27.74,0.8703741331641215,0.8703741331641215,0.9193848317557809,0.9556693925647792,0.9739765084383425,0.9914892911091205,1.010769169937756,1.0250038827874914,1.0370629310758819,1.0498444581358495,1.0659511042350278,1.0803678356807394,1.094816201586067,1.1052956423093119,1.1149557213039276
minus_di_20 >= minus_di_30_sft_1,0.02674383,98878,43549,55329,13.41,-6402.207001754439,-918.9926987890285,a7c5a511f18bc4bc65b530c22aedd665cbba6e43036caf921c03925c9eff7340,30,0.021228959783911705,28.51,0.8243343074751253,0.8243343074751253,0.862541718405044,0.8886313836712068,0.9093786365247655,0.931673728620266,0.9468220189941953,0.9635182232260854,0.9830235048144338,1.0134049911729035,1.0326955382700491,1.0549852424354667,1.0743860886479593,1.0882587638655525,1.0974699399487784
adx_14 >= 21,0.026679376,98878,62147,36731,13.09,-7368.279728887775,-1164.3074114354458,4118d96628e9d7109ca1b25b71d8f7665de5864ad974c7631ea4a76d380fc96f,30,0.0006471524829976261,27.47,0.8629789491829328,0.8629789491829328,0.9164388631907452,0.9479725108257854,0.9755497403399236,0.9962525555128784,1.0163600913482584,1.0343057814032437,1.0477983472684496,1.0618116641197428,1.0764612269531901,1.0934508062408597,1.1127621521436013,1.1269949809152284,1.1419292547837454
atr_5 >= atr_10_sft_2,0.026674991,98878,36939,61939,13.56,-2455.309725580977,-634.0218530521961,532171b4b026df3b7d23c8264137467a8cc80a53ca41565a8c760a4fc7c55907,30,0.021322261542081833,28.68,0.9277836680757441,0.9277836680757441,0.9993273468682359,1.05326418452951,1.0896344745701534,1.1140165133141617,1.1460098137130215,1.1659436920445203,1.1865448055860817,1.2013408238660255,1.2151819886110176,1.2322328417424948,1.249450130752517,1.260727053545005,1.2737643068512623
rsi_20 <= rsi_30_sft_1,0.026662324,98878,51526,47352,13.26,-5044.390008488259,-963.8815825950514,f60792ba6ac5baece5de7ac90117c85055d233a86016db65a9b1851d8a518ee9,30,0.010558278299868107,27.9,0.8784627861426232,0.8784627861426232,0.9163059634020945,0.9402140501632227,0.9612848906382282,0.9752396136606917,0.9920198684462502,1.006148553646803,1.0230821949205462,1.0467000391768464,1.0615254714452842,1.07764791984887,1.097532633214229,1.1089736156015506,1.1175004547493745
stdev_10 >= stdev_30_sft_1,0.026628751,98878,13383,85495,14.64,-978.8135933190788,-269.1195932510818,a092dbfa6dbefd1d342d1a211503f33f5c7745cd5359e4d4115f2b75459bc7b9,30,0.01338554173707962,28.95,0.9268603800079551,0.9268603800079551,0.9954977442987065,1.041535564661573,1.072889811102653,1.0904029029371884,1.1127874741520818,1.1095296245714317,1.1076024807526386,1.0915266225736184,1.0797292031714723,1.1006468156722367,1.121677974592728,1.1385282910777885,1.1495695461969564
adx_30 >= 15,0.026439788,98878,61776,37102,13.09,-8139.133355262373,-1196.345419717596,4118d96628e9d7109ca1b25b71d8f7665de5864ad974c7631ea4a76d380fc96f,30,-0.0037625390104949474,27.31,0.8501928816780526,0.8501928816780526,0.9053341956192063,0.9404862477772444,0.9695556855413572,0.9941778160895893,1.0166204136767034,1.0375162712668717,1.0552803642863309,1.072131627934128,1.087677125701859,1.1028364441804062,1.1180625101536517,1.1315141416076864,1.1440584860311394
willr_5 <= -15,0.026428273,98878,80372,18506,12.84,-8340.629037098599,-1498.428990630142,c087f74a8ef9fdefe2bfbfe4c42e7c177e68996d73089fae9a8de15f5638210d,30,0.013420249335467815,27.73,0.8745455939683037,0.8745455939683037,0.9253716286657676,0.9608109150156314,0.9773275673233428,0.9951295531893046,1.0152424284631525,1.0294393868722247,1.0406314844312807,1.0537843375797846,1.0698354501592473,1.0837368737348918,1.0989495886413863,1.1098416233940411,1.1199248645197437
adx_10 >= 24,0.026340991,98878,64188,34690,13.06,-7356.847533800229,-1156.5094604717742,4118d96628e9d7109ca1b25b71d8f7665de5864ad974c7631ea4a76d380fc96f,30,0.0026902081444859505,27.53,0.8669106653224825,0.8669106653224825,0.9246464503948039,0.9644867462461876,0.9858448591723703,1.005015201742787,1.0208223562827732,1.034952429298296,1.0486377397899893,1.0622195441818603,1.0732045174060505,1.0864769469099493,1.1003780393998697,1.1151825040267904,1.130694870177428
bb_upper_2_10 >= bb_upper_2_30_sft_2,0.026206546,98878,26878,72000,13.83,-1756.7650141201011,-396.54029032349354,2b12f1a24b5e2be255bd7327d40ce3105a7cd48cdc1cc2d1ac037ab6015a19a3,30,0.01295698806643486,28.39,0.9307108374080444,0.9307108374080444,1.0079443111115935,1.0795610560961604,1.1238718133957903,1.1500674804195417,1.1799097940525984,1.2045921566331448,1.214863823200982,1.2148223189102725,1.2241775498763205,1.2351922030978448,1.2590606951781895,1.2790518278998848,1.2984420046517708
willr_5 <= -14,0.026177699,98878,81296,17582,12.82,-8573.87947779625,-1517.256786436359,c087f74a8ef9fdefe2bfbfe4c42e7c177e68996d73089fae9a8de15f5638210d,30,0.012765773572027683,27.71,0.8727108813333275,0.8727108813333275,0.9222771887934057,0.9605332492998836,0.9779866074254359,0.9958434284711669,1.0161106852044546,1.0295352299891785,1.0406887937198361,1.0551559944993942,1.07238999117116,1.0850095869546172,1.100756641136771,1.1113188230110236,1.12053917525465
bb_upper_2_10 >= bb_upper_2_30,0.02616311,98878,24873,74005,13.91,-1422.2038866835792,-368.6793400661845,2b12f1a24b5e2be255bd7327d40ce3105a7cd48cdc1cc2d1ac037ab6015a19a3,30,0.013299521058797836,28.47,0.9397633626383791,0.9397633626383791,1.0182627625317275,1.0837383539914036,1.1248892227105893,1.155908577470048,1.1850624234952856,1.2096136918571878,1.2228146261753474,1.2256835180927086,1.2253183300992476,1.2354642416213981,1.2537536927618647,1.2700618244401987,1.2848835549969184
rsi_14 <= rsi_30_sft_1,0.026075978,98878,51482,47396,13.24,-5525.009099397659,-993.0974043641327,f60792ba6ac5baece5de7ac90117c85055d233a86016db65a9b1851d8a518ee9,30,0.011060411110520363,27.92,0.8669685650364976,0.8669685650364976,0.9073752551345206,0.9336298125256404,0.95389231004694,0.9739738412322718,0.9911049626161451,1.0073514035878293,1.0237776676493082,1.0518296149616098,1.0677961191760035,1.0808801802304482,1.0996548532966959,1.1087025043904073,1.1189707254134438
day_of_week == 0,0.026070293,98878,4437,94441,16.38,381.50162624858785,-57.71869991972926,e83616e801fe2d16117c32218825ce75a39e7489ef55bd1f9d60b0ee5f6554c8,30,0.03987783566117287,35.65,1.095165994363019,1.095165994363019,1.2161809694977062,1.3216488579908006,1.4189427535463999,1.507739196587542,1.5911156723053885,1.671253836377493,1.7643030752806776,1.8627930941366986,1.9560435999362322,2.0387956962466185,2.1268984835788287,2.2069143456356946,2.274071132857724
aarou_5 <= aarou_30_sft_1,0.025977844,98878,53938,44940,13.2,-5135.151946466824,-908.9892070434798,11ecda3140789fc7bb03c4e9ce6db1e36d26d05f5895e9047d4b04d8e05db454,30,0.011504463851451874,27.91,0.8867496888708739,0.8867496888708739,0.9423512392746948,0.9829203505846972,1.0024884994468939,1.020338481432114,1.0367225471605848,1.049952525169084,1.0573282074795771,1.0698688575298934,1.0868628926249615,1.1016300846723908,1.1149163333399859,1.1306361162279603,1.1450960549398657
rsi_14 <= rsi_30_sft_2,0.025879683,98878,51419,47459,13.24,-5398.924695686637,-973.6175555718073,f60792ba6ac5baece5de7ac90117c85055d233a86016db65a9b1851d8a518ee9,30,0.012161724269390106,27.97,0.8693651648374402,0.8693651648374402,0.9070398050498902,0.9332927567250998,0.9511565383271616,0.9704563748496374,0.9867781056552843,1.0007955108930942,1.0152954784877666,1.0405990417999362,1.0580383887873377,1.0704674958455187,1.091334040629628,1.1007640247302573,1.1130288598099427
bb_upper_2_10 >= bb_upper_2_30_sft_1,0.02583492,98878,25995,72883,13.84,-1639.2837114341237,-385.6970024213879,2b12f1a24b5e2be255bd7327d40ce3105a7cd48cdc1cc2d1ac037ab6015a19a3,30,0.012237338349223137,28.36,0.9332667661299424,0.9332667661299424,1.0123651727292453,1.077945277544814,1.124519222265772,1.1486602716638823,1.1775520898913605,1.204145618228326,1.2129810814553652,1.2159574522968077,1.2229972564447391,1.233453611395764,1.2541243647672318,1.2693693102040837,1.2861125671336677
atr_5 >= atr_10_sft_3,0.02579553,98878,37302,61576,13.51,-2176.8328526626647,-614.4460841468463,532171b4b026df3b7d23c8264137467a8cc80a53ca41565a8c760a4fc7c55907,30,0.01751078851521015,28.45,0.935928854094687,0.935928854094687,1.0025187898515286,1.0533530280837327,1.0862434089100244,1.112348525194926,1.1446084829331857,1.1642707248973427,1.1806796666898927,1.1916153747320757,1.202523379454607,1.2204864152067136,1.2359092295444936,1.2463703613402901,1.2588058691622706
atr_20 <= atr_5_sft_3,0.02578315,98878,35904,62974,13.54,-2954.7801245537703,-611.7008589609541,6c56a6e37fe7066fac040219b9e7cfe2398571a456467cde7a8327153ebc94da,30,0.010847620666027069,28.09,0.9088559902411648,0.9088559902411648,0.9675044376093661,1.0138679695359267,1.0430359251979104,1.060699957824806,1.0828216468611305,1.106313357058084,1.1253764469536152,1.1409482682100165,1.1593992886363769,1.1755374700082164,1.1944820537047969,1.203099052438131,1.217962518190013
day_of_month >= 3,0.02573036,98878,90965,7913,12.67,-10470.60832719961,-1758.5446995364036,666161afb56bd50fe398018469fe957621e37839d10a56fca5818303205ef700,30,0.0065750363282859325,27.53,0.8645162848418517,0.8645162848418517,0.9202307462430132,0.9576473253894098,0.9842182547761101,1.0075379038394958,1.0280901401959683,1.0431232041148273,1.0564610696287484,1.0706038723608782,1.0829713932857163,1.0950311810538833,1.1070527465370184,1.1175268606529303,1.1288340035700082
willr_5 <= -12,0.025694674,98878,82967,15911,12.79,-8790.481827785774,-1551.4478674335332,c087f74a8ef9fdefe2bfbfe4c42e7c177e68996d73089fae9a8de15f5638210d,30,0.01404810231178999,27.72,0.8722800515422263,0.8722800515422263,0.9230078106642637,0.9612332277615655,0.9790847357549284,0.9948515268035963,1.0145220109776194,1.0286432832226053,1.0394479610858103,1.0544135259090146,1.0717271384306148,1.0841374909657773,1.1010248535743807,1.1113413428819003,1.1214291856285972
minus_di_20 >= minus_di_30,0.0255793,98878,45916,52962,13.32,-7760.213375762105,-998.3617542749853,a7c5a511f18bc4bc65b530c22aedd665cbba6e43036caf921c03925c9eff7340,30,0.02242109552025795,28.52,0.8015661467903652,0.8015661467903652,0.8421431439899097,0.8734900211801345,0.8951696423150421,0.9191403698706249,0.9414938623620586,0.9667009416242963,0.9915162038247772,1.0217606262043422,1.0383197180160195,1.0558488052736736,1.0681673910791332,1.0766756894895195,1.086636970933966
adx_20 >= 17,0.025512187,98878,66074,32804,13.01,-8320.317290588526,-1274.9471283712628,4118d96628e9d7109ca1b25b71d8f7665de5864ad974c7631ea4a76d380fc96f,30,0.0033711399883031845,27.55,0.8546920912995161,0.8546920912995161,0.9066845156437904,0.9436082535527711,0.9749759646229601,1.0028366776843771,1.0271460884656043,1.0468521583314072,1.06520034497385,1.08324614625679,1.102456500599084,1.1198957893404005,1.136255050972375,1.148953278569677,1.161986323937399
willr_5 <= -16,0.025448324,98878,79721,19157,12.83,-8453.866223918496,-1490.6425299867988,c087f74a8ef9fdefe2bfbfe4c42e7c177e68996d73089fae9a8de15f5638210d,30,0.01259411871433258,27.72,0.8714738825867916,0.8714738825867916,0.9221427619686057,0.9584397252266728,0.9766762834318119,0.9944022801352257,1.0144620701621099,1.0285966246144136,1.0401620081843215,1.0531472003091549,1.0688860736081924,1.0832213577582572,1.0986344658073277,1.109459469321479,1.119047311169941
aarou_5 <= 0,0.025416242,98878,22750,76128,13.95,-2972.0345067092276,-444.28504873865313,da60be741621a42d93721696dcc6252cb06464cd161c4da151f0e18e03138794,30,0.020154226571321487,29.09,0.8465699226371902,0.8465699226371902,0.9105644129988479,0.9247677954525444,0.9246368879574077,0.9503772723086572,0.9669583448864559,0.9956112971931449,1.000577643555185,1.0211047202669223,1.0417253785825122,1.0527295135843648,1.0666119446698494,1.0820472370482357,1.0952973825696026
minus_di_30 <= 15,0.025297334,98878,13089,85789,14.55,-1395.5806837865239,-146.71857874951093,cee77ee220a5e77fe95d20a730179fabcb0f2e40106664424787bbccffac6b44,30,-0.03325490653514862,23.65,0.9055898517657985,0.9055898517657985,0.9605752969158445,0.9932859260082724,1.0215085844135219,1.0280897541384413,1.0265463521996987,1.0047025609699647,0.988800772032326,0.9770094026484207,0.9806240941758706,0.9942590786161236,1.0115044146702736,1.0238623897435908,1.0375387239701372
minus_di_20 >= minus_di_30_sft_3,0.025156677,98878,44058,54820,13.34,-5774.429459474915,-903.9432983160586,a7c5a511f18bc4bc65b530c22aedd665cbba6e43036caf921c03925c9eff7340,30,0.0188465379178524,28.38,0.840564734556108,0.840564734556108,0.8802040813198105,0.9115385372094025,0.9291891830102839,0.9469400100986304,0.9651148117423357,0.9852562105572381,1.0093439354524523,1.0371403987103538,1.0511416889105378,1.075312395638286,1.0918174445694082,1.1004147843729473,1.113854862686649
rsi_5 <= 22,0.025007227,98878,7229,91649,15.35,600.3044058790629,-86.882657176473,64f5e1bb8a7d01ed3bc711ef82f8836c32f34a4dc5e2cbccb6c4442736ec4dbc,6,0.027437254786491394,18.67,1.1181686951074408,1.1181686951074408,1.131124554314791,1.1059878364285864,1.0912276426529375,1.0678851131912024,1.040751059819054,1.0732488955895776,1.0677128532001618,1.0413579923984708,1.057269462714562,1.0736820361450896,1.0729252743039812,1.078786903413761,1.0947665876324124
stdev_5 >= stdev_20_sft_2,0.02491047,98878,11511,87367,14.68,-942.4663753291243,-218.2642706194456,a092dbfa6dbefd1d342d1a211503f33f5c7745cd5359e4d4115f2b75459bc7b9,30,0.013059874065220356,29.05,0.9172330902828462,0.9172330902828462,0.9531804229345295,1.0143606498469881,1.0585398947642697,1.0710883513302367,1.0802131566946727,1.1152450266230882,1.1341918999390679,1.1340114610105994,1.1372144351073612,1.1208451410004945,1.1210222679488895,1.1448823869871847,1.1726691864317953
bb_upper_2_20 <= High_sft_2,0.024856431,98878,6948,91930,15.4,-324.6338343438547,-80.7016052293111,47a9751fea8d725fb5374946cd8b96bffe57ef928945364f4fe01eefa8efaa0d,20,0.00897784624248743,25.65,0.9539825828379264,0.9539825828379264,0.9594427028873757,1.0080402878511627,1.0118849959510494,1.0359995444593038,1.064363114427227,1.080188403254285,1.0845266754037792,1.1044328534573011,1.0844998218178303,1.072563688071196,1.0815808996789718,1.094930221197149,1.0850067419826606
willr_5 <= -18,0.024763152,98878,77731,21147,12.84,-8330.457793703816,-1463.9024719818917,c087f74a8ef9fdefe2bfbfe4c42e7c177e68996d73089fae9a8de15f5638210d,30,0.012977000325918198,27.75,0.869911524965733,0.869911524965733,0.918440870728864,0.9556024295437062,0.9737885913493229,0.9908885020177877,1.010036274908036,1.0227147769928886,1.0349298164757672,1.0476579568162343,1.0647057441846037,1.080129825194145,1.0943821109693335,1.1053324798695063,1.1158201587666046
adx_20 >= adx_14_sft_2,0.02470493,98878,16208,82670,14.26,-2366.163865835435,-354.89411952951923,fd7b69234972b511c2e03a174ce4b77d38140d5e70cabc298bd88fa9bb05adbf,30,0.007696939632296562,28.22,0.8530715667483032,0.8530715667483032,0.8932913101726417,0.9420094932389435,0.9883026234913977,1.0189351739917816,1.0395163509292469,1.0448413429471686,1.0404576472551241,1.0505383071176269,1.0598994435133073,1.0698612601963746,1.0818681347975772,1.099011483860018,1.1178601593971005
rsi_10 <= rsi_30_sft_2,0.024593666,98878,51241,47637,13.2,-5290.336979172276,-968.5052335113432,f60792ba6ac5baece5de7ac90117c85055d233a86016db65a9b1851d8a518ee9,30,0.01260687131434679,27.99,0.8711152958644285,0.8711152958644285,0.9089827721760313,0.9383607584875745,0.9576987900330395,0.9764788237061511,0.9913289390949747,1.0055223918152323,1.0232199022533737,1.0465162826242451,1.0620043871882887,1.0707151399274062,1.0930336659500646,1.1021150681968033,1.1135041243357864
rsi_14 <= rsi_30_sft_3,0.024525916,98878,51371,47507,13.2,-5293.170556050148,-974.8134392299471,f60792ba6ac5baece5de7ac90117c85055d233a86016db65a9b1851d8a518ee9,30,0.013892908580601215,28.04,0.8717780966814604,0.8717780966814604,0.9063987926346435,0.9296890627772861,0.9465502481016336,0.9692147075478122,0.9861585281208856,1.0017022870804062,1.015361091224211,1.038903514452917,1.0494058181592503,1.0661142783766733,1.0873039871629453,1.098048195706743,1.1131904207633845
atr_14 >= atr_14_sft_3,0.024517607,98878,36773,62105,13.47,-2292.778734733831,-601.6961043208066,532171b4b026df3b7d23c8264137467a8cc80a53ca41565a8c760a4fc7c55907,30,0.015178064815700054,28.33,0.9307875972910994,0.9307875972910994,0.9905662323826931,1.0410855253212437,1.0800672771085076,1.105754832847417,1.1404413543867926,1.1661475351011346,1.1870408391651737,1.2010198017605338,1.213045359881885,1.2273853079015302,1.2415374599392839,1.2515412468446676,1.2694538738564485
aarou_5 <= aarou_30_sft_2,0.024484638,98878,51966,46912,13.19,-5148.197572261037,-876.1796036912347,11ecda3140789fc7bb03c4e9ce6db1e36d26d05f5895e9047d4b04d8e05db454,30,0.01061907410621643,27.9,0.8817425049528925,0.8817425049528925,0.9375955796637545,0.9776085946453243,0.9908102041042188,1.006489582571963,1.0239471956880921,1.0382279263264405,1.0450875551423784,1.0592201509143193,1.0775583087282383,1.093270652582094,1.1090496155744463,1.1259152071804557,1.1400909159275563
atr_30 >= atr_30_sft_1,0.024377385,98878,33497,65381,13.54,-2321.568341783438,-543.5549184045303,532171b4b026df3b7d23c8264137467a8cc80a53ca41565a8c760a4fc7c55907,30,0.0142111387103796,28.33,0.9235758196373066,0.9235758196373066,0.9969634268730937,1.0363307893676108,1.0844925772892673,1.121861568661927,1.1484619139505745,1.1723929801813737,1.1925966808431376,1.2132736508630944,1.2269507474380554,1.2426531089125568,1.2595077614571093,1.2761770481934833,1.2926546173705409
bb_upper_2_20 <= Close,0.02436005,98878,6045,92833,15.57,-682.4782649419649,-102.51607116921514,4aa098b95dabd7168bbfce38d1fe5bd4350fa2d5da10de71df5da0c41bf16fa2,30,0.009171712212264538,29.05,0.9107115144235374,0.9107115144235374,1.0100986840929758,1.088713139298825,1.1658394838873962,1.2229225963750223,1.2780725896040934,1.3238021619223677,1.3397730682776492,1.3291461665734838,1.309870349002174,1.3263093142303057,1.33560517545392,1.388299389309776,1.462549192406333
adx_14 >= 20,0.024217237,98878,66106,32772,12.98,-8312.032803822072,-1248.3763853272612,4118d96628e9d7109ca1b25b71d8f7665de5864ad974c7631ea4a76d380fc96f,30,0.0003491864772513509,27.46,0.8541584190494529,0.8541584190494529,0.908725856738148,0.9418562170776621,0.9698183674338721,0.9921924554587653,1.0137260791537934,1.0339023221447463,1.0480480505295962,1.0626767333289802,1.0781887839204927,1.0930339772527018,1.1125025882134825,1.1273228539061178,1.1409307387031256
minus_di_30 <= 14,0.024212081,98878,9897,88981,14.81,-1157.5896916298661,-104.28414509860886,cee77ee220a5e77fe95d20a730179fabcb0f2e40106664424787bbccffac6b44,30,-0.03143130615353584,23.24,0.9014643794151804,0.9014643794151804,0.9539810066729421,0.9818625689896967,1.004560417052602,0.9978970996517695,0.9950330211743321,0.9698610641439385,0.9621603838555841,0.9527482493931776,0.9654974726633314,0.988957602375824,1.0050340959173496,1.0228459105079815,1.0379456368974596
minus_di_14 >= minus_di_30_sft_1,0.024116453,98878,44937,53941,13.29,-6738.47224954694,-933.4217958824884,a7c5a511f18bc4bc65b530c22aedd665cbba6e43036caf921c03925c9eff7340,30,0.017390722408890724,28.3,0.8195399157464025,0.8195399157464025,0.8560445005059594,0.884712083296441,0.9068690855504961,0.9297309553869605,0.9452308814766355,0.9642979897285362,0.9896598891585292,1.0174491056991746,1.0356283204655723,1.0547743933046374,1.07046343141901,1.0831346053496866,1.0932657822872518
minus_di_20 >= minus_di_30_sft_2,0.024103628,98878,43483,55395,13.32,-6134.019756673464,-910.7382069367814,a7c5a511f18bc4bc65b530c22aedd665cbba6e43036caf921c03925c9eff7340,30,0.018360979855060577,28.37,0.8295021264809948,0.8295021264809948,0.8686416326186321,0.9001755385338274,0.9170256966714135,0.9366984169016678,0.9567755213874513,0.9737625743053154,0.9981358681401518,1.0276328543891993,1.0452465150289805,1.0639035268579449,1.084453146540173,1.0928497706382443,1.1021325862324363
rsi_5 <= 24,0.023995712,98878,8943,89935,14.93,443.245262460151,-109.52381397143472,64f5e1bb8a7d01ed3bc711ef82f8836c32f34a4dc5e2cbccb6c4442736ec4dbc,6,0.025195354595780373,18.04,1.0703554750292952,1.0703554750292952,1.080546176984146,1.0517351958195613,1.049955839004799,1.0294021831119013,1.0179456372929003,1.0385338501864096,1.0410735122154156,1.0327528153215768,1.0394381578270364,1.0482363456828552,1.0493642357717086,1.0532085261108795,1.076736185559194
plus_di_30 >= 17,0.023988988,98878,80525,18353,12.8,-10632.903830438358,-1499.8910715503225,4f583626fd6f59b1b2e0825c720b1d1aad3858951a5b50964ea86a5c13485b5d,30,0.03573174774646759,28.21,0.8452156644210914,0.8452156644210914,0.9037362094916472,0.9471342679289408,0.9832398661302413,1.0129340738528763,1.0407089102277947,1.0633392017745569,1.0843149930272622,1.1039247588365306,1.12087468224272,1.1368503905325598,1.1526629110663427,1.1676206286533775,1.1813760931580088
stdev_14 >= stdev_30_sft_1,0.02387963,98878,19182,79696,14.02,-1359.8504226233053,-357.745211542926,a092dbfa6dbefd1d342d1a211503f33f5c7745cd5359e4d4115f2b75459bc7b9,30,0.010288848541676998,28.38,0.9244211816517318,0.9244211816517318,0.9854984342496875,1.0314627190177759,1.0752144394516872,1.0926128353183482,1.1073367326205767,1.1172337113978204,1.1143570385494512,1.1082286185562251,1.1138094566381935,1.1337721457996643,1.1444869786750518,1.1559830330728644,1.1629670846115356
rsi_5 <= 21,0.02374366,98878,6427,92451,15.39,529.4196395987674,-83.46416145604599,64f5e1bb8a7d01ed3bc711ef82f8836c32f34a4dc5e2cbccb6c4442736ec4dbc,6,0.02664685621857643,18.8,1.1170764201926178,1.1170764201926178,1.1381385873939145,1.1084620509574439,1.089061579978452,1.0779862904587127,1.059285561883146,1.0819667944801112,1.0809738966014588,1.0575011082105157,1.0760296327878927,1.091852205055485,1.0944148155501328,1.0974602534593059,1.1227836734631955
rsi_10 <= rsi_30_sft_1,0.023701327,98878,51318,47560,13.17,-5438.985232555624,-992.8451377423553,f60792ba6ac5baece5de7ac90117c85055d233a86016db65a9b1851d8a518ee9,30,0.013055247254669666,28.01,0.8678551104660183,0.8678551104660183,0.907667150836044,0.9343166351526627,0.9556295268287232,0.973295020582516,0.9925888052652524,1.0095531471145427,1.0254378849741221,1.048332225049509,1.0630295443903222,1.0757063763685246,1.0939846824438721,1.1038881479482974,1.1147312562702842
plus_di_30 >= 18,0.023689492,98878,75927,22951,12.85,-9726.424061859238,-1385.809854271618,4f583626fd6f59b1b2e0825c720b1d1aad3858951a5b50964ea86a5c13485b5d,30,0.034512028098106384,28.29,0.8509887369418271,0.8509887369418271,0.9104542167165377,0.955390979264184,0.994017895673626,1.0256684461899133,1.0545704788012924,1.07853136699592,1.099743144578468,1.1201360499591682,1.1372999866467397,1.1524853895119531,1.167493643889935,1.1808529951735038,1.194431815158438
rsi_5 <= 23,0.023617279,98878,8092,90786,15.03,402.6559989050229,-103.82141415134538,64f5e1bb8a7d01ed3bc711ef82f8836c32f34a4dc5e2cbccb6c4442736ec4dbc,30,0.018781129270792007,30.25,1.0701496950610911,1.0701496950610911,1.084555987215684,1.0616367846815886,1.0598757990838947,1.0415559085938235,1.0300504235453578,1.0570574501437777,1.0595933801231574,1.0429498788735683,1.0472339146684202,1.0637237659474765,1.0652365889654591,1.0686470713998821,1.0921227408561507
plus_di_20 >= 22,0.023609588,98878,51758,47120,13.16,-5658.053681897567,-853.7701597787891,4f583626fd6f59b1b2e0825c720b1d1aad3858951a5b50964ea86a5c13485b5d,30,0.015203896909952164,28.09,0.8788691351324326,0.8788691351324326,0.9452874308682764,0.9936900262012788,1.0334963645888642,1.0698315355903318,1.1067228045611497,1.1399768288538066,1.171878203723701,1.1959465415535875,1.2185844367226535,1.2377567288794475,1.2536106920023968,1.2740394429043391,1.2902168123327733
minus_di_14 >= minus_di_30_sft_3,0.023407305,98878,44797,54081,13.27,-6132.559398497418,-917.0971784638386,a7c5a511f18bc4bc65b530c22aedd665cbba6e43036caf921c03925c9eff7340,30,0.017186908051371574,28.29,0.8335431595180622,0.8335431595180622,0.8737786017745481,0.9027152853366032,0.9210303580829983,0.943052738311367,0.9637092390519643,0.9821125207895682,1.0068776512161466,1.035212389639847,1.0487802628164786,1.0734373572421247,1.0924216463097454,1.1033677996889655,1.1146657690264825
rsi_10 <= rsi_20_sft_2,0.023405481,98878,50905,47973,13.17,-5345.438789750635,-959.6377823292205,f60792ba6ac5baece5de7ac90117c85055d233a86016db65a9b1851d8a518ee9,30,0.01039180252701044,27.9,0.869778203736951,0.869778203736951,0.906381979176204,0.9360628905306103,0.9539835537090628,0.9677491055089309,0.9845785943295798,0.9995026075762087,1.0139878579395043,1.035409127327868,1.0500419306098692,1.0622937722471253,1.0859122149118152,1.0951680216113566,1.105103808397731
rsi_20 <= rsi_30_sft_3,0.023320049,98878,51352,47526,13.16,-5167.674413467602,-946.3332645222035,f60792ba6ac5baece5de7ac90117c85055d233a86016db65a9b1851d8a518ee9,30,0.014356088824570179,28.06,0.8749096644966077,0.8749096644966077,0.9102019079398523,0.9382522468983764,0.958142055909582,0.9734043522653626,0.988577120768604,1.0025506601229148,1.0176642082356528,1.0403434427595024,1.0539275423858554,1.0707741738342746,1.0908340224428188,1.1017300094386036,1.1154046173013752
bb_upper_2_20 <= Close_sft_1,0.023170384,98878,3234,95644,16.57,220.11459997027123,-13.293151561971175,4aa098b95dabd7168bbfce38d1fe5bd4350fa2d5da10de71df5da0c41bf16fa2,28,0.0076832957565784454,28.82,1.0634279534694073,1.0634279534694073,1.1214593226162561,1.1615252406360395,1.232910381870107,1.2508078972204297,1.2747309945241558,1.31018116768074,1.2942289407215508,1.2863548505828235,1.2838138896933642,1.2798998685271168,1.2654614473076011,1.3542276512860247,1.3383852982835085
adx_10 >= 23,0.023041945,98878,67689,31189,12.93,-8197.440558920785,-1253.0375364111023,4118d96628e9d7109ca1b25b71d8f7665de5864ad974c7631ea4a76d380fc96f,30,0.0017948208842426538,27.5,0.8590677666606692,0.8590677666606692,0.9166770014005562,0.9537789894663797,0.9760182150955771,0.9934922789734474,1.011042711465386,1.0258648949502203,1.040127069499416,1.0553473919376886,1.0671293198404241,1.080835161932895,1.0949976608993526,1.1086255557818148,1.1234605453816564
minus_di_30 <= minus_di_20_sft_1,0.023033641,98878,48312,50566,13.2,-8149.753040852651,-1004.3674641518301,6ead8d4aff114cb978d2a5e9b1dcb95b84dfa27fd6f0f40b385ac29b242b16ea,30,0.024565231055021286,28.57,0.8070729079538186,0.8070729079538186,0.8550754760549922,0.9018630878087712,0.932356488914844,0.9539701624967779,0.9869038277966494,1.0154598461850168,1.0430217665063986,1.0578496095323822,1.074186629840512,1.0966599950701739,1.1072399144111873,1.1195019879501567,1.13867099162964
willr_5 <= -19,0.022928625,98878,76996,21882,12.82,-8265.696674994706,-1455.162308071158,c087f74a8ef9fdefe2bfbfe4c42e7c177e68996d73089fae9a8de15f5638210d,30,0.011819950304925442,27.73,0.8696178913448513,0.8696178913448513,0.9188858611556818,0.9570295978469486,0.9753339895981326,0.9916358757510829,1.0099268439490978,1.0226429950524463,1.0346772837081932,1.0479173651876095,1.0646176326413666,1.080606498642633,1.0953751980196222,1.1062961321540867,1.1164638191148655
bb_upper_2_30 <= Close_sft_3,0.022891736,98878,1957,96921,17.73,69.99215097038541,-8.171790718544798,4aa098b95dabd7168bbfce38d1fe5bd4350fa2d5da10de71df5da0c41bf16fa2,26,0.014151610434055328,30.71,1.0348834843645216,1.0348834843645216,1.0633717299367844,1.1891373934708132,1.2042949591121024,1.2251601717436822,1.2018410810678783,1.2610423413917795,1.2858035937869428,1.338379856825455,1.3328462506097443,1.3041237782434003,1.3702455538693894,1.360125409622351,1.3475618053628944
plus_di_20 >= 23,0.022866229,98878,46968,51910,13.21,-4829.647339901465,-755.4094780644809,4f583626fd6f59b1b2e0825c720b1d1aad3858951a5b50964ea86a5c13485b5d,30,0.015324757434427738,28.16,0.8872097516384185,0.8872097516384185,0.9566900988989874,1.009043928241667,1.0512007292799255,1.090731277835619,1.1279274167776725,1.1624998594051985,1.193404165312244,1.2205601428133535,1.242460617747905,1.2625473636055038,1.2802806764856103,1.2995634715465847,1.3163774632677308
rsi_5 <= 18,0.022836134,98878,4379,94499,15.92,491.4630876887968,-57.63219478022074,64f5e1bb8a7d01ed3bc711ef82f8836c32f34a4dc5e2cbccb6c4442736ec4dbc,6,0.02544676512479782,19.41,1.155337742530956,1.155337742530956,1.1751414408339838,1.1397833949617617,1.1089620784093315,1.073175002103448,1.046605570807345,1.0800569105102966,1.0881782403698768,1.0397402059250447,1.05564070269476,1.0663431340116187,1.0826823805784953,1.1009514803190135,1.1298203918504086
rsi_10 <= rsi_20_sft_1,0.022798065,98878,51001,47877,13.15,-5316.157666601484,-972.1862483885416,f60792ba6ac5baece5de7ac90117c85055d233a86016db65a9b1851d8a518ee9,30,0.01259889081120491,27.99,0.8704447227589761,0.8704447227589761,0.9142948037248099,0.9415588443870143,0.9667899501082702,0.9849108113018678,0.999852030138367,1.01362909812206,1.0316176168217124,1.0551120634469444,1.068253460622081,1.0811029605495892,1.1016659881090707,1.1164134504984629,1.1289676154214237
minus_di_10 >= minus_di_30_sft_3,0.02279188,98878,44885,53993,13.24,-5680.458581081672,-867.8050374964223,a7c5a511f18bc4bc65b530c22aedd665cbba6e43036caf921c03925c9eff7340,30,0.014400376938283443,28.15,0.8443176071513921,0.8443176071513921,0.8834788923619762,0.9099186162469635,0.9270395159208891,0.9490372721934383,0.9689192592931376,0.9898677787262189,1.0162625348230598,1.0429488619215268,1.0612849733555705,1.0829623957873977,1.099512719764387,1.111322564720372,1.1245776139050585
rsi_10 <= 22,0.022787308,98878,1584,97294,18.31,429.0904727476882,-11.774688930679982,64f5e1bb8a7d01ed3bc711ef82f8836c32f34a4dc5e2cbccb6c4442736ec4dbc,6,0.025307446718215942,22.29,1.3766253623073077,1.3766253623073077,1.4226164752819306,1.2778914785145723,1.1618771982466758,1.0965424633501082,1.120330036375076,1.2122896286461669,1.1513091689349666,1.149025231336312,1.1960240538367257,1.2007213007490913,1.223935143926811,1.2180001077277478,1.1632953471493552
willr_5 <= -21,0.02275735,98878,75206,23672,12.84,-7671.192591599818,-1401.4905880847364,c087f74a8ef9fdefe2bfbfe4c42e7c177e68996d73089fae9a8de15f5638210d,30,0.011725172400474548,27.74,0.8754507324927455,0.8754507324927455,0.9254769787241708,0.9614515048393282,0.9790797250628375,0.9944460797044147,1.0139871854950258,1.0273587615597228,1.0401339484378984,1.053754249766936,1.0702321845489324,1.0859201713597169,1.0988508194848094,1.1095435951843395,1.1190438761681276
rsi_5 <= 19,0.022717312,98878,4984,93894,15.67,492.497404965412,-67.93312056607829,64f5e1bb8a7d01ed3bc711ef82f8836c32f34a4dc5e2cbccb6c4442736ec4dbc,6,0.02550378255546093,19.14,1.1377190229503786,1.1377190229503786,1.1631186515041265,1.1262443214509628,1.1051752809289017,1.0986623994109321,1.081127048431968,1.1022785147811835,1.1003219582225878,1.0659376360375405,1.1025479545115806,1.1065049198544872,1.1143337274023366,1.132150075359741,1.1598767488373374
stdev_20 >= stdev_30_sft_3,0.022678785,98878,29902,68976,13.55,-2445.2119673686902,-584.3400232944769,a092dbfa6dbefd1d342d1a211503f33f5c7745cd5359e4d4115f2b75459bc7b9,30,0.0030798721127212048,27.65,0.9095403994696664,0.9095403994696664,0.9736010978382533,1.0030541098880712,1.0291959949974787,1.0438112623896318,1.0611384326629332,1.0675496827834303,1.0669736061953032,1.0751115642746947,1.0878611999643741,1.1043817313825173,1.1232592282782545,1.1431532349415106,1.1564975199015506
rsi_5 <= rsi_10,0.022662483,98878,50422,48456,13.15,-4406.8967434443,-895.1275225088684,f60792ba6ac5baece5de7ac90117c85055d233a86016db65a9b1851d8a518ee9,30,0.00828375481069088,27.81,0.8910671819690651,0.8910671819690651,0.929566746891894,0.9572731007799342,0.976389877049007,0.9905588389914824,1.005004279884577,1.0218806654832973,1.0400953791047838,1.0539377954691476,1.065290877983249,1.0792479963157728,1.097326259567452,1.1079884319766415,1.1190067814290716
rsi_10 <= 23,0.022638572,98878,1958,96920,17.67,473.9963607547106,-15.585479977657087,64f5e1bb8a7d01ed3bc711ef82f8836c32f34a4dc5e2cbccb6c4442736ec4dbc,6,0.027109138667583466,22.01,1.3495639799775723,1.3495639799775723,1.3824937643738222,1.3062506550932926,1.2238112446210028,1.159606294880042,1.172598206703641,1.2589367029242997,1.2255276297918738,1.2039834433788215,1.239595024866453,1.2388874625493385,1.2824350083023246,1.2557426132267464,1.2084290446568997
adx_20 >= 16,0.022627685,98878,70834,28044,12.89,-9350.256321666031,-1379.5815357631145,4118d96628e9d7109ca1b25b71d8f7665de5864ad974c7631ea4a76d380fc96f,30,0.0009883365128189325,27.47,0.8463203751175391,0.8463203751175391,0.8991668508312981,0.9342550960760477,0.9645298971025226,0.989447610152787,1.0126053279938536,1.0309312537835673,1.0495527126115916,1.0680319894258745,1.0846029969937838,1.1015274749883315,1.117299782343306,1.1309048012612395,1.142957740383792
plus_di_20 >= 20,0.02261114,98878,61657,37221,13.0,-7299.272883370737,-1052.975599256497,4f583626fd6f59b1b2e0825c720b1d1aad3858951a5b50964ea86a5c13485b5d,30,0.018163220956921577,28.07,0.8660499072900741,0.8660499072900741,0.9310420547164237,0.9766751571994419,1.012142998075409,1.0453122661202174,1.0770696375205375,1.1053410045403376,1.131398341662523,1.1540602548405046,1.1734637929538894,1.1906055340362451,1.2076050113160834,1.2263330912880064,1.2397640883963208
aarou_5 <= aarou_30_sft_3,0.022549104,98878,50703,48175,13.14,-5411.67364882525,-887.1383930705706,11ecda3140789fc7bb03c4e9ce6db1e36d26d05f5895e9047d4b04d8e05db454,30,0.009458320215344429,27.86,0.8725850179410332,0.8725850179410332,0.9305866333069861,0.9682861993889064,0.9802588899250289,0.992219960964418,1.009279891708558,1.0209718367953835,1.0294827291752424,1.0459313634647611,1.0657404678922988,1.0829177336467597,1.1007504021257657,1.1148504768612937,1.128554962054924
rsi_5 <= 16,0.02254382,98878,3322,95556,16.41,492.15979949025495,-33.070822573587066,64f5e1bb8a7d01ed3bc711ef82f8836c32f34a4dc5e2cbccb6c4442736ec4dbc,6,0.02378893829882145,19.75,1.2052689981178442,1.2052689981178442,1.224271525153891,1.1958890223095349,1.1488074768008456,1.101114070733706,1.0876788657326057,1.1256912907595127,1.0944719108097025,1.0705412981385878,1.0834475899309441,1.0892691444651048,1.110487360242255,1.1139689033570621,1.1280973586259915
rsi_20 <= rsi_30,0.022535931,98878,51770,47108,13.13,-6581.37026258819,-1033.500029584211,f60792ba6ac5baece5de7ac90117c85055d233a86016db65a9b1851d8a518ee9,30,0.008202548138797283,27.79,0.8443816892805973,0.8443816892805973,0.8796402925185923,0.9039243827942348,0.9215615043184869,0.9401469851629283,0.9615092309329661,0.9769918620275,0.9922061000845207,1.0206499513875948,1.034175608751983,1.0470515451494518,1.0641975041474205,1.0724045936193936,1.085543731585072
rsi_10 <= rsi_20_sft_3,0.022522619,98878,50892,47986,13.14,-5291.879627583996,-932.6664074304572,f60792ba6ac5baece5de7ac90117c85055d233a86016db65a9b1851d8a518ee9,30,0.011324436403810978,27.94,0.8711872947317797,0.8711872947317797,0.9065761971850985,0.935845855976818,0.956527541335404,0.9736537326584009,0.9893195645757606,1.0033400674146482,1.0196862141653433,1.0387177929057063,1.0559328255323182,1.0685737943836637,1.0906686681894688,1.1048960557191778,1.1160539408692212
rsi_14 <= rsi_30,0.022484707,98878,51478,47400,13.13,-6509.693427876079,-1033.3389102422007,f60792ba6ac5baece5de7ac90117c85055d233a86016db65a9b1851d8a518ee9,30,0.00875106081366539,27.82,0.8445606711030597,0.8445606711030597,0.8836785297755065,0.9111661303033107,0.9286999646491308,0.9490685236194315,0.9675374662447523,0.9857795293017233,1.0041928290909585,1.0302919270503927,1.0425767239180221,1.0538402152810382,1.0706042306710948,1.0795290129029464,1.0949676844152259
rsi_5 <= rsi_14_sft_1,0.022422837,98878,50518,48360,13.14,-4653.626828684133,-892.6607538175303,f60792ba6ac5baece5de7ac90117c85055d233a86016db65a9b1851d8a518ee9,30,0.010172594338655472,27.89,0.8851721046432326,0.8851721046432326,0.9302110953401583,0.9602984359417504,0.9770327630988059,0.9927413670398921,1.0043422268906455,1.0178596320577087,1.0364639377024618,1.057873303969259,1.0715889450367992,1.0858157855866737,1.1050685942147913,1.1183107823206926,1.127159873623841
rsi_5 <= rsi_20_sft_1,0.022412436,98878,50600,48278,13.14,-4816.2244561183725,-924.2306670308972,f60792ba6ac5baece5de7ac90117c85055d233a86016db65a9b1851d8a518ee9,30,0.009742028079926968,27.87,0.8811872793157313,0.8811872793157313,0.9246304575635146,0.9512961405061561,0.9734174756552729,0.9905024798236622,1.0025085181946316,1.018888968412401,1.0350525385198477,1.0576153877058847,1.0710727809364033,1.0840599794097747,1.1031657327373476,1.1152110151495496,1.1267730657721657
rsi_5 <= 17,0.022404267,98878,3854,95024,16.09,533.8595507425634,-42.923487689869944,64f5e1bb8a7d01ed3bc711ef82f8836c32f34a4dc5e2cbccb6c4442736ec4dbc,6,0.0248127281665802,19.59,1.1953661534205777,1.1953661534205777,1.2183380479048047,1.1705775932395168,1.1389963316821685,1.096190783380624,1.0800856767982014,1.1133538314707117,1.1131509741170398,1.0700630161369835,1.086464557912483,1.0936975204926025,1.1046756336780472,1.1274729463492381,1.1632069571111272
stdev_10 >= stdev_30,0.02230439,98878,12251,86627,14.37,-1356.1256163803773,-265.5544106142115,a092dbfa6dbefd1d342d1a211503f33f5c7745cd5359e4d4115f2b75459bc7b9,30,0.013050832785665989,28.99,0.8878651259256506,0.8878651259256506,0.9481664642159141,1.004158865605444,1.0349683006721766,1.066538318641284,1.0966609980912612,1.0953749043431589,1.0919484256145817,1.0776284968603937,1.0697105936137286,1.0844997061787034,1.0931296278088476,1.1057504733531556,1.112906447401695
aarou_30 >= aarou_5_sft_1,0.02230409,98878,54883,43995,13.08,-6137.048938173219,-961.3368218401665,0f031b3780e6467809600593d6806420193325d9573f332c17b627db66a26893,30,0.008774343878030777,27.8,0.8688428108043043,0.8688428108043043,0.9323133761446069,0.9663000697592389,0.9871266292217932,1.0132735840100275,1.0348915364685285,1.0453560996929434,1.056966186893906,1.0701908005235925,1.0851484859284175,1.0922586855537517,1.1100099445050131,1.1231991425336905,1.1424278025220098
bb_upper_2_20 <= Open,0.022298109,98878,3500,95378,16.26,348.43419478168653,-12.043383657262893,926691cbd8cade1029587b334e9daae7d676cb1322f1d1f24f6c1916eb787dc4,28,0.009033014997839928,29.06,1.0954322663751621,1.0954322663751621,1.1511587970771988,1.2043757181772559,1.2740701127058172,1.3001791351769136,1.3373704075007602,1.3651413091427256,1.3728400559787597,1.3547516959552621,1.3696795709878955,1.3664559132302752,1.3383498450398181,1.419737480226335,1.3885778719368445
rsi_14 <= rsi_20_sft_2,0.022287322,98878,50931,47947,13.13,-5071.374157716022,-958.672653979811,f60792ba6ac5baece5de7ac90117c85055d233a86016db65a9b1851d8a518ee9,30,0.012607856653630733,27.99,0.87600996080115,0.87600996080115,0.916583555395138,0.9453651078658225,0.964798831686307,0.9776712753264608,0.9968558317368038,1.010236133648531,1.0244229866793542,1.046586494077186,1.061356667803581,1.0763112385330937,1.1019216814459771,1.1127748663003687,1.1209078820773766
rsi_5 <= 20,0.022192452,98878,5718,93160,15.37,482.856947784152,-79.95423637698696,64f5e1bb8a7d01ed3bc711ef82f8836c32f34a4dc5e2cbccb6c4442736ec4dbc,30,0.018127568066120148,30.71,1.1191612903314638,1.1191612903314638,1.137772545664484,1.1023874128973956,1.0846791364367827,1.0700815000939465,1.0641725275836378,1.0935844393845675,1.0919772512489745,1.0676968307989663,1.0943780702964543,1.11471230534399,1.1173954129443222,1.1204401504701158,1.1445515625926923
rsi_10 <= rsi_30,0.02213766,98878,51225,47653,13.12,-5954.906527251155,-1002.6922992928085,f60792ba6ac5baece5de7ac90117c85055d233a86016db65a9b1851d8a518ee9,30,0.011082388460636139,27.92,0.8560135607783014,0.8560135607783014,0.8951888768097195,0.922385218194812,0.9408037828575898,0.9598137516718993,0.9779318149368984,0.9941805458059635,1.0141446517892772,1.0378523537188986,1.0511961024968963,1.062058005014923,1.0798288443406956,1.0881802697288823,1.1015988584400305
rsi_14 <= rsi_20_sft_1,0.022126576,98878,50936,47942,13.13,-5180.776632034274,-939.7955352367717,f60792ba6ac5baece5de7ac90117c85055d233a86016db65a9b1851d8a518ee9,30,0.010641014203429222,27.91,0.8735232080996007,0.8735232080996007,0.9167854875115911,0.9402662202349097,0.9653911805018084,0.9795925259171366,0.9977409092449558,1.0095247306634398,1.0289761947998797,1.0526898561853206,1.0680995342992325,1.0839550491802055,1.1053942646548014,1.1183775765537156,1.1290504242840336
plus_di_30 >= 16,0.022105275,98878,84435,14443,12.72,-11417.514875255772,-1594.7832708627611,4f583626fd6f59b1b2e0825c720b1d1aad3858951a5b50964ea86a5c13485b5d,30,0.03579968959093094,28.11,0.8404098058615497,0.8404098058615497,0.8978464370846948,0.9384060874557747,0.9710717584505633,1.0006358866124632,1.02813469556939,1.0506787672310507,1.069873728411704,1.0882644271837727,1.1050650054032958,1.1202076200551485,1.1353509977828435,1.1499811189731726,1.1637464126643378
plus_di_20 >= 21,0.022089342,98878,56737,42141,13.05,-6581.361918513023,-967.1955955440135,4f583626fd6f59b1b2e0825c720b1d1aad3858951a5b50964ea86a5c13485b5d,30,0.017487283796072006,28.12,0.8701189351279393,0.8701189351279393,0.9370783291820071,0.9833561169268517,1.0194660707903305,1.054515424325675,1.0886784894085961,1.1192971433871364,1.1484277269735477,1.1733969978676364,1.1953725938008466,1.2122603643504435,1.2294245864556232,1.2502603336381988,1.2647784101506578
plus_di_30 >= 15,0.022024993,98878,87550,11328,12.68,-11779.731939618701,-1673.9844424762705,4f583626fd6f59b1b2e0825c720b1d1aad3858951a5b50964ea86a5c13485b5d,30,0.037142325192689896,28.04,0.8402171135687043,0.8402171135687043,0.8969275195364091,0.9371593641206625,0.9694763871199193,0.99736097172054,1.0225502780317326,1.0427568318547396,1.0606966280559647,1.0783381975314958,1.0942737851038602,1.1090676916724702,1.1244484186066834,1.138430930132455,1.1518669058748296
bb_upper_2_10 <= Close,0.022012422,98878,4733,94145,15.66,-210.17529623158043,-70.13616174308117,4aa098b95dabd7168bbfce38d1fe5bd4350fa2d5da10de71df5da0c41bf16fa2,30,0.0053114015609025955,28.5,0.9627702311051821,0.9627702311051821,1.0448454667890505,1.0956497893499153,1.2161048083356445,1.269561391069304,1.257548826656911,1.2681927456072128,1.284297811416605,1.288055402075431,1.3075028818345618,1.317281300606531,1.316799805698271,1.3230522418627646,1.3950763964487805
willr_5 <= -20,0.022006897,98878,76489,22389,12.81,-8173.668171820744,-1445.5743112290584,c087f74a8ef9fdefe2bfbfe4c42e7c177e68996d73089fae9a8de15f5638210d,30,0.011623565107584,27.73,0.8698848057306774,0.8698848057306774,0.9201182075595049,0.9574428554007108,0.9758647803717464,0.9919924551106063,1.0104669766191487,1.023950437046122,1.0363572535051602,1.0492733395207101,1.0653944394698323,1.0813947819207377,1.0948784850908102,1.105628150152509,1.1154212084748116
adx_14 >= adx_10_sft_3,0.021923272,98878,16641,82237,14.03,-2228.604895595411,-361.2379307776282,fd7b69234972b511c2e03a174ce4b77d38140d5e70cabc298bd88fa9bb05adbf,30,0.008292388170957565,28.27,0.8621752846201085,0.8621752846201085,0.9351213811905563,0.9996050512755111,1.0426918194892676,1.0719635231996139,1.091976668364687,1.1091898621687295,1.0982147060647647,1.1066389664120846,1.1249734579596191,1.1549322558555062,1.189578426281895,1.2183073308732304,1.2313076072482227
minus_di_30 <= 16,0.021899192,98878,17057,81821,14.0,-1788.2599162897218,-216.49131495449546,cee77ee220a5e77fe95d20a730179fabcb0f2e40106664424787bbccffac6b44,14,-0.0017997188260778785,21.02,0.9022945215574257,0.9022945215574257,0.9584674825972155,0.989057432505926,1.0217780432958865,1.035217153736833,1.03766046634059,1.0258580708508027,1.0067358474453807,0.9929703520684177,0.99129345068451,0.9975630083421755,1.009244168137882,1.0214761010944113,1.029193788385342
minus_di_30 <= 18,0.021881767,98878,26618,72260,13.61,-3293.8578653024865,-418.86726004951925,cee77ee220a5e77fe95d20a730179fabcb0f2e40106664424787bbccffac6b44,30,-0.026585545390844345,25.49,0.8767836139058532,0.8767836139058532,0.9290707626112359,0.9751288624073117,1.0001591998503065,1.0218869107586377,1.0309345801469223,1.0261586430430818,1.028613796592683,1.021166923696845,1.012031309432091,1.0113629511549174,1.0129847293259935,1.0246091726457358,1.0365355939564531
minus_di_30 <= 17,0.021860847,98878,21500,77378,13.79,-2975.641121672071,-331.26529183586536,cee77ee220a5e77fe95d20a730179fabcb0f2e40106664424787bbccffac6b44,30,-0.029320545494556427,24.96,0.867817193752075,0.867817193752075,0.9249076240233196,0.960319882431655,0.9863109293241016,1.0080424742965621,1.014860242940718,1.0097086580324581,0.9994745188506301,0.9868834296967457,0.9802222283205408,0.9866401095310174,0.9938361616132501,1.007203080778468,1.0148948823646005
bb_lower_2_30 >= Close,0.021789866,98878,5378,93500,15.41,263.86795148091915,-102.96513663413498,0e70b8a8d55e4ec73841ad3e8c9b127c0a23132eee3ba0a11c3e072e280aafa3,10,0.018845031037926674,21.74,1.0664388156775075,1.0664388156775075,1.074545305383915,1.0810266434353948,1.1093969616820705,1.0776063365332222,1.0642598645729047,1.0638729717777093,1.0338298985572387,1.016089680650534,1.0190531048131,1.04477092392813,1.0770230199861068,1.084559969546995,1.1023492987383845
rsi_14 <= rsi_20,0.021750245,98878,51397,47481,13.11,-6218.241539483924,-1021.5669290268124,f60792ba6ac5baece5de7ac90117c85055d233a86016db65a9b1851d8a518ee9,30,0.011346699669957161,27.93,0.8516137022762753,0.8516137022762753,0.8922540820962152,0.9196098781754806,0.936577109191174,0.9548684843961728,0.9736846550517061,0.9893439853993509,1.0100382193120714,1.0357670772472443,1.051470579425253,1.0629367445635405,1.081440770998702,1.0922646496482848,1.106849430718565
aarou_10 <= aarou_30,0.021743307,98878,63119,35759,12.96,-7027.9041544212205,-1125.5287221892577,11ecda3140789fc7bb03c4e9ce6db1e36d26d05f5895e9047d4b04d8e05db454,30,0.004058151971548796,27.58,0.8689921664077838,0.8689921664077838,0.9248370173399605,0.9701415154042113,0.996008861704636,1.0193022963878053,1.0376576683495593,1.0597054566448942,1.0729984850416365,1.0827817318959727,1.094726973442219,1.1105465694720729,1.126243504025402,1.1409764433539948,1.1557664827231016
plus_di_20 >= 24,0.021723546,98878,42616,56262,13.24,-4177.293289584384,-680.9497897499969,4f583626fd6f59b1b2e0825c720b1d1aad3858951a5b50964ea86a5c13485b5d,30,0.016158418729901314,28.27,0.8930909647519172,0.8930909647519172,0.9697770472716999,1.0254960784298812,1.0732210052832583,1.1089064515463383,1.1426916125925348,1.1778946974202065,1.2095399770010975,1.2370851886485488,1.2576854304432041,1.276015400880696,1.295570739064376,1.3183400967403327,1.339471347722125
plus_di_20 >= 19,0.02167579,98878,66542,32336,12.92,-8157.465568218817,-1166.6425743392028,4f583626fd6f59b1b2e0825c720b1d1aad3858951a5b50964ea86a5c13485b5d,30,0.018580004572868347,28.02,0.8600077811538799,0.8600077811538799,0.9214771305261151,0.966307002908108,1.0012790838833912,1.0350087102866115,1.0656568519276517,1.0924653198843293,1.1183574492159456,1.1385082103844837,1.157472496714506,1.1735095161411901,1.1901017879790294,1.2054371166542326,1.218219748517109
bb_upper_2_30 <= bb_upper_2_10_sft_1,0.021635108,98878,22990,75888,13.71,-782.0887439442595,-307.42804467309907,3aa49a56ba366f74cacb6b40add631875fca9bf88d1abae08516bfe7d1357af1,30,0.006889358628541231,28.0,0.9624174074176237,0.9624174074176237,1.0376607145926748,1.0934391286770087,1.1228703048344095,1.1514159764774408,1.1845607138469039,1.1983549809471141,1.2071304495680175,1.2095298156546404,1.207067605366256,1.2204733795852556,1.2447972008229298,1.2589000321187596,1.2610471424128822
minus_di_14 >= minus_di_30,0.021622863,98878,46015,52863,13.18,-7288.636467097036,-969.636712585685,a7c5a511f18bc4bc65b530c22aedd665cbba6e43036caf921c03925c9eff7340,30,0.019411375746130943,28.37,0.8107716907740705,0.8107716907740705,0.8507998989690658,0.8816077624502552,0.9017238268907771,0.9273460718921033,0.9511158618396814,0.9762738201591966,1.0016155062202212,1.0303731594977572,1.0449594169472178,1.0646065349801066,1.0786386769226688,1.089614445302859,1.102654233301804
willr_10 <= -3,0.021605726,98878,91901,6977,12.61,-11839.86112671129,-1782.139530275359,c087f74a8ef9fdefe2bfbfe4c42e7c177e68996d73089fae9a8de15f5638210d,30,0.010251163505017757,27.57,0.8459777752632273,0.8459777752632273,0.8938588078884288,0.9297060803960665,0.9554689759476495,0.9807308701280595,0.9997392302086193,1.016201040319841,1.0305472614538433,1.045211588597598,1.0610374514575664,1.0769852681292849,1.0925151175007888,1.103159235927526,1.1132427893271557
aarou_10 <= 10,0.021532686,98878,25111,73767,13.64,-4054.394697650974,-539.2217815236072,da60be741621a42d93721696dcc6252cb06464cd161c4da151f0e18e03138794,30,0.020999230444431305,29.05,0.8070730502118847,0.8070730502118847,0.8518166413506594,0.8961421940147594,0.9045312997249778,0.9457399034710271,0.9713748801458966,1.0000086637543482,1.0162303050042418,1.0298973261374769,1.0491300629829565,1.067750279062949,1.0837326679050177,1.093789884241809,1.1019291876390482
aarou_30 >= aarou_10_sft_1,0.021527119,98878,60058,38820,12.99,-7043.042847613547,-1099.2699464167454,0f031b3780e6467809600593d6806420193325d9573f332c17b627db66a26893,30,0.005342980846762657,27.64,0.86182949273535,0.86182949273535,0.9192637543076257,0.9595903942752463,0.985921676193915,1.0137510863096246,1.0365292401511468,1.0594783193566917,1.0698940022681895,1.0810052529324656,1.093997433141426,1.1074974847190615,1.1260980421080298,1.1347870217190938,1.1481168254611092
willr_10 <= -2,0.02145073,98878,92484,6394,12.6,-12003.70802199368,-1797.268366470802,c087f74a8ef9fdefe2bfbfe4c42e7c177e68996d73089fae9a8de15f5638210d,30,0.01104276068508625,27.57,0.8451718296488419,0.8451718296488419,0.8935369241653954,0.9298947185850361,0.9555736833162863,0.9806431638578702,0.9998426299146734,1.0156580579652856,1.0300000962639977,1.0453597819264067,1.0613138165954648,1.0773528992432722,1.0920516985702606,1.1032841360012013,1.113625835229921
rsi_10 <= rsi_30_sft_3,0.021440057,98878,51115,47763,13.1,-5429.06791962055,-978.2848114325461,f60792ba6ac5baece5de7ac90117c85055d233a86016db65a9b1851d8a518ee9,30,0.012994945049285889,28.01,0.8677773114308208,0.8677773114308208,0.9043910624838765,0.9322270101840862,0.9509357680158018,0.9722974577733741,0.9884010773159482,1.00302144387511,1.017554183051435,1.039719441000505,1.0499689572241961,1.0632519218597012,1.084529428374758,1.0945617204442994,1.1085776959473195
adx_30 >= adx_20_sft_2,0.021434322,98878,18608,80270,13.89,-3646.841604186803,-496.00675530890294,fd7b69234972b511c2e03a174ce4b77d38140d5e70cabc298bd88fa9bb05adbf,26,0.00796479918062687,27.05,0.8010090546347822,0.8010090546347822,0.8534607430329474,0.8997587900817754,0.9282867453445018,0.9596138090817701,0.9844332365530922,1.0094216302453707,1.0266423038697057,1.031367840799605,1.0354148857730914,1.0366984709055407,1.0374530064963026,1.029379240637443,1.0300128414420078
rsi_10 <= rsi_20,0.021418272,98878,51134,47744,13.1,-5868.393321405947,-999.6152851423903,f60792ba6ac5baece5de7ac90117c85055d233a86016db65a9b1851d8a518ee9,30,0.009901301935315132,27.87,0.8585602877026787,0.8585602877026787,0.9011720641095183,0.9275377629273647,0.9441696481245911,0.9624737894616741,0.97958735573607,0.9946648474895342,1.0153685881825216,1.0391706341643452,1.0520818863138122,1.0644922747617473,1.083749952791654,1.0927907491268192,1.1055821745509815
minus_di_10 >= minus_di_30,0.02138977,98878,45885,52993,13.18,-6788.871260662621,-936.153299293801,a7c5a511f18bc4bc65b530c22aedd665cbba6e43036caf921c03925c9eff7340,30,0.014083233661949635,28.12,0.8209527719355872,0.8209527719355872,0.8648313297683394,0.895684429364568,0.9129383873294458,0.9384195990341786,0.9590398469273738,0.9799086669354733,1.0061816606611433,1.0297428686351089,1.0439752950505983,1.0611477663907498,1.0738512388623234,1.0839802097575053,1.0962878127405777
willr_5 <= -22,0.021360995,98878,74601,24277,12.82,-7672.10027435415,-1388.163776969879,c087f74a8ef9fdefe2bfbfe4c42e7c177e68996d73089fae9a8de15f5638210d,30,0.010310793295502663,27.71,0.8742650898704887,0.8742650898704887,0.9248548680303174,0.9598634352089652,0.9774221292395621,0.9927725066917499,1.0127254441530047,1.0249537512102687,1.0376301185462207,1.050612381337352,1.0669859641723958,1.082822382141015,1.0955999243382328,1.105117913178105,1.1153561961698728
rsi_10 <= 17,0.021352047,98878,532,98346,21.99,239.55749915668275,-0.5784578998500352,64f5e1bb8a7d01ed3bc711ef82f8836c32f34a4dc5e2cbccb6c4442736ec4dbc,4,0.0,0.0,1.5842393932122558,1.5842393932122558,1.467881536531009,1.270054703152073,1.1110215727261028,1.0961169288292332,1.1546584183887416,1.1248888566166806,1.1401503800447645,1.216824727872615,1.2242882379086641,1.228172434342854,1.159723583597729,1.1012459611049608,1.078324224440261
rsi_14 <= rsi_20_sft_3,0.021324838,98878,50872,48006,13.1,-5238.5643731735,-937.2250529274606,f60792ba6ac5baece5de7ac90117c85055d233a86016db65a9b1851d8a518ee9,30,0.012797534465789795,28.0,0.8719140814669818,0.8719140814669818,0.9074061259301287,0.9377751700409825,0.958989398552955,0.9741850777464817,0.9906653381796712,1.0072377232431924,1.0210196639652993,1.0404311635986037,1.0594689939265027,1.0749423578586634,1.0980610381562428,1.1088119358352204,1.1217652258813073
willr_10 <= -1,0.021262772,98878,93054,5824,12.59,-12108.68223884561,-1808.0092696237261,c087f74a8ef9fdefe2bfbfe4c42e7c177e68996d73089fae9a8de15f5638210d,30,0.011107980273663998,27.57,0.8447472167146783,0.8447472167146783,0.8939753763109014,0.9315500083848542,0.9579094960979453,0.9814897409743731,1.0014344602198115,1.0178315105509355,1.031797395721918,1.0465823928214666,1.0615283574249503,1.077331231615239,1.0916918125911268,1.1035169168790417,1.1138215147996098
bb_upper_2_30 <= Low,0.02125178,98878,1619,97259,17.85,738.6073662909184,25.56266735351528,dbb570f8106d6c3d6f292085aaa378b98a5659545b5ba59380ac7a9e0cfee8bf,30,0.015298834070563316,32.74,1.3946190782616747,1.3946190782616747,1.6101774443225654,1.642123942376657,1.7379241809841128,1.790605370090143,1.8545106918601544,1.8875159121897123,1.8518971000873796,1.8993602047299891,1.9602232449297272,2.0530678494560575,2.101599557428444,2.27648412850224,2.3194408523132433
minus_di_14 >= minus_di_30_sft_2,0.021250414,98878,44717,54161,13.19,-6577.554839706871,-919.2618427074849,a7c5a511f18bc4bc65b530c22aedd665cbba6e43036caf921c03925c9eff7340,30,0.016868799924850464,28.27,0.8223182133788174,0.8223182133788174,0.8622052492503248,0.890654809675483,0.9102619210528998,0.9333024867817871,0.9516995466481502,0.9698821663583759,0.9948624987949127,1.0256964843902538,1.0428621226457757,1.0623712890147914,1.0824110574827546,1.093105924654293,1.1045475260606112
rsi_10 <= 24,0.021223195,98878,2362,96516,16.89,426.9608410681831,-26.124006005680712,64f5e1bb8a7d01ed3bc711ef82f8836c32f34a4dc5e2cbccb6c4442736ec4dbc,6,0.02578834444284439,21.08,1.2544050775037352,1.2544050775037352,1.2659664212074255,1.2322550404305346,1.1755038060919425,1.148706543160196,1.1467225653672997,1.2148499694718111,1.1864935145490236,1.1720432264593124,1.1869966492428943,1.1838932681352414,1.2110584819179078,1.202003466686278,1.1746524169006223
plus_di_20 <= plus_di_30_sft_1,0.020992484,98878,62201,36677,12.95,-7772.575907510157,-1242.1754324985232,bd972efc927c87708f479b3c989a305bfeb89b6aa0381d01606955fa59f6baca,30,0.020502081140875816,28.15,0.8484752840064633,0.8484752840064633,0.8978886060720433,0.9367110151109119,0.9590668445936966,0.9863473470343352,1.0094217928224134,1.034935275500079,1.0637396867861817,1.0909636036789747,1.112549991788629,1.1329097469364706,1.151780283879543,1.163672311241032,1.1706085511334618
minus_di_10 >= minus_di_30_sft_2,0.02098994,98878,44855,54023,13.18,-6103.01640235792,-900.4911130979017,a7c5a511f18bc4bc65b530c22aedd665cbba6e43036caf921c03925c9eff7340,30,0.013728929683566093,28.12,0.8334430318879599,0.8334430318879599,0.8731119473323177,0.8993131339328024,0.9195265085181726,0.9365509973997588,0.95690110408302,0.9769099115251345,0.999972839006986,1.0293069232679024,1.046745288556191,1.0635879883522166,1.0796647908518353,1.0893666715573396,1.1020816682625654
rsi_5 <= 15,0.02096303,98878,2841,96037,16.44,387.95108567272837,-29.534966840721605,64f5e1bb8a7d01ed3bc711ef82f8836c32f34a4dc5e2cbccb6c4442736ec4dbc,6,0.024304192513227463,20.24,1.1868685611244179,1.1868685611244179,1.2132698399625714,1.1490301204109636,1.102503254605349,1.059420613039278,1.0591635940332391,1.0977078218385765,1.0736858530080884,1.060177611601039,1.0870552745869448,1.082314198868098,1.109012416379876,1.1151313537616574,1.116983243928406
minus_di_10 >= minus_di_30_sft_1,0.02091442,98878,44985,53893,13.17,-6261.37059079286,-901.100605537722,a7c5a511f18bc4bc65b530c22aedd665cbba6e43036caf921c03925c9eff7340,30,0.012920980341732502,28.08,0.8301948806030861,0.8301948806030861,0.8696490173640473,0.8997393865773602,0.9200451384076428,0.9431673605291854,0.961104307142531,0.982833929975951,1.008945556554624,1.0375082089854832,1.0539533794352975,1.0700051102721406,1.0826317682266569,1.0935364550430127,1.103949278629292
rsi_5 <= rsi_14_sft_2,0.020905383,98878,50403,48475,13.09,-4442.431081657745,-876.4541890986147,f60792ba6ac5baece5de7ac90117c85055d233a86016db65a9b1851d8a518ee9,30,0.00797607284039259,27.79,0.8899019109243402,0.8899019109243402,0.9326595424025124,0.9605906767572644,0.9791778721323766,0.9914012915123347,1.0048138510929805,1.0218309770084317,1.034276206686759,1.0548808538026122,1.0697841656998275,1.0824495483683834,1.1048542998861834,1.1146905014747577,1.1233055797408908
bb_lower_2_20 <= bb_lower_2_10_sft_3,0.020876585,98878,77446,21432,12.78,-9819.509323222399,-1477.4608299190586,1b1f7d2955b86143cbe65db86c488966f4bce7b7721643a6a4f3f03e8b4d5ec5,30,0.003190170507878065,27.52,0.849319729042268,0.849319729042268,0.9039257279030586,0.9464385816309633,0.9790617232291653,1.0025616489250473,1.0261900887403275,1.0436444943406362,1.0606968236447492,1.0781668750665885,1.0936371091556412,1.107532555336966,1.1180836153748874,1.1326704313446097,1.14812895594199
stdev_20 >= stdev_30_sft_2,0.02086814,98878,29219,69659,13.48,-2608.172201175437,-586.0482173597411,a092dbfa6dbefd1d342d1a211503f33f5c7745cd5359e4d4115f2b75459bc7b9,30,0.0029736144933849573,27.65,0.9011146749298378,0.9011146749298378,0.9666141091673391,0.9930487660844541,1.019168261325069,1.0353970265779235,1.0534080721256625,1.0620436836003604,1.0632535290256857,1.0674507860911304,1.0785960354002868,1.0926600007109746,1.1092757292815556,1.129320041864604,1.1431375805144213
rsi_5 <= 12,0.020803194,98878,1658,97220,17.67,344.5898663952248,-15.97129287310235,64f5e1bb8a7d01ed3bc711ef82f8836c32f34a4dc5e2cbccb6c4442736ec4dbc,4,0.020803194493055344,17.67,1.2804136662139025,1.2804136662139025,1.2423053830734114,1.1272554392627494,1.0280397994220531,0.9478130260644313,0.9714303358859906,1.0136143244116989,0.996036619840675,0.9869460541030083,1.0008899025136688,1.017345449186617,1.0362794577702674,1.0579299663195423,1.0636044282361918
minus_di_30 <= minus_di_20_sft_2,0.020783504,98878,49726,49152,13.1,-7809.803451902638,-991.3605062527567,6ead8d4aff114cb978d2a5e9b1dcb95b84dfa27fd6f0f40b385ac29b242b16ea,30,0.021972306072711945,28.42,0.8219740471326411,0.8219740471326411,0.8830706102016758,0.9228807783336022,0.9551036120767394,0.9828523832057487,1.0144614673177628,1.0348785187149547,1.059299595015987,1.0727592262450103,1.0897237815790308,1.1106573695411073,1.1260740647130523,1.142922763595793,1.1640979325426561
atr_30 <= atr_20_sft_2,0.02071262,98878,36495,62383,13.31,-3823.8210998573904,-634.2857977980748,6c56a6e37fe7066fac040219b9e7cfe2398571a456467cde7a8327153ebc94da,30,-0.013856317847967148,26.64,0.8830432751004353,0.8830432751004353,0.9330431424261171,0.967763052797562,0.9916635596080099,1.015421419017606,1.0405464465442253,1.059855612658183,1.0842632587164753,1.1128907901386857,1.139732095342352,1.15930558776704,1.1796525020129454,1.1977794550122092,1.2131943140986035
adx_10 >= 22,0.020707345,98878,71233,27645,12.84,-8737.852624264877,-1322.2493596636923,4118d96628e9d7109ca1b25b71d8f7665de5864ad974c7631ea4a76d380fc96f,30,-4.289718344807625e-05,27.44,0.856272979191171,0.856272979191171,0.9124017526396707,0.9478980921284635,0.9718432240863593,0.9908605893441098,1.009696387113416,1.0240732211478367,1.0391855591483505,1.0545078505694354,1.0678872719861738,1.0803557602173073,1.0928785833280292,1.1078034573688924,1.1237725163615362
aarou_14 <= 15,0.020655828,98878,27172,71706,13.52,-4009.160366180358,-558.7311699654965,da60be741621a42d93721696dcc6252cb06464cd161c4da151f0e18e03138794,30,0.02252424694597721,29.08,0.8198143450207771,0.8198143450207771,0.8541129865676009,0.8846380874950464,0.9078648282781847,0.9373581342593692,0.9685357277515221,0.982337384452485,1.0022281028110138,1.0374596189288372,1.057995739109217,1.0727554809947255,1.0894990851386335,1.101079350465859,1.1195422917352438
aarou_10 <= aarou_30_sft_1,0.020568663,98878,58871,40007,12.98,-6228.498696005784,-1036.9353134780104,11ecda3140789fc7bb03c4e9ce6db1e36d26d05f5895e9047d4b04d8e05db454,30,0.005628601647913456,27.65,0.8736687831063169,0.8736687831063169,0.9236365954288243,0.9648640855028643,0.9909255949190939,1.0131651868165505,1.0299150779886035,1.0502624310310067,1.06232371794462,1.0760937569606877,1.0873210274752028,1.1029661840423999,1.1175919329648172,1.1341355940503692,1.146363423018907
adx_20 >= 15,0.020543613,98878,75471,23407,12.8,-9873.390605221637,-1462.7754539055022,4118d96628e9d7109ca1b25b71d8f7665de5864ad974c7631ea4a76d380fc96f,30,-0.0017576056998223066,27.4,0.8460194833677036,0.8460194833677036,0.8983937659479787,0.934805084702445,0.9627224892563903,0.9872296544270953,1.0109799755342137,1.028689475281504,1.0461436543677012,1.0618328019695418,1.0780841105631924,1.090152202225955,1.1055569733911847,1.1191225342429445,1.1319997052343942
stdev_5 >= stdev_20_sft_1,0.020450633,98878,10580,88298,14.37,-1160.9004129181849,-215.05196265155246,a092dbfa6dbefd1d342d1a211503f33f5c7745cd5359e4d4115f2b75459bc7b9,30,0.009188801050186157,28.63,0.8890068312473477,0.8890068312473477,0.9346688651091363,0.9905197198226734,1.0390434782649722,1.0404050337812123,1.0598118045499625,1.092922702875156,1.1179037962020728,1.1220578056294082,1.116686775522862,1.096470543766629,1.0893344671245802,1.112927871315832,1.1437881308911857
adx_10 >= adx_5_sft_2,0.020447072,98878,12190,86688,14.22,-1375.1853930698708,-170.62289736228558,fd7b69234972b511c2e03a174ce4b77d38140d5e70cabc298bd88fa9bb05adbf,30,-0.0029324020724743605,27.1,0.8810087777627748,0.8810087777627748,0.8884340883821267,0.9215807704954219,0.9538479022383584,0.9819312931065931,0.9974876782431528,1.00156440841597,0.9891032146914187,1.0007424877887166,1.0171540918916337,1.0406383137323933,1.0580668350599178,1.0717914229939154,1.112043067577254
rsi_10 <= rsi_14,0.020407405,98878,51041,47837,13.07,-5631.980977326773,-998.5573929839738,f60792ba6ac5baece5de7ac90117c85055d233a86016db65a9b1851d8a518ee9,30,0.010151154361665249,27.88,0.8636185078490964,0.8636185078490964,0.9072448004857891,0.9370329135084067,0.9520702629812362,0.9723503716810239,0.9857964865523854,1.0022272703946344,1.0175812614220727,1.0415517295641035,1.053633276611293,1.06530620703544,1.0841285215593672,1.0945240395261662,1.1053670265564786
adx_10 >= 21,0.020358648,98878,74743,24135,12.8,-9071.344260051537,-1377.618346347197,4118d96628e9d7109ca1b25b71d8f7665de5864ad974c7631ea4a76d380fc96f,30,0.001152033917605877,27.47,0.8569273634818508,0.8569273634818508,0.9092674286115017,0.9454788489068601,0.9722046094422776,0.9908350684386427,1.009878693806323,1.0267738503954917,1.0422592925714778,1.0558861452596948,1.067422069721822,1.0794513233297043,1.091834704020754,1.1073535932685905,1.1235621782597864
atr_14 >= atr_14_sft_2,0.020313276,98878,36529,62349,13.29,-2451.293953753325,-620.990883692255,532171b4b026df3b7d23c8264137467a8cc80a53ca41565a8c760a4fc7c55907,30,0.015431985259056091,28.34,0.9250791964318557,0.9250791964318557,0.9943449319232642,1.0406904560737926,1.076194504105046,1.1005793698652444,1.1273942813497424,1.1545538785526885,1.1750922382161988,1.197433044649106,1.2134157990639314,1.2315622014036192,1.2392825663389697,1.2511155632789397,1.2651187756577338
aarou_10 <= 0,0.020264918,98878,16443,82435,13.91,-2952.5479965304403,-380.6840116640742,da60be741621a42d93721696dcc6252cb06464cd161c4da151f0e18e03138794,30,0.019917823374271393,29.44,0.7907456769173578,0.7907456769173578,0.8278536306310629,0.8737208761816966,0.8947871460566551,0.9362525793124191,0.9619095712807626,0.9993000752714848,1.0060269865184568,1.0157413442297216,1.045500044380306,1.0646006474034089,1.0773063934292617,1.083806234834845,1.0939035742376901
bb_upper_2_10 <= High,0.020238059,98878,14018,84860,14.06,-1402.1668425768294,-244.25733840966132,47a9751fea8d725fb5374946cd8b96bffe57ef928945364f4fe01eefa8efaa0d,30,-0.001054589869454503,27.33,0.9031828460953258,0.9031828460953258,0.9534061628549533,0.9931044939378983,1.0586695387674403,1.0763017737443934,1.0791740613282266,1.0923010116695298,1.1099757282751554,1.129640384333243,1.1453998623369062,1.1450182575210044,1.1390204332341696,1.138933984919272,1.1597152322463482
day_of_month == 8,0.02022449,98878,4031,94847,15.65,885.5091564639006,-24.057399886078194,737d6d1d85a27bd24d6381c6a37443495c3b9dd7a7d69f2f067c86100940a56f,30,0.06804247945547104,42.17,1.2869941944317491,1.2869941944317491,1.490859114096661,1.6733637635625618,1.841657453867638,2.0021648385314017,2.163034192509258,2.3311905641906194,2.5152173203895973,2.70241661474251,2.8787720207800405,3.0447300380751847,3.2090813904902746,3.355890245826715,3.4763329724537093
adx_30 >= 14,0.020137517,98878,66949,31929,12.88,-9147.068572752327,-1323.1191167641155,4118d96628e9d7109ca1b25b71d8f7665de5864ad974c7631ea4a76d380fc96f,30,-0.00868130847811699,27.18,0.8422000274622798,0.8422000274622798,0.8931268334065857,0.9297011769841909,0.956252472089103,0.9796830902689602,1.0004830417641382,1.019941347992809,1.0383305234064053,1.0558943087923087,1.0724202727218064,1.0865371209619494,1.102090430474017,1.1163741545448227,1.1293986156023568
rsi_5 <= rsi_20_sft_3,0.02012395,98878,50546,48332,13.07,-5060.600609022975,-928.1484214105076,f60792ba6ac5baece5de7ac90117c85055d233a86016db65a9b1851d8a518ee9,30,0.008962852880358696,27.84,0.8754193013613889,0.8754193013613889,0.9108242747439126,0.9419576800430524,0.9630698242878908,0.9800013307350125,0.9918684136285352,1.0092514789206792,1.0241452533400017,1.0438636800372496,1.0599931681688555,1.0753968576455706,1.0958223844050834,1.107234714408061,1.1192057955736758
aarod_30 <= 7,0.020075757,98878,17777,81101,13.83,-1443.2016608553508,-196.56856462084397,ee8487758bc2c4538d142a7a4b471774d99d1136098b9a4a57e5eb95d2b58bae,30,0.008918645791709423,28.29,0.9116037613246426,0.9116037613246426,0.9645144483893265,1.0255497364566593,1.061739004603884,1.0789309595221506,1.1008253243418729,1.1286191760179707,1.1372241707636521,1.1805255437586994,1.2150382744437855,1.2495833029982066,1.2859099187188803,1.30430355310822,1.3200215480399187
rsi_5 <= rsi_20_sft_2,0.020062624,98878,50546,48332,13.07,-5045.733114172905,-919.5892319000559,f60792ba6ac5baece5de7ac90117c85055d233a86016db65a9b1851d8a518ee9,30,0.008146755397319794,27.8,0.8753499013218278,0.8753499013218278,0.9120184434294761,0.9440027070890556,0.9620402638950101,0.9754685800633596,0.9904638889503484,1.0075075455303966,1.0228400213227171,1.04204097558417,1.0567973030894804,1.0694135482969902,1.091512795798162,1.1030010633335345,1.1116038147106624
willr_5 <= -23,0.020044835,98878,73799,25079,12.8,-7539.260869300797,-1387.338728189381,c087f74a8ef9fdefe2bfbfe4c42e7c177e68996d73089fae9a8de15f5638210d,30,0.009684311226010323,27.7,0.8748377586514438,0.8748377586514438,0.9256983021471341,0.9624461539741361,0.9792765071321079,0.994978127335801,1.0146597170047083,1.026344806333692,1.0384868363148996,1.0519122266585117,1.067613040016563,1.0830345516961541,1.094967481061455,1.1046732085141147,1.1159843544222718
aarou_30 >= aarou_5_sft_2,0.01998377,98878,53973,44905,13.02,-6471.018450807428,-990.6269775573237,0f031b3780e6467809600593d6806420193325d9573f332c17b627db66a26893,30,0.004786252975463867,27.64,0.8594912030927051,0.8594912030927051,0.9222257780674722,0.9514653456892103,0.9774550320473617,1.0010993956719105,1.0189348200739339,1.035463352602601,1.048684230442785,1.0619634100008206,1.0739929303042781,1.0807546173570735,1.0991005211153348,1.1107354575204609,1.1312559825178792
minus_di_20 <= 15,0.019939644,98878,17189,81689,13.85,-1429.3527013748076,-208.93206685758923,cee77ee220a5e77fe95d20a730179fabcb0f2e40106664424787bbccffac6b44,14,0.00010211656626779586,21.19,0.9205560932400708,0.9205560932400708,0.9852937300995753,1.0201649542490139,1.05898996002349,1.0727624394360182,1.079695541039082,1.065815005931849,1.0468354905744541,1.0311591546163108,1.0372195648983389,1.041663187224197,1.049375721307766,1.0577857970810018,1.070522834413786
willr_10 <= -4,0.019926792,98878,91293,7585,12.61,-11730.304079544196,-1777.5844180174827,c087f74a8ef9fdefe2bfbfe4c42e7c177e68996d73089fae9a8de15f5638210d,30,0.008575492538511753,27.56,0.8461137919993169,0.8461137919993169,0.8934542757079211,0.929117728845905,0.9553225235871197,0.979855337807863,0.9988842882961748,1.0151187330058327,1.0294363720077147,1.043924016779248,1.059827006151568,1.075899873272404,1.0917241876610964,1.1016729241683691,1.112391165156753
adx_14 >= 19,0.019847304,98878,69999,28879,12.84,-9232.024544660551,-1339.986957090994,4118d96628e9d7109ca1b25b71d8f7665de5864ad974c7631ea4a76d380fc96f,30,-0.0006069830851629376,27.43,0.8463551499668565,0.8463551499668565,0.9019861457392967,0.9393507820201955,0.9670027732474122,0.9898242676927667,1.0122767323747768,1.0307585597579976,1.0453290223800173,1.0620295802579447,1.0777296106315455,1.0931611720197432,1.110356762797526,1.1266180012853044,1.1392703842173988
rsi_10 <= 18,0.019845424,98878,656,98222,20.43,247.4334988243645,-1.9995678905906957,64f5e1bb8a7d01ed3bc711ef82f8836c32f34a4dc5e2cbccb6c4442736ec4dbc,4,0.0,0.0,1.4920920997621239,1.4920920997621239,1.4093407399646634,1.1982413051703285,1.0368764408613815,1.0202101374090247,1.1047165717788434,1.1829185398635766,1.0900127661137624,1.173152501750736,1.1988342090879194,1.2087332362121515,1.1586951560115941,1.1307848480170883,1.1232307833958368
rsi_5 <= rsi_20,0.01983197,98878,50665,48213,13.06,-5174.752394204359,-948.7452826056397,f60792ba6ac5baece5de7ac90117c85055d233a86016db65a9b1851d8a518ee9,30,0.008026654832065105,27.79,0.8729232231878695,0.8729232231878695,0.9162775046973902,0.9457097458350981,0.9654628801803764,0.9809014267730242,0.9894529867930991,1.0051199960696817,1.0212854949781818,1.0416606867105418,1.0547076321275857,1.0667253554772718,1.0853023247848652,1.0963095815532575,1.1052561067264786
rsi_5 <= rsi_14,0.019814858,98878,50506,48372,13.06,-5060.845074896217,-927.5565382982968,f60792ba6ac5baece5de7ac90117c85055d233a86016db65a9b1851d8a518ee9,30,0.007964265532791615,27.79,0.8759445107476846,0.8759445107476846,0.9182848869067528,0.9463742493572134,0.963805398366367,0.9803622040071096,0.9931949404548858,1.0094837091117086,1.0251932985249788,1.0437280924312269,1.0549012559705708,1.0702613795336118,1.0887599937432488,1.1006834512743902,1.1095312131289452
rsi_10 <= 21,0.019798689,98878,1287,97591,18.1,412.7493168237852,-4.302262000841435,64f5e1bb8a7d01ed3bc711ef82f8836c32f34a4dc5e2cbccb6c4442736ec4dbc,6,0.022823724895715714,22.3,1.4577112054760355,1.4577112054760355,1.496426128469074,1.29309067562602,1.17618691537975,1.1120049308824802,1.1863041722504823,1.2570998379741278,1.2000256000542027,1.2319374686842208,1.2760579338515154,1.2749769066032142,1.2893384561869763,1.3158830601269247,1.2651831601682448
stdev_30 <= stdev_5_sft_1,0.019795792,98878,4932,93946,15.27,-364.79481430242595,-85.46575818387646,76cc05d7e847d59489f80a379ae9909f097acc0055c98dd465d85c99099ff3c8,18,0.012915913946926594,25.71,0.9253999724049207,0.9253999724049207,0.9651260417492415,1.0171640331119358,1.0529032955609132,1.0334260235022512,1.0415318733291172,1.0770803396503965,1.100731375930471,1.0791612822381234,1.0566945712187552,1.0223380600224392,1.0511513779696702,1.0807089689718532,1.0805350185190423
minus_di_14 >= minus_di_20,0.019781198,98878,46448,52430,13.11,-7117.808673256281,-963.8594674972774,a7c5a511f18bc4bc65b530c22aedd665cbba6e43036caf921c03925c9eff7340,30,0.014321629889309406,28.12,0.8160393680087288,0.8160393680087288,0.8608351459749298,0.8910186902898002,0.9098063796408331,0.9333455244173527,0.9531335426453523,0.9737989397648217,1.0003104519011732,1.0278417986369894,1.0444610293582226,1.0614637709026993,1.0756792135625195,1.0871475084635396,1.1010298467827935
rsi_5 <= rsi_14_sft_3,0.019749079,98878,50297,48581,13.06,-4473.716012316083,-872.4301777397704,f60792ba6ac5baece5de7ac90117c85055d233a86016db65a9b1851d8a518ee9,30,0.00947600044310093,27.86,0.8890118534987443,0.8890118534987443,0.924569191406538,0.9552869509183034,0.9788632800515565,0.9933626300413281,1.0040542396718788,1.020123054247449,1.0326088173563126,1.0534738095297387,1.0699361385562767,1.0825554438562324,1.1051439496584268,1.1175264622778605,1.1276697908001625
plus_di_20 >= 18,0.019716693,98878,71171,27707,12.82,-8965.836443429784,-1263.2201442104197,4f583626fd6f59b1b2e0825c720b1d1aad3858951a5b50964ea86a5c13485b5d,30,0.01999252662062645,28.0,0.8547523082069678,0.8547523082069678,0.914099876173656,0.9561510815440647,0.9922511960731127,1.0227603170069657,1.0523371148365068,1.079187203755017,1.1019824622965437,1.121660836706403,1.1392116711393334,1.1559087302714979,1.170390359347986,1.1838828372860846,1.1983470563973266
atr_14 <= atr_5_sft_2,0.019695412,98878,37997,60881,13.24,-2845.3339310433366,-671.0405881601328,6c56a6e37fe7066fac040219b9e7cfe2398571a456467cde7a8327153ebc94da,30,0.013080921024084091,28.18,0.9156912178639409,0.9156912178639409,0.9661225067262416,0.9999297106474786,1.02773537655703,1.0584132479108646,1.0775882441768856,1.0971465701549283,1.1142990351701245,1.125918102535104,1.1430335041059754,1.1541656055679421,1.1686450703840252,1.1848264786792295,1.1977634574691989
rsi_5 <= 14,0.019695004,98878,2387,96491,16.55,366.84349040502275,-25.14454186800867,64f5e1bb8a7d01ed3bc711ef82f8836c32f34a4dc5e2cbccb6c4442736ec4dbc,6,0.024408617988228798,20.74,1.2055248827707306,1.2055248827707306,1.212302864303803,1.1027185011061298,1.0289019620762776,0.9899866064842598,0.9976743469960059,1.039224466252158,1.0297365440339559,1.0128107682655998,1.0264157772003628,1.022464336915159,1.0384951527511128,1.0572987953541135,1.049963425200568
bb_upper_2_20 <= High_sft_3,0.019689634,98878,5777,93101,15.03,-640.1083002056548,-109.87464612628537,47a9751fea8d725fb5374946cd8b96bffe57ef928945364f4fe01eefa8efaa0d,20,0.005552543327212334,25.2,0.8918114350185095,0.8918114350185095,0.935965322685132,0.9850720798755855,0.9827050721586141,0.9818266884907113,0.9876168092545332,0.9872413944527324,1.0132184113973846,1.0224280339539706,1.012203398868456,1.003796533901118,1.0188380233084178,0.9979698786981374,0.9808569409651057
rsi_5 <= 10,0.019633837,98878,1037,97841,18.71,166.6868343699025,-10.681231676491729,64f5e1bb8a7d01ed3bc711ef82f8836c32f34a4dc5e2cbccb6c4442736ec4dbc,4,0.019633837044239044,18.71,1.2004855137825068,1.2004855137825068,1.1336710349128631,0.9581110567642667,0.8640493638369405,0.7797686487328659,0.8199157066791765,0.8777968742811572,0.8262838359709787,0.8333777658085246,0.8575701666415335,0.8678429038867166,0.8963434571574386,0.9240828322563808,0.9209057140560035
minus_di_20 <= 14,0.019593617,98878,13776,85102,14.02,-1171.6523277964443,-151.24630932853324,cee77ee220a5e77fe95d20a730179fabcb0f2e40106664424787bbccffac6b44,30,-0.02957078441977501,24.17,0.9220069448297913,0.9220069448297913,0.9761459992123457,1.0060045970001985,1.0417089207134764,1.0594915543855628,1.0599063606838204,1.0376002838981793,1.0199614360422709,1.0159944566239385,1.0207964272535732,1.0319734976466357,1.0405949725470145,1.0548214788876176,1.065860748729957
rsi_5 <= 8,0.019554904,98878,618,98260,20.55,164.4744021362858,-1.6932888005903783,64f5e1bb8a7d01ed3bc711ef82f8836c32f34a4dc5e2cbccb6c4442736ec4dbc,4,0.0,0.0,1.3287113165886355,1.3287113165886355,1.2542766553244133,1.0517576288955013,0.9457687014205974,0.8531799589754397,0.9533461571569442,1.0051565071300503,0.9490215929343537,0.9350218448289654,0.9481429649057898,0.9459714254285643,0.9835384867865391,1.0164207009900175,1.0229113494111959
minus_di_30 <= 19,0.019513136,98878,32035,66843,13.35,-3953.5609571646382,-526.4973658547533,cee77ee220a5e77fe95d20a730179fabcb0f2e40106664424787bbccffac6b44,30,-0.028281060978770256,25.62,0.8728117516957188,0.8728117516957188,0.9301813078409485,0.9734072048852528,1.0007634859089696,1.0168523561936649,1.0277585647518357,1.0311481613809028,1.0358491888677601,1.0325787068143633,1.027859001798151,1.0248642421450647,1.0293856518886382,1.0393845762187208,1.0506018440367315
rsi_5 <= 13,0.019449955,98878,1975,96903,16.91,350.83730909845326,-18.462232872268938,64f5e1bb8a7d01ed3bc711ef82f8836c32f34a4dc5e2cbccb6c4442736ec4dbc,4,0.019449954852461815,16.91,1.2329919428453053,1.2329919428453053,1.200313972137563,1.0834006130210014,0.9979781653205294,0.9537494850644564,0.9751455123724566,1.0243647056891807,0.9997983600903894,0.9827990881078892,0.9971490712065307,1.006060926353657,1.026376877700314,1.0530856020154353,1.0484479015016246
rsi_10 <= rsi_14_sft_3,0.019420678,98878,50453,48425,13.05,-4872.975512446104,-911.385635736282,f60792ba6ac5baece5de7ac90117c85055d233a86016db65a9b1851d8a518ee9,30,0.010437027551233768,27.9,0.880116338481525,0.880116338481525,0.9168222828413534,0.947097952659712,0.9689482394855079,0.9837950305171617,0.9970238794838793,1.0144600454622714,1.030332306005264,1.0502595095124216,1.0682103583299887,1.084178164796507,1.107221594946065,1.1183811300420203,1.1288207291668986
rsi_5 <= rsi_10_sft_1,0.019334164,98878,50416,48462,13.04,-4839.494674998754,-941.4548538381714,f60792ba6ac5baece5de7ac90117c85055d233a86016db65a9b1851d8a518ee9,30,0.008902476169168949,27.83,0.8806155773025235,0.8806155773025235,0.9242541079421925,0.9560671570480638,0.9783677123074256,0.9933856094139423,1.0027805898825568,1.0134000990037764,1.0300895409191575,1.053200025147447,1.0673802377343735,1.0789949904416274,1.097619170831952,1.1102119569287257,1.1193094490873718
aarod_10 <= 10,0.019294126,98878,24460,74418,13.53,-2274.653223962887,-454.22211284723016,ee8487758bc2c4538d142a7a4b471774d99d1136098b9a4a57e5eb95d2b58bae,30,0.006091331131756306,27.92,0.9017561311588732,0.9017561311588732,0.948641096911678,0.9831588110592402,1.0185024453488452,1.0529754795863078,1.055609886412281,1.073406931583728,1.0842499184800216,1.1160719267215509,1.1456383199008744,1.1491962591138203,1.1596886954817336,1.18537094440254,1.194927263124002
bb_lower_2_20 >= Close,0.019240856,98878,5019,93859,15.16,254.8341289658274,-77.54554446182738,0e70b8a8d55e4ec73841ad3e8c9b127c0a23132eee3ba0a11c3e072e280aafa3,30,0.01657559536397457,30.64,1.0686458774687866,1.0686458774687866,1.0619140724588692,1.0689294295811673,1.0747383777602404,1.0453204284062518,1.0435089473935497,1.0882042762344728,1.090184410921828,1.0551917405328475,1.0555159178896378,1.074260496513884,1.0870155490729274,1.0766735992976693,1.1006259424400704
willr_5 <= -24,0.019208428,98878,73226,25652,12.79,-7441.492361383793,-1373.5856760912866,c087f74a8ef9fdefe2bfbfe4c42e7c177e68996d73089fae9a8de15f5638210d,30,0.008488788269460201,27.67,0.8751633928708012,0.8751633928708012,0.9257443740779129,0.9614096560055592,0.9771204943094479,0.9933173093134355,1.0119947402864673,1.023830350362692,1.0361470213173714,1.0498953477206785,1.0656787759434987,1.080657976434536,1.092169050855678,1.102213271508827,1.1130635207996993
rsi_5 <= 9,0.019192135,98878,810,98068,19.38,198.6884520278545,-3.8356837608225725,64f5e1bb8a7d01ed3bc711ef82f8836c32f34a4dc5e2cbccb6c4442736ec4dbc,4,0.0,0.0,1.3130974309645944,1.3130974309645944,1.2488414196857873,1.034369863710042,0.9179160590138428,0.8078551165814492,0.8649989213876533,0.9344554412070734,0.8668447749571739,0.8775855066586554,0.9109325013782573,0.9056219410386791,0.9244640266564679,0.949328607238786,0.967539684346404
minus_di_14 >= minus_di_20_sft_2,0.019187784,98878,42104,56774,13.15,-5306.021672376992,-849.8649201857042,a7c5a511f18bc4bc65b530c22aedd665cbba6e43036caf921c03925c9eff7340,30,0.011760633438825607,28.05,0.8451113633278791,0.8451113633278791,0.8823385747674793,0.9106770551411839,0.9272775214651479,0.948349221175327,0.9675721481654616,0.9856958911453166,1.0070142664387793,1.0431659120233905,1.062317586870638,1.0760175964227887,1.0964355199853386,1.1099485477446118,1.1176552453521462
adx_20 >= adx_14_sft_1,0.019049764,98878,16865,82013,13.8,-2691.44022017096,-373.7075862156926,fd7b69234972b511c2e03a174ce4b77d38140d5e70cabc298bd88fa9bb05adbf,30,0.004303009249269962,27.87,0.8330552986698547,0.8330552986698547,0.8673984751394075,0.9114977998907056,0.9433831056093731,0.9799294530834481,1.0063200116927646,1.0277984950914765,1.0378188812549722,1.0402845367307496,1.050511174323663,1.0569100553740407,1.0626547362856031,1.0695068417062321,1.0888253742530383
aarou_10 <= 20,0.019028101,98878,32299,66579,13.32,-4921.700620421002,-667.2819155365723,da60be741621a42d93721696dcc6252cb06464cd161c4da151f0e18e03138794,30,0.021676748991012573,28.83,0.8151724258901908,0.8151724258901908,0.8548169166406798,0.8970771932882053,0.9104031859391114,0.9475930074247036,0.9757116411169551,0.9951991137770955,1.0145295183395597,1.030447218180312,1.0467224390306276,1.0677157489087024,1.0803627594699539,1.0928876400902658,1.1004353551043198
stdev_20 >= stdev_30_sft_1,0.018993624,98878,28203,70675,13.41,-2834.5921334357313,-595.4409561854409,a092dbfa6dbefd1d342d1a211503f33f5c7745cd5359e4d4115f2b75459bc7b9,30,0.0015914096729829907,27.56,0.8886455296140431,0.8886455296140431,0.9528570702551286,0.983817133881278,1.00771973593336,1.0289011970855884,1.04987919121187,1.0592947174880398,1.0590204055946495,1.061880185003381,1.0624257367161392,1.0791291391826079,1.0918557987052668,1.1079869921672636,1.1193459979502425
rsi_5 <= rsi_30_sft_1,0.018940283,98878,50758,48120,13.03,-5164.887931014568,-961.2937642392571,f60792ba6ac5baece5de7ac90117c85055d233a86016db65a9b1851d8a518ee9,30,0.00995309092104435,27.88,0.872667619374631,0.872667619374631,0.9164010338802702,0.9435062875297825,0.9660600885823294,0.9864401652993292,1.0035702516118699,1.0192582184077281,1.0330468319392392,1.0575996657279123,1.0700458672464028,1.081034427571728,1.0994558740767228,1.109234936885152,1.120381512122016
rsi_10 <= 20,0.018938947,98878,1039,97839,18.48,282.12833875825163,-4.8539149462449105,64f5e1bb8a7d01ed3bc711ef82f8836c32f34a4dc5e2cbccb6c4442736ec4dbc,6,0.021671049296855927,22.71,1.376662969169416,1.376662969169416,1.4527011830588326,1.2310212376820473,1.1051343954085822,1.0409622156583827,1.098117704420978,1.1586866200914887,1.1234581909927517,1.154997524549707,1.2118694436515165,1.2258411869365495,1.2394515901232,1.2460208108652113,1.2075032247573
bb_lower_2_20 <= bb_lower_2_10_sft_2,0.018921021,98878,75791,23087,12.76,-9359.762059108743,-1430.1256616291212,1b1f7d2955b86143cbe65db86c488966f4bce7b7721643a6a4f3f03e8b4d5ec5,30,0.0020470889285206795,27.5,0.8530496665663211,0.8530496665663211,0.9016820699760056,0.9483351942076526,0.9836054914841215,1.0087444046428409,1.0322209531961417,1.0511912148580622,1.068164396749582,1.0851068674543893,1.0994225780913676,1.1136774018962572,1.124134033005461,1.1359163546242748,1.1519133670099266
aarod_5 <= 20,0.01891531,98878,34553,64325,13.27,-3362.4157381126934,-583.7027674880301,ee8487758bc2c4538d142a7a4b471774d99d1136098b9a4a57e5eb95d2b58bae,30,0.015256078913807869,28.37,0.8954205379589351,0.8954205379589351,0.9481806928778663,0.9827148843162172,1.0180879645035135,1.041121152649409,1.060928274396716,1.0910581576581126,1.0994911381543124,1.1085107735591317,1.1211553775306966,1.1352997976229835,1.1614203977186035,1.169296689769398,1.1783417040063333
aarou_14 <= 8,0.018894894,98878,21219,77659,13.61,-3104.6705303119575,-442.10631892772653,da60be741621a42d93721696dcc6252cb06464cd161c4da151f0e18e03138794,30,0.021058406680822372,29.24,0.8227876335487846,0.8227876335487846,0.8502624274714623,0.8779107427344728,0.8983116048088408,0.9390808423135026,0.9651438649324368,0.9739230433016635,0.9996672431816018,1.0313480026068171,1.0549548433431597,1.0693641055082854,1.0873783021164012,1.1055626982006432,1.1331275886010193
rsi_10 <= rsi_14_sft_1,0.018793272,98878,50608,48270,13.02,-5079.4438809790845,-936.3795354638714,f60792ba6ac5baece5de7ac90117c85055d233a86016db65a9b1851d8a518ee9,30,0.009325100108981133,27.85,0.8748585491105355,0.8748585491105355,0.9204339715243931,0.9477924924012441,0.9683804046575821,0.9863856315428813,1.0022295923605007,1.0130985658454064,1.0305057907246413,1.0549596433209023,1.068718137113061,1.0842480608073304,1.102441459568587,1.1181269547065327,1.1257376971553508
minus_di_10 >= minus_di_20_sft_1,0.018729886,98878,43739,55139,13.11,-5787.172617649521,-867.4883697168989,a7c5a511f18bc4bc65b530c22aedd665cbba6e43036caf921c03925c9eff7340,30,0.01108229998499155,28.0,0.837361216455642,0.837361216455642,0.8787571912527339,0.9041088817413929,0.9238772509859186,0.9431606058201831,0.9654781297687487,0.981432315293589,1.0085834015238633,1.038131758500713,1.0602056604888876,1.0739925818073917,1.093064368939774,1.1067760891638856,1.116809059195975
rsi_10 <= 19,0.018709084,98878,819,98059,19.17,274.4967303950107,-3.445967924861179,64f5e1bb8a7d01ed3bc711ef82f8836c32f34a4dc5e2cbccb6c4442736ec4dbc,6,0.0,0.0,1.4642984318758625,1.4642984318758625,1.4702243851615355,1.2486025549787292,1.1103849473587193,1.080274315704238,1.1266799046238338,1.1865194194754336,1.1037241255346495,1.1377898184349475,1.182233486796872,1.1849186490113606,1.1624476815408282,1.1552748292421047,1.1385122065825837
rsi_10 <= rsi_14_sft_2,0.018642113,98878,50515,48363,13.02,-4735.590813400249,-909.2777946951683,f60792ba6ac5baece5de7ac90117c85055d233a86016db65a9b1851d8a518ee9,30,0.007806980051100254,27.79,0.8829399558777498,0.8829399558777498,0.9274440783008927,0.956100317843681,0.9737589842034416,0.9839761115944213,0.9992326934350058,1.0160778675738529,1.0251833575962581,1.0476421181133815,1.0596605524469769,1.0748485184032692,1.096792701029556,1.1048696714135224,1.1134865523728315
aarod_30 <= 4,0.018633604,98878,13882,84996,13.94,-1127.848482506624,-151.95114517048205,ee8487758bc2c4538d142a7a4b471774d99d1136098b9a4a57e5eb95d2b58bae,30,0.009074448607861996,28.45,0.9131541427250092,0.9131541427250092,0.9615374824355821,1.0334751062011054,1.0632971940998244,1.0823634830428657,1.1024219615970274,1.1290507300823096,1.138295391887037,1.1907093046630026,1.2190182543812371,1.2663698814542181,1.2989242404009418,1.3078386146531444,1.332665464089551
plus_di_30 >= 14,0.01860885,98878,90191,8687,12.61,-12435.054310578482,-1763.8572714256807,4f583626fd6f59b1b2e0825c720b1d1aad3858951a5b50964ea86a5c13485b5d,30,0.034597478806972504,27.92,0.8356432443695959,0.8356432443695959,0.8906046638639439,0.9313459425374431,0.9629413918348211,0.990194641471528,1.01453363853479,1.0353819906445094,1.0536011601190531,1.070746428446345,1.0865148748093052,1.1005025092749632,1.1164539216021974,1.1290038207881608,1.1417134603359496
rsi_2 <= rsi_20_sft_3,0.018578488,98878,49927,48951,13.03,-4818.0817728001675,-899.8413268111035,f60792ba6ac5baece5de7ac90117c85055d233a86016db65a9b1851d8a518ee9,30,0.010497014969587326,27.91,0.8787711838186446,0.8787711838186446,0.9263285708312359,0.948985457374225,0.9718253620434532,0.9845863137745613,0.9980632284594935,1.0150702449769475,1.0302280305832034,1.0507020069464077,1.0585499323351137,1.071551123638469,1.0913486636397067,1.1004805178184158,1.109738178315352
rsi_2 <= rsi_20,0.018574756,98878,50000,48878,13.02,-4670.97203415677,-894.5878897049479,f60792ba6ac5baece5de7ac90117c85055d233a86016db65a9b1851d8a518ee9,30,0.011583542451262474,27.96,0.8825784689556014,0.8825784689556014,0.9275683857994088,0.9510660230705842,0.9726293741344997,0.9838145074151898,0.9975107177683368,1.0116218795644263,1.0272917477337407,1.050871143137857,1.0597721910630404,1.0734426639775156,1.0926987963190684,1.1026943311848756,1.1109686802082057
adx_10 >= adx_5_sft_3,0.018570635,98878,12229,86649,14.05,-2084.0610248375306,-224.13048610633996,fd7b69234972b511c2e03a174ce4b77d38140d5e70cabc298bd88fa9bb05adbf,30,-0.004491354338824749,26.91,0.8215118671327325,0.8215118671327325,0.8574398676834389,0.8985824279119129,0.9434470695772412,0.9613426495627844,0.962940517547866,0.9606986150099532,0.9573931065976421,0.9848438651997632,1.0158172368758145,1.0394818934608967,1.0495862096380628,1.0915615264905023,1.1330665244660854
aarod_14 <= 8,0.018566582,98878,20584,78294,13.61,-3195.2781183742336,-419.1756907018935,ee8487758bc2c4538d142a7a4b471774d99d1136098b9a4a57e5eb95d2b58bae,30,0.004953366704285145,27.88,0.8396206133778173,0.8396206133778173,0.9149526735315527,0.9747138806106727,0.984152509838254,1.015811944813063,1.0357929500996708,1.0747902900171715,1.1144769116854065,1.1233918328908563,1.1348393651201076,1.1576981325881768,1.1693183986218725,1.1846061962643475,1.189000126352448
adx_14 >= 18,0.018564587,98878,74031,24847,12.77,-9680.351496539308,-1411.9084732737174,4118d96628e9d7109ca1b25b71d8f7665de5864ad974c7631ea4a76d380fc96f,30,-0.004167425446212292,27.34,0.8462442508618716,0.8462442508618716,0.9032930231575445,0.9414734369365574,0.9694014017151021,0.9918363910829879,1.0130064475158702,1.0335831000902032,1.0519584701229518,1.0690120062138406,1.0851942268906714,1.0979407257478497,1.1126390023229298,1.1273800641772227,1.1402578824637608
aarod_10 <= 20,0.018545846,98878,31630,67248,13.31,-3359.371362273232,-605.546034438943,ee8487758bc2c4538d142a7a4b471774d99d1136098b9a4a57e5eb95d2b58bae,30,0.007005090359598398,27.9,0.885781281449028,0.885781281449028,0.9451725693417458,0.9820011746254077,1.0104469879463598,1.044385850607056,1.0519663214973958,1.0622307192274898,1.0748297888090663,1.0966136802119353,1.1244088733731048,1.132112578509726,1.143003105493056,1.1652601321756417,1.1777000754963873
rsi_2 <= rsi_20_sft_1,0.018527383,98878,49974,48904,13.02,-4652.562428251706,-890.9000525541269,f60792ba6ac5baece5de7ac90117c85055d233a86016db65a9b1851d8a518ee9,30,0.011000351049005985,27.93,0.882701426150564,0.882701426150564,0.9265107781766694,0.951371308497997,0.9716844913145185,0.9832873662440454,0.9937204342284741,1.0068871261493242,1.0222748661119412,1.047236655372898,1.0566804379020989,1.0701840466877501,1.0901523248069385,1.1000500058523761,1.1088826379304066
rsi_5 <= rsi_30,0.018450415,98878,50774,48104,13.01,-5166.51955591267,-956.9896032652614,f60792ba6ac5baece5de7ac90117c85055d233a86016db65a9b1851d8a518ee9,30,0.0104341646656394,27.9,0.8726136741895683,0.8726136741895683,0.9171356815443529,0.9482918428928996,0.9702915915318014,0.9859619130992608,1.0019133975283148,1.0192713459383311,1.032670851812567,1.0542304466247,1.068370429497606,1.078308521065402,1.0963946072843838,1.1071880667158578,1.1164479081640726
minus_di_14 >= minus_di_20_sft_1,0.018443724,98878,41249,57629,13.14,-5670.747325638119,-855.7315274949578,a7c5a511f18bc4bc65b530c22aedd665cbba6e43036caf921c03925c9eff7340,30,0.014305481687188148,28.2,0.8326560194611251,0.8326560194611251,0.8723202194718335,0.8979726853306413,0.9157339624923323,0.9344143603353108,0.9542285104472695,0.9718650379332988,0.9939316187911148,1.0237452156219562,1.0435898035256088,1.0608616621524767,1.0825449787084667,1.0970002150505849,1.1007553212835828
aarod_20 <= 20,0.018389506,98878,30180,68698,13.33,-3789.0857255622395,-483.5920963278986,ee8487758bc2c4538d142a7a4b471774d99d1136098b9a4a57e5eb95d2b58bae,30,0.00384469423443079,27.7,0.8617398983878322,0.8617398983878322,0.9101762590467666,0.9544282541643206,0.986493222882455,1.0232611760146015,1.0554375488964165,1.074211993260903,1.093597164156623,1.117288904603602,1.139582496267543,1.156469943979336,1.172569315002907,1.1899814820936454,1.2113467329766272
adx_20 >= adx_5_sft_2,0.018382968,98878,10147,88731,14.21,-1769.815820942109,-190.6942116584105,fd7b69234972b511c2e03a174ce4b77d38140d5e70cabc298bd88fa9bb05adbf,30,-0.003497971221804619,26.98,0.8217546569869754,0.8217546569869754,0.8418224899536578,0.8754633317066529,0.9391059480579674,0.9685839423546734,1.0018604938464972,1.0121686428395404,1.0152357844679738,1.0083358781754332,1.0152095043474552,1.0359949195249853,1.0419069775871757,1.0641970512464,1.106189148430542
mema_5 >= Low,0.018377282,98878,82939,15939,12.68,-10749.185395757337,-1649.8446407873198,e7e0f1d344c8e3b4344908a65185f87340bab0bfe5216b7073401aaebfc88a19,30,-0.0015748925507068634,27.41,0.8454093390968179,0.8454093390968179,0.8995106861272432,0.9356761566392706,0.9580681872037047,0.9768607495754583,0.996547898419539,1.0100121768951433,1.0265607473515084,1.0424491625598336,1.0537576649253317,1.0631585414879197,1.0766663062081852,1.085241504770914,1.0963785269579682
aarod_30 <= 10,0.018343808,98878,21183,77695,13.58,-1871.1686557301705,-262.24421730780887,ee8487758bc2c4538d142a7a4b471774d99d1136098b9a4a57e5eb95d2b58bae,30,0.00924366619437933,28.23,0.9026567871915153,0.9026567871915153,0.9486359216451863,1.0061952956680347,1.0498873695196793,1.0721609759775084,1.0940040582869848,1.1158014025683853,1.1355825054759876,1.1701193735189472,1.202746377480106,1.2318504684864955,1.268906686645324,1.2942967988398255,1.3126700815264545
adx_10 >= adx_5_sft_1,0.018311515,98878,12800,86078,13.98,-1864.6783082582988,-186.8404578435584,fd7b69234972b511c2e03a174ce4b77d38140d5e70cabc298bd88fa9bb05adbf,30,-0.0020896063651889563,27.2,0.8473948549823194,0.8473948549823194,0.895857346713746,0.903508808934511,0.9366739178249651,0.9633560255051934,0.9860831561877788,1.0153854053497693,1.0155803087889397,1.0198008438763018,1.0400697090066955,1.0517517756085282,1.0793315847718032,1.0893303406541786,1.120216096576778
aarou_14 <= 22,0.018303834,98878,32442,66436,13.28,-4988.197648778519,-666.4065583704942,da60be741621a42d93721696dcc6252cb06464cd161c4da151f0e18e03138794,30,0.021688541397452354,28.83,0.8121412512200686,0.8121412512200686,0.856303050499215,0.8815202456855632,0.9087076831984814,0.9382690765856431,0.9660194951682178,0.9866067766282013,1.0038959471938351,1.036517969749093,1.0582206267738572,1.0731958274291213,1.0892580313960114,1.0999989341235565,1.1104416294938875
aarod_20 <= 15,0.018260852,98878,26244,72634,13.42,-3296.421516037459,-411.4297935965442,ee8487758bc2c4538d142a7a4b471774d99d1136098b9a4a57e5eb95d2b58bae,30,0.005150788463652134,27.83,0.8620544597078811,0.8620544597078811,0.9120556592435748,0.9639552728463979,0.9957307767055825,1.038500664777756,1.071138682863593,1.085480177805942,1.1100059608394404,1.1361741276884676,1.1557190336840677,1.1718503068363468,1.1833958033410479,1.2012894905762153,1.2265841591831343
minus_di_10 >= minus_di_14,0.018260596,98878,45852,53026,13.07,-6104.861466887269,-912.7325883215017,a7c5a511f18bc4bc65b530c22aedd665cbba6e43036caf921c03925c9eff7340,30,0.008541923016309738,27.85,0.8360975311239133,0.8360975311239133,0.8809148792337793,0.9120981787865273,0.932846148755669,0.9535926275669528,0.973124714133361,0.988495438988472,1.0169163016709093,1.0446058465967618,1.0631681382368048,1.0729160724232243,1.0851194840786225,1.0972441024516788,1.112716976740675
atr_20 <= atr_10_sft_3,0.018245442,98878,38204,60674,13.18,-4264.869891018328,-671.9906555222333,6c56a6e37fe7066fac040219b9e7cfe2398571a456467cde7a8327153ebc94da,30,-0.0007941542426124215,27.4,0.8727746209264406,0.8727746209264406,0.9292959407793967,0.9727976986222597,1.0011485994115752,1.023014210589152,1.0478804312864451,1.070525600808356,1.0909740101453977,1.1071212823373078,1.129697168767618,1.1432149367487774,1.1630081170426159,1.1795779912514357,1.1978434156630977
adx_5 <= adx_10,0.018236155,98878,14139,84739,13.89,-2690.926257466548,-270.98699878834304,234f8ad1c2baf91b95c9f1aef2798b533888ce55558d2a8e51c247014080fabc,30,-0.00345973065122962,27.07,0.8024664273023783,0.8024664273023783,0.8693720145179086,0.8850793337066425,0.901760977216956,0.9359539164044166,0.9658027016843757,0.9970954934178088,1.0164244142626697,1.027097976183847,1.043102318026335,1.0614041797172813,1.0742642183966877,1.101950502996069,1.1194942945890654
rsi_5 <= rsi_10_sft_2,0.018195376,98878,50211,48667,13.01,-4505.323116887488,-896.9288523790456,f60792ba6ac5baece5de7ac90117c85055d233a86016db65a9b1851d8a518ee9,30,0.009095034562051296,27.84,0.8880191856993352,0.8880191856993352,0.934948785953532,0.9635488253503608,0.982170752116234,0.992430530253123,1.0067642190145556,1.0228672666776522,1.0377653974993355,1.0560980505676516,1.0691774996343753,1.083429198554124,1.1039401299390914,1.114003986548459,1.1237993451968995
rsi_14 <= 24,0.018191086,98878,977,97901,18.42,264.3061621602392,-3.8712169843056463,64f5e1bb8a7d01ed3bc711ef82f8836c32f34a4dc5e2cbccb6c4442736ec4dbc,4,0.0,0.0,1.3812680110968112,1.3812680110968112,1.3643768909803167,1.2391002120927086,1.1574708739865318,1.149971407497712,1.225274261066248,1.221100627863582,1.2195966378087078,1.2478937977039701,1.2961297485245034,1.2602725838541904,1.2234392173522595,1.1693480100724587,1.1493417102649095
aarou_14 <= aarou_30,0.018190624,98878,66889,31989,12.83,-7540.244455488083,-1187.5994952005713,11ecda3140789fc7bb03c4e9ce6db1e36d26d05f5895e9047d4b04d8e05db454,30,0.0024881393183022738,27.52,0.8668132189104221,0.8668132189104221,0.9236996914567599,0.9590387262521018,0.9855168115561485,1.0146413078933842,1.0368234989019214,1.0546040030764292,1.0663899749300072,1.0802976972206066,1.0915515150965942,1.1031705085721626,1.1166744816907606,1.1304756310619306,1.145528416399266
rsi_2 <= rsi_30_sft_3,0.018182078,98878,49826,49052,13.01,-4669.202441584825,-893.9641615471992,f60792ba6ac5baece5de7ac90117c85055d233a86016db65a9b1851d8a518ee9,30,0.010393449105322361,27.91,0.8810772993966445,0.8810772993966445,0.9269323889897657,0.9483025975297985,0.972896152089753,0.9871307159008433,1.0027090902320999,1.017604752826058,1.0332363173696262,1.0516050269649366,1.0585395118090868,1.0703355129078496,1.0879347301587663,1.096340865643187,1.10546222049338
rsi_5 <= 11,0.018178178,98878,1327,97551,17.56,310.7289194931509,-10.80394279293977,64f5e1bb8a7d01ed3bc711ef82f8836c32f34a4dc5e2cbccb6c4442736ec4dbc,4,0.018178177997469902,17.56,1.3143423829896563,1.3143423829896563,1.2674404718071575,1.123333061087357,0.9964601781458801,0.9023553804102499,0.9202169527728218,0.990774971407059,0.9370834346008531,0.9409026805518736,0.9637694065605945,0.9771597286579302,1.0007182373344967,1.0161418728431888,1.023354215821299
minus_di_10 >= minus_di_20,0.018173672,98878,46072,52806,13.06,-6509.631992100716,-931.6850434120424,a7c5a511f18bc4bc65b530c22aedd665cbba6e43036caf921c03925c9eff7340,30,0.011111668311059475,27.98,0.8277484328106546,0.8277484328106546,0.8726678737670319,0.902302015562673,0.9211541716813182,0.9493832229512295,0.9684102903245413,0.9844295582973054,1.012328345507308,1.0396192066430623,1.0579618730011087,1.0729090057466504,1.0849838431961305,1.094459625677853,1.108191612859183
atr_14 <= atr_10_sft_1,0.018139077,98878,40785,58093,13.13,-3687.052441562474,-712.6761850970943,6c56a6e37fe7066fac040219b9e7cfe2398571a456467cde7a8327153ebc94da,30,0.004953062627464533,27.71,0.8967836697931733,0.8967836697931733,0.9500863104218747,0.99526762010112,1.0226893427562327,1.0431531439012292,1.060329492253636,1.080920798303781,1.0974110833397481,1.114972961564475,1.1325465924529377,1.1466668721955562,1.1597003747378327,1.1806346466848217,1.1988839583342985
rsi_2 <= rsi_30,0.01813681,98878,49840,49038,13.01,-4630.466198609774,-889.7163575650193,f60792ba6ac5baece5de7ac90117c85055d233a86016db65a9b1851d8a518ee9,30,0.0107632577419281,27.92,0.8822868120934296,0.8822868120934296,0.9278860003876387,0.9509022566992791,0.9718251640443483,0.9861183665413689,0.9998215790356384,1.0138037616206557,1.0305459275252058,1.0521391628832675,1.0596745107890158,1.072023560454182,1.0906441476119457,1.0984373155209042,1.1074832695096242
willr_10 <= -5,0.018063914,98878,90616,8262,12.6,-11606.659673817503,-1757.313877160792,c087f74a8ef9fdefe2bfbfe4c42e7c177e68996d73089fae9a8de15f5638210d,30,0.008722511120140553,27.56,0.8462754822998514,0.8462754822998514,0.8927289957917118,0.9280204943085715,0.9542104845697457,0.9771370128142317,0.9952617052667236,1.0124407532725388,1.0266781872368875,1.0428540734544556,1.0591165060630257,1.0743571222149322,1.090898907717983,1.1011228945250808,1.1121375945155936
adx_14 >= adx_5_sft_3,0.01806183,98878,11082,87796,14.09,-1788.7611739091808,-188.83048276051704,fd7b69234972b511c2e03a174ce4b77d38140d5e70cabc298bd88fa9bb05adbf,30,-0.0036961748264729977,26.98,0.8321702851792124,0.8321702851792124,0.8509391656510087,0.8936123988627799,0.9315376764869497,0.9505600096289413,0.9686670801418066,0.9728039126004961,0.9693153146523337,0.9831695516835037,1.0006479353371147,1.0171239756892663,1.0287976739955509,1.072559826457851,1.1253358437812164
rsi_14 <= 23,0.018018492,98878,781,98097,19.08,259.5990242458647,-2.0153689553335417,64f5e1bb8a7d01ed3bc711ef82f8836c32f34a4dc5e2cbccb6c4442736ec4dbc,4,0.0,0.0,1.4591156370334406,1.4591156370334406,1.4083291808846974,1.2661072393570738,1.1743977972237416,1.2041531599474475,1.2552874507644858,1.2066416831838256,1.1666334997899965,1.2328695989565908,1.2714577970649832,1.258019501352645,1.1865967619708686,1.1617492069825255,1.1546116721164275
minus_di_30 <= 13,0.017962541,98878,7534,91344,14.48,-1393.6302787456661,-87.8840137660809,cee77ee220a5e77fe95d20a730179fabcb0f2e40106664424787bbccffac6b44,30,-0.029445907101035118,22.87,0.8535941630417057,0.8535941630417057,0.8913133610675837,0.9191563763897137,0.9498938195513332,0.9304743564070425,0.9219335372673001,0.8957524422131325,0.8891611697142915,0.8976876136452869,0.9260167223179745,0.956446227655762,0.9755786035590405,0.9947288822687391,1.0076273525627653
rsi_2 <= rsi_30_sft_1,0.017961279,98878,49855,49023,13.01,-4768.728159021626,-900.3094667789628,f60792ba6ac5baece5de7ac90117c85055d233a86016db65a9b1851d8a518ee9,30,0.010304677300155163,27.9,0.8788838595499464,0.8788838595499464,0.9251548506845796,0.9480030658184553,0.969785484771055,0.9846455081596972,0.9957964212033937,1.0089269111016275,1.0256727178295555,1.046270504921317,1.0553567644360438,1.0678006719817292,1.0861211432908628,1.094586163815589,1.103079743879798
rsi_5 <= rsi_30_sft_2,0.01793767,98878,50664,48214,13.0,-5171.138191085582,-956.143393571896,f60792ba6ac5baece5de7ac90117c85055d233a86016db65a9b1851d8a518ee9,30,0.009172617457807064,27.84,0.8719463427983218,0.8719463427983218,0.913106865966469,0.9432549231636661,0.9647045502297187,0.9795931591205197,0.9924541475961294,1.010639333635076,1.023472807181272,1.0447657875452336,1.0592436485910994,1.0695162811247607,1.0902386015158163,1.100260092425364,1.1111937732529853
minus_di_20 <= 16,0.017904222,98878,21034,77844,13.55,-2480.2381611672004,-308.39071346721175,cee77ee220a5e77fe95d20a730179fabcb0f2e40106664424787bbccffac6b44,14,-0.001995133701711893,21.03,0.8852895267425199,0.8852895267425199,0.9477797568542322,0.9894029609151564,1.0278680653607817,1.04323875126562,1.0579501644816491,1.0486881637814875,1.0419600512721114,1.026512287667483,1.0231624064798404,1.0271057131003487,1.0299969592201255,1.0395340656657601,1.0474027570719062
rsi_2 <= rsi_10,0.017880965,98878,49930,48948,13.0,-4083.252975567575,-878.1219323538826,f60792ba6ac5baece5de7ac90117c85055d233a86016db65a9b1851d8a518ee9,30,0.00923574436455965,27.85,0.8972849735058531,0.8972849735058531,0.9421922870038825,0.9636532980002943,0.9851893569780883,0.9939796176192509,1.0009663117831358,1.0159834828437686,1.0313676934101899,1.053570181152084,1.064067311228358,1.0791623332197486,1.0972843196533604,1.1081607769198556,1.1152579457205698
atr_10 >= atr_10_sft_3,0.017820653,98878,38194,60684,13.16,-2735.9547568257485,-653.8519312107674,532171b4b026df3b7d23c8264137467a8cc80a53ca41565a8c760a4fc7c55907,30,0.011948068626224995,28.12,0.9194559792940409,0.9194559792940409,0.9838919375296734,1.0412049767712617,1.0780320657844114,1.0942330746440534,1.121840498271995,1.1433961269827917,1.1640132484942867,1.1785842207571393,1.1906696732307096,1.2036535279370062,1.2191074487580444,1.2352399821460351,1.2516674496957323
rsi_2 <= rsi_14_sft_1,0.017815027,98878,49987,48891,13.0,-4393.721109582442,-885.6072084416373,f60792ba6ac5baece5de7ac90117c85055d233a86016db65a9b1851d8a518ee9,30,0.00979604572057724,27.88,0.8893501555343605,0.8893501555343605,0.9335813018941651,0.9564543622336603,0.9770378244543965,0.9865978731918834,0.9963285683019678,1.008752578821326,1.0225328363869135,1.0459907664506682,1.0566250057183448,1.0728597515122473,1.0926811686370987,1.1018281552441942,1.110446497354941
adx_14 >= adx_5_sft_2,0.01777246,98878,11455,87423,14.04,-1954.6346500114887,-202.98745991232136,fd7b69234972b511c2e03a174ce4b77d38140d5e70cabc298bd88fa9bb05adbf,30,-0.0028904557693749666,27.09,0.8259127870262231,0.8259127870262231,0.8560142314785364,0.8790157848635682,0.9168155692156044,0.9433178134132951,0.9585749865870957,0.9726753164431231,0.971589843572432,0.966685142008299,0.9847525062360898,1.0032545784538227,1.0171461212063988,1.0353716536830402,1.0824120262597303
aarod_10 <= 0,0.01775973,98878,15844,83034,13.76,-1169.8529819618561,-291.1280766363052,ee8487758bc2c4538d142a7a4b471774d99d1136098b9a4a57e5eb95d2b58bae,30,0.007020169869065285,28.16,0.9233613282062915,0.9233613282062915,0.9445986211400718,0.9854850716559873,1.0356687241206977,1.0543465204480174,1.0643532690602624,1.0882063004988056,1.10674948158338,1.1534198484415439,1.1795157299734573,1.183225235616599,1.1909558164395666,1.2074292293181879,1.2137667022493173
rsi_2 <= rsi_20_sft_2,0.017714767,98878,49976,48902,13.0,-4663.394559680146,-890.5599166888278,f60792ba6ac5baece5de7ac90117c85055d233a86016db65a9b1851d8a518ee9,30,0.01188206858932972,27.97,0.8824947881103975,0.8824947881103975,0.9271766238359942,0.948394238771684,0.9683130657141737,0.9802547643987575,0.99500440838628,1.011033526013188,1.0262535571376998,1.0483754590392327,1.056836125184247,1.0707149378132168,1.0912454652269725,1.10043316863954,1.1087617048621892
aarou_10 <= aarou_30_sft_2,0.01765941,98878,56400,42478,12.92,-6146.0516227888265,-989.9632930309381,11ecda3140789fc7bb03c4e9ce6db1e36d26d05f5895e9047d4b04d8e05db454,30,0.0062750400975346565,27.69,0.8691253119247444,0.8691253119247444,0.9198175757437675,0.9594756233736738,0.9794909229315345,1.0001299731919018,1.0151017245500082,1.0368204424914975,1.0487730852272554,1.0631187698050373,1.0749862303614952,1.0884606706532796,1.1051582602988046,1.1248427714212827,1.1380595610395352
stdev_14 >= stdev_10_sft_1,0.017569445,98878,74727,24151,12.75,-10024.81342999297,-1480.5230439009465,a092dbfa6dbefd1d342d1a211503f33f5c7745cd5359e4d4115f2b75459bc7b9,30,0.007660715840756893,27.64,0.841561338870569,0.841561338870569,0.8991903236724152,0.9415127376386188,0.9795496561836881,1.0072547220128405,1.028879289787533,1.0478944449635075,1.0674591470046413,1.0856881357852877,1.1016849954330767,1.1175158038616924,1.130248318760351,1.1420932763233735,1.153813321558633
aarod_14 <= 15,0.01753179,98878,26523,72355,13.37,-3668.5460765013268,-510.05179164248693,ee8487758bc2c4538d142a7a4b471774d99d1136098b9a4a57e5eb95d2b58bae,30,0.005001997575163841,27.81,0.8532669635093996,0.8532669635093996,0.9176789858945764,0.973378546498029,0.9879480145020324,1.0086442576808745,1.0298591477356505,1.0571667929288973,1.0918701675977904,1.1057207663037474,1.117573117978852,1.1388739745726555,1.1541717354089438,1.1699944784737168,1.1781265267964773
rsi_2 <= rsi_30_sft_2,0.017524317,98878,49856,49022,12.99,-4629.203066598955,-898.3731039060367,f60792ba6ac5baece5de7ac90117c85055d233a86016db65a9b1851d8a518ee9,30,0.010382944718003273,27.9,0.8823662759951104,0.8823662759951104,0.9293448167447459,0.953597672520639,0.9751690286694681,0.9883143580958458,0.9991656013574938,1.0122795787446424,1.0264905958603399,1.0472397293578501,1.0550899061307586,1.0671295379271035,1.0866768105970488,1.0944641541206375,1.1042041386698869
rsi_2 <= rsi_14,0.017518558,98878,50034,48844,12.99,-4457.27230137154,-886.8136644540646,f60792ba6ac5baece5de7ac90117c85055d233a86016db65a9b1851d8a518ee9,30,0.009755407460033894,27.88,0.8880608129310968,0.8880608129310968,0.9337611098837946,0.9546494866222304,0.9737009954628227,0.9839447654829663,0.9933242004530932,1.005919999048652,1.0209962471722172,1.0446430195484546,1.0533503807697815,1.068841863333982,1.0888661400860449,1.1005557953944058,1.1082326442257675
rsi_2 <= rsi_14_sft_2,0.017515508,98878,49978,48900,12.99,-4289.77971403395,-872.2281597537149,f60792ba6ac5baece5de7ac90117c85055d233a86016db65a9b1851d8a518ee9,30,0.010315951891243458,27.9,0.8918472812016297,0.8918472812016297,0.9367607187438529,0.9596381994664585,0.9787785140946382,0.9872377304770265,0.9962965075343269,1.0110208156456608,1.0263776755382048,1.0489047700970455,1.0589226457128875,1.0748626288388639,1.095958570543138,1.1074060835137014,1.11329007583918
minus_di_10 >= minus_di_20_sft_3,0.01749375,98878,44316,54562,13.06,-5534.202968736303,-866.1838627873731,a7c5a511f18bc4bc65b530c22aedd665cbba6e43036caf921c03925c9eff7340,30,0.011006077751517296,27.99,0.8454789507914089,0.8454789507914089,0.8862862769438608,0.9150996824860309,0.9346872555909609,0.9579308792475537,0.9810676594344252,0.9989710786726336,1.0250629762664167,1.0564059576088427,1.0788398349014325,1.0952245632785582,1.109689656135328,1.1213898868091017,1.1308230290272376
rsi_10 <= 16,0.017448314,98878,425,98453,21.18,165.0692613715073,-2.7159579244253087,64f5e1bb8a7d01ed3bc711ef82f8836c32f34a4dc5e2cbccb6c4442736ec4dbc,4,0.0,0.0,1.4671076094210445,1.4671076094210445,1.3094435131250133,1.128050963580613,1.0437755923012095,1.0629882159148418,1.1273859668948236,1.104885133417824,1.1536547301943987,1.2042249364176931,1.170668959226032,1.1514566286689578,1.0877711343114391,1.0334981355210842,1.0121222593489063
rsi_2 <= rsi_14_sft_3,0.01739874,98878,49945,48933,12.99,-4512.014142238895,-885.5058985099604,f60792ba6ac5baece5de7ac90117c85055d233a86016db65a9b1851d8a518ee9,30,0.00981980748474598,27.88,0.8865604146166162,0.8865604146166162,0.9305020129336673,0.9544994720186558,0.9783402067957566,0.9866066747613321,0.9970703828345657,1.0135246321750213,1.0271439245237626,1.0464649234544954,1.0541961075168844,1.0687780660634585,1.0895709170455388,1.0993431025433815,1.1077632011603746
rsi_5 <= 7,0.017366838,98878,450,98428,20.89,105.26332827692386,-4.248158857510132,64f5e1bb8a7d01ed3bc711ef82f8836c32f34a4dc5e2cbccb6c4442736ec4dbc,4,0.0,0.0,1.2598596520776122,1.2598596520776122,1.1088752838671154,0.9489923839136101,0.7886699866027164,0.7704944390040431,0.8411379784965936,0.925268939171998,0.8785526914237516,0.8640558172460877,0.8556641835582774,0.8310891123215705,0.8594939846267676,0.8648073402664642,0.8295453488047838
adx_5 <= adx_10_sft_2,0.017321069,98878,18790,80088,13.6,-3224.5078302486218,-351.7116506641614,234f8ad1c2baf91b95c9f1aef2798b533888ce55558d2a8e51c247014080fabc,30,0.00029446944245137274,27.47,0.8133504039275384,0.8133504039275384,0.8707016687468501,0.8925653416765744,0.8998886730842297,0.9327213116997153,0.9672830427498329,1.011436632862299,1.0433422626809676,1.0586745867744736,1.0700748895732273,1.0877888083781153,1.1043939057616705,1.1227675022326165,1.1403350790162716
stdev_10 >= stdev_5_sft_2,0.01732057,98878,82558,16320,12.67,-9481.768447318278,-1549.4831159559035,a092dbfa6dbefd1d342d1a211503f33f5c7745cd5359e4d4115f2b75459bc7b9,30,0.005251192022114992,27.55,0.8620783898092883,0.8620783898092883,0.9131859834283381,0.9494467671324599,0.9850509702757103,1.0116863940315328,1.034455420010858,1.052959979460167,1.0671652274646157,1.083303654549342,1.100312444488366,1.1135913970757807,1.1255249930064364,1.1396427873382968,1.1524091930524176
adx_30 >= adx_5_sft_1,0.017318847,98878,8290,90588,14.31,-1793.0509972314903,-167.1476607313889,fd7b69234972b511c2e03a174ce4b77d38140d5e70cabc298bd88fa9bb05adbf,30,-0.005902944132685661,26.57,0.785358078707373,0.785358078707373,0.8135108456717282,0.8481049420380621,0.9016854846600211,0.9522305218400642,0.9695869288558179,0.9791834532563282,0.9831364599036552,0.9631002452787927,0.969614769919516,0.9816032467919956,0.985027528702616,1.0005545360708865,1.0330020868834833
willr_10 <= -6,0.017309394,98878,89915,8963,12.6,-11442.145033100493,-1739.4993280372073,c087f74a8ef9fdefe2bfbfe4c42e7c177e68996d73089fae9a8de15f5638210d,30,0.007885177619755268,27.56,0.8470873129296507,0.8470873129296507,0.8932066766771045,0.9290311354478435,0.9536890103567023,0.9765181510362045,0.993945576299709,1.0102716213384233,1.0247333953460764,1.0412582977839278,1.0577075899425108,1.0723592942553246,1.0888537907695175,1.099580454017174,1.1098618158588165
adx_14 >= adx_10_sft_2,0.01730012,98878,15053,83825,13.76,-2121.515253687103,-319.3808844451196,fd7b69234972b511c2e03a174ce4b77d38140d5e70cabc298bd88fa9bb05adbf,30,0.004461131989955902,27.91,0.8538587926930262,0.8538587926930262,0.9004540133115104,0.9483195514130918,0.9951771145696763,1.001635770682499,1.0397757082711123,1.0634778101618705,1.063590020550186,1.0682833952216786,1.0794175499306662,1.1017040033132315,1.1300595881893944,1.160620783679717,1.181091083398333
bb_upper_2_30 >= bb_upper_2_30_sft_3,0.01726262,98878,45228,53650,13.04,-4372.650173207795,-799.3814815066362,2b12f1a24b5e2be255bd7327d40ce3105a7cd48cdc1cc2d1ac037ab6015a19a3,30,0.0036488326732069254,27.62,0.8892960917317319,0.8892960917317319,0.960649414707204,1.0081382098438723,1.0492247690847207,1.0746774438426865,1.0904137289106606,1.0972137743624293,1.102863574615792,1.1031680143419258,1.1114604625641737,1.1250892633787763,1.1473490138649134,1.1658486779033388,1.180416522602483
aarou_30 >= aarou_5_sft_3,0.017195644,98878,53676,45202,12.94,-6519.585338340953,-989.0796862146526,0f031b3780e6467809600593d6806420193325d9573f332c17b627db66a26893,30,0.002486671321094036,27.55,0.8576508461757162,0.8576508461757162,0.9160106692002159,0.9424882302186499,0.973537722555119,0.9956280500493879,1.0154304076109486,1.0346493899544302,1.0493560302147542,1.0635757975806295,1.0686635103879927,1.0843202729908947,1.0999631828292977,1.1136155122680225,1.1279051928203907
stdev_10 >= stdev_20_sft_3,0.017174082,98878,23855,75023,13.42,-2067.200569368375,-454.7078210931286,a092dbfa6dbefd1d342d1a211503f33f5c7745cd5359e4d4115f2b75459bc7b9,30,0.008476166054606438,28.12,0.9040211776732028,0.9040211776732028,0.966887574339485,1.017880764605676,1.0419732327796472,1.0636689010263212,1.088133645809764,1.1010057670426918,1.1093959223562362,1.1073519310742623,1.1116821258059153,1.122358129423431,1.1355368479842876,1.151135315687064,1.1610342830664693
adx_5 <= adx_10_sft_1,0.017128522,98878,16374,82504,13.69,-2944.753812031937,-309.07208658534364,234f8ad1c2baf91b95c9f1aef2798b533888ce55558d2a8e51c247014080fabc,30,-0.0029774210415780544,27.15,0.8085566053221374,0.8085566053221374,0.8654921121649048,0.8901050112554235,0.8940165371891275,0.926642823062714,0.9603430094597686,1.0000245379662025,1.0228985297310864,1.037667100239476,1.0475011047451703,1.0619662888201915,1.076130431184549,1.1006171092864359,1.11714947633933
plus_di_14 >= 19,0.01708934,98878,62947,35931,12.84,-7521.5462583475455,-1097.8138628367306,4f583626fd6f59b1b2e0825c720b1d1aad3858951a5b50964ea86a5c13485b5d,30,0.013110854662954807,27.89,0.8644318115210212,0.8644318115210212,0.9268810615253327,0.9714093741244374,1.0063002705253923,1.0385249765581,1.0689737598660713,1.0942355820527208,1.119899435439736,1.1402457776535877,1.1577224778165711,1.1724130499001304,1.1871972717180879,1.2047662293520676,1.2154086733711058
rsi_2 <= rsi_10_sft_1,0.01703916,98878,49815,49063,12.98,-4063.8914293496455,-877.503900460375,f60792ba6ac5baece5de7ac90117c85055d233a86016db65a9b1851d8a518ee9,30,0.009805073030292988,27.88,0.8973878701434503,0.8973878701434503,0.9396128616584905,0.9660069907852443,0.9891378036357241,0.997304535869535,1.0079829070296256,1.0197620104944896,1.035641790056522,1.0563812281701346,1.0673212323678398,1.0839444228519886,1.1009055807469537,1.1121448863943357,1.1200434751736736
adx_20 >= adx_5_sft_3,0.016995491,98878,9841,89037,14.1,-1733.8598969351733,-180.29526467312826,fd7b69234972b511c2e03a174ce4b77d38140d5e70cabc298bd88fa9bb05adbf,30,-0.002790209371596575,27.07,0.8199726813136043,0.8199726813136043,0.8340691341461871,0.8992443109229838,0.9437808457132587,0.9808432461860516,0.9952189777518795,1.0004315046414904,0.9935027100738741,0.9977107755309929,1.0149961079410459,1.0284979960678606,1.0456553642287847,1.0812653803974468,1.1206887844065476
minus_di_20 <= minus_di_14_sft_1,0.01697326,98878,50017,48861,12.97,-8066.345091633598,-1025.975122628428,6ead8d4aff114cb978d2a5e9b1dcb95b84dfa27fd6f0f40b385ac29b242b16ea,30,0.0152252446860075,28.12,0.8137667060849058,0.8137667060849058,0.8585542072195008,0.8999574084405171,0.9302028118066349,0.9522461669973569,0.9832517452689916,1.010623112089093,1.0381516697156135,1.0568802180363295,1.0735231065372222,1.0955921960717039,1.107771653762714,1.1237738875999541,1.1465297606524247
plus_di_14 <= plus_di_30_sft_1,0.016949559,98878,60171,38707,12.87,-7775.72915855052,-1215.1560057777388,bd972efc927c87708f479b3c989a305bfeb89b6aa0381d01606955fa59f6baca,30,0.017186151817440987,28.06,0.8432256216191077,0.8432256216191077,0.8882490096765613,0.9253255175288987,0.9478724529980636,0.9729609398924459,0.9985599881343682,1.0245993570820497,1.0533994868102907,1.0794980000019245,1.1019736060547283,1.1211655002599186,1.143225619615502,1.1557476323466869,1.1671396549031736
aarou_5 <= aarou_20,0.016893761,98878,62336,36542,12.84,-7079.3083610301255,-1107.8425751112445,11ecda3140789fc7bb03c4e9ce6db1e36d26d05f5895e9047d4b04d8e05db454,30,0.004785831086337566,27.61,0.8664273698301566,0.8664273698301566,0.9331590297458154,0.9787595125377566,1.005596522317175,1.0278622588596962,1.048299655247893,1.0678919876276938,1.0839073348961525,1.0965721391579157,1.109304435559281,1.1199507810966656,1.1313695164000037,1.1468358990577687,1.1649433857287979
aarou_10 <= aarou_30_sft_3,0.016854865,98878,54578,44300,12.92,-6404.826428711746,-988.5762719108243,11ecda3140789fc7bb03c4e9ce6db1e36d26d05f5895e9047d4b04d8e05db454,30,0.005428147502243519,27.66,0.859462515782451,0.859462515782451,0.9135618836605274,0.9505897397385479,0.9681517198322643,0.9849537525040521,0.9998448877493241,1.018844093365987,1.0314090897998898,1.0464776663864135,1.0593541972219465,1.0725037247260034,1.0932254773250447,1.1111522308326565,1.1238747918936396
aarod_14 <= 22,0.016850961,98878,31842,67036,13.22,-3967.875891278396,-604.128034056368,ee8487758bc2c4538d142a7a4b471774d99d1136098b9a4a57e5eb95d2b58bae,30,0.005189246032387018,27.78,0.8655669794594384,0.8655669794594384,0.9197875659700993,0.9716818278622409,0.9953723924116228,1.01137937771057,1.0326419628615016,1.0516571659752125,1.080710547416701,1.0992868518662573,1.105335608216922,1.1233362524812431,1.1439674164540456,1.1593177959924899,1.170895453029592
plus_di_14 <= plus_di_30_sft_2,0.016845897,98878,60461,38417,12.86,-7545.537016321138,-1168.2457692405878,bd972efc927c87708f479b3c989a305bfeb89b6aa0381d01606955fa59f6baca,30,0.015136057510972023,27.98,0.847780682663853,0.847780682663853,0.8912295419781149,0.9252294315712037,0.9441171414675037,0.9731150104883061,0.9960114809336008,1.0217376772824254,1.0493114627803293,1.0749192300477401,1.0956919738005477,1.1163254912215659,1.137334028704792,1.1477623706216684,1.1600035614611575
stdev_10 >= stdev_5_sft_1,0.016802896,98878,81856,17022,12.67,-9192.901267473735,-1491.1734313538618,a092dbfa6dbefd1d342d1a211503f33f5c7745cd5359e4d4115f2b75459bc7b9,30,0.007004648447036743,27.59,0.8648756667973866,0.8648756667973866,0.9177514194978037,0.9544315082233171,0.9845954583233075,1.014526974114282,1.0387334922881513,1.0548109016641507,1.0672862161586707,1.0792361836123632,1.094000316657553,1.1063473078151904,1.1171158043449612,1.1301668911881277,1.1435775658986451
aarod_5 <= 0,0.016762728,98878,21997,76881,13.45,-1994.8043510070493,-347.19854029207636,ee8487758bc2c4538d142a7a4b471774d99d1136098b9a4a57e5eb95d2b58bae,30,0.01269358117133379,28.5,0.9043722705764506,0.9043722705764506,0.9618552064664873,0.9949424005086839,1.029804262860502,1.0467073660314246,1.074528608553188,1.1065932053780283,1.1151896949961675,1.1323327311896554,1.1379988062675337,1.1580250169854984,1.1843082960396099,1.1845844267310621,1.1989524080170821
plus_di_20 >= 17,0.016761921,98878,75549,23329,12.73,-10092.834972100834,-1382.7821893485016,4f583626fd6f59b1b2e0825c720b1d1aad3858951a5b50964ea86a5c13485b5d,30,0.02090482786297798,27.96,0.8452719972682128,0.8452719972682128,0.9039559057674658,0.9450211608565307,0.9801541696091299,1.0101492774282526,1.0405367180472038,1.0665708916942027,1.0880342059172408,1.1072876087949635,1.1246422330747696,1.1401417565812149,1.1544013942714444,1.1679974176535213,1.182518636519829
rsi_30 >= rsi_10_sft_2,0.0167516,98878,51215,47663,12.95,-7971.727385864154,-1074.5161608403723,9c5304fe9d592b70a0c6b3286ed47e7bf2dda0b94ec7966217da111653dec0de,30,0.005718574393540621,27.69,0.8170444072053489,0.8170444072053489,0.8643942198765492,0.8917112767219887,0.9224985288143462,0.9446670740957257,0.9657481072310452,0.9854478495563901,1.014195700236644,1.0329463534928083,1.0499870170004455,1.0676013107832998,1.0761682966210306,1.0908849835739929,1.1133984944615112
rsi_5 <= rsi_10_sft_3,0.016748792,98878,50119,48759,12.96,-4581.886742390252,-883.02237071321,f60792ba6ac5baece5de7ac90117c85055d233a86016db65a9b1851d8a518ee9,30,0.009196746163070202,27.85,0.8862706564696325,0.8862706564696325,0.9268783356288509,0.9544713091341825,0.9804114445564278,0.9925061453929868,1.0028199618128761,1.0189320227930445,1.034267244191662,1.051820689987239,1.0710732297963999,1.0840751918178628,1.108072136314307,1.1155531913079022,1.123871902442767
minus_di_30 <= minus_di_14_sft_1,0.016743654,98878,46580,52298,13.0,-8287.946153774174,-1007.0418294993942,6ead8d4aff114cb978d2a5e9b1dcb95b84dfa27fd6f0f40b385ac29b242b16ea,30,0.01762356050312519,28.28,0.7923812428343476,0.7923812428343476,0.8386060216416781,0.8800496467087727,0.9116517180779472,0.9356063656024691,0.9635867144704605,0.9895571917010131,1.0159367902316425,1.0347116782181691,1.0540326478116093,1.0751227683425624,1.0899948506392354,1.10266293479782,1.1260287326075082
aarod_30 <= 14,0.016706662,98878,24267,74611,13.38,-2455.6846320157324,-327.50789577465184,ee8487758bc2c4538d142a7a4b471774d99d1136098b9a4a57e5eb95d2b58bae,30,0.010108503513038158,28.24,0.8881288093900908,0.8881288093900908,0.9438096207365011,0.9952014200353331,1.0355126732524675,1.0643502777170517,1.0896776444838179,1.1145479404892804,1.1343194202851192,1.1643821553291542,1.1940997373926407,1.226485197879457,1.259060470997617,1.2893864344541381,1.309092000438433
stdev_5 >= stdev_14_sft_3,0.016650675,98878,18530,80348,13.56,-1504.7686433010967,-327.89267764497345,a092dbfa6dbefd1d342d1a211503f33f5c7745cd5359e4d4115f2b75459bc7b9,30,0.011525784619152546,28.52,0.9113277503121013,0.9113277503121013,0.9711316741528397,1.0171318379231429,1.063619785821549,1.0812676355956394,1.092778914288161,1.1201134525976435,1.1366483164509744,1.1453227025097905,1.1549197735585064,1.1498092437830478,1.1597319796244216,1.180393481566127,1.200584427512448
minus_di_5 >= minus_di_30_sft_1,0.016623843,98878,43828,55050,13.03,-5551.952432859522,-875.8600455109408,a7c5a511f18bc4bc65b530c22aedd665cbba6e43036caf921c03925c9eff7340,30,0.008733795024454594,27.88,0.8417965119449303,0.8417965119449303,0.8845841593510266,0.9154868102109349,0.9340043188913332,0.9582756929409164,0.9796789158912796,0.997184172357034,1.0201391589975854,1.0424590959013917,1.0587257062834714,1.0716039905003234,1.087072693537604,1.0993371834719121,1.111611911444562
plus_di_14 >= 20,0.016615832,98878,58662,40216,12.87,-6726.666510222043,-1005.2539778446517,4f583626fd6f59b1b2e0825c720b1d1aad3858951a5b50964ea86a5c13485b5d,30,0.01412988267838955,27.97,0.8706177460165667,0.8706177460165667,0.9337744566856638,0.9804865749113308,1.0170021257855666,1.0483390570791713,1.081011112131753,1.1081262077330445,1.1358870210417724,1.1575423139732666,1.175548246804532,1.1908077859887627,1.2042151856244343,1.2223341602587925,1.2342471972007267
bb_upper_2_30 <= Low_sft_1,0.016543025,98878,629,98249,19.24,365.5939691544045,13.72557909788884,dbb570f8106d6c3d6f292085aaa378b98a5659545b5ba59380ac7a9e0cfee8bf,28,0.0,0.0,1.6708789312160854,1.6708789312160854,1.66476630670105,1.6427000486056862,1.7192200471208268,1.6303262978767175,1.7194768370748637,1.7017563354227367,1.7758093977434652,1.765395714478248,1.754153681949314,1.7929178091686622,1.9358777961971965,2.114134471558465,2.0974894451201536
rsi_2 <= 24,0.01648546,98878,26705,72173,13.31,-475.8225731866228,-416.6342881856035,64f5e1bb8a7d01ed3bc711ef82f8836c32f34a4dc5e2cbccb6c4442736ec4dbc,30,0.0062698679976165295,27.9,0.9759128259863755,0.9759128259863755,1.011952331396721,1.030087343907169,1.0341683401583475,1.029269716215126,1.0323392088633627,1.0391351980759884,1.0433149248003437,1.071897420150904,1.072823293811274,1.094528475984126,1.1109645294038157,1.1052555887900277,1.1122889671798102
mema_5 >= Close,0.016473038,98878,50534,48344,12.95,-4660.76501792944,-965.831917665877,1e15dac9f18b8bc737934702402ffb02b545ee7fbda8772d4c0156705e9d2a44,30,0.010018911212682724,27.88,0.8811008380018962,0.8811008380018962,0.9205503954014221,0.9540140469973246,0.9742632479076441,0.9906202789133758,1.0024571474396446,1.0149762687444326,1.027245090604098,1.044197854076702,1.054973899230566,1.0690027330651848,1.0867423104963974,1.0928995435414863,1.0989932580331616
adx_30 >= adx_14_sft_3,0.016447313,98878,16624,82254,13.62,-3280.9064612000284,-425.3133470184548,fd7b69234972b511c2e03a174ce4b77d38140d5e70cabc298bd88fa9bb05adbf,28,0.010201996192336082,27.97,0.7970579507083855,0.7970579507083855,0.8263368654329464,0.8702609903473976,0.9242393840903912,0.9671614928612298,0.9962930148735649,1.0260785610925482,1.044338285978129,1.0581285392802204,1.0679693396176395,1.0816131295186269,1.0945420974129558,1.1018699811255972,1.0995761869256335
rsi_2 <= rsi_10_sft_2,0.016438069,98878,49902,48976,12.96,-4286.980310315859,-879.3490327155523,f60792ba6ac5baece5de7ac90117c85055d233a86016db65a9b1851d8a518ee9,30,0.008904150687158108,27.84,0.891928366825993,0.891928366825993,0.9348241465697512,0.9629286353605823,0.9791167386984977,0.9889279477040626,1.0009078350133127,1.0151829280871694,1.0309037284980442,1.0517365026586176,1.0612546508831167,1.079662995284865,1.0982397331581493,1.1093606426830807,1.116875424939596
minus_di_10 >= minus_di_20_sft_2,0.016436616,98878,43652,55226,13.03,-5621.468975473435,-872.7387748115143,a7c5a511f18bc4bc65b530c22aedd665cbba6e43036caf921c03925c9eff7340,30,0.010668204165995121,27.98,0.8413748646518286,0.8413748646518286,0.8768213200353532,0.9087946364737011,0.9258696104783324,0.9476978736533028,0.9677082141281399,0.984609413921475,1.0067695747325374,1.0420544227428057,1.0624908436532943,1.073001771306203,1.091161799460824,1.1046848025537552,1.1129498526633794
adx_14 >= adx_5_sft_1,0.016427802,98878,12045,86833,13.87,-2304.1756524730445,-224.69450264343322,fd7b69234972b511c2e03a174ce4b77d38140d5e70cabc298bd88fa9bb05adbf,30,-0.004070415161550045,26.96,0.805801917893422,0.805801917893422,0.8504428476895873,0.8645868470769671,0.8991968109801047,0.9308485133503164,0.955329081290536,0.9817169682571258,0.9813446058411014,0.9887922350120371,0.9983372614070726,1.0114099165139754,1.0378250877178476,1.0567639889689784,1.086498887023052
minus_di_30 <= minus_di_10_sft_1,0.016419575,98878,45996,52882,13.0,-7671.558492613767,-972.7141032729851,6ead8d4aff114cb978d2a5e9b1dcb95b84dfa27fd6f0f40b385ac29b242b16ea,30,0.013060283847153187,28.07,0.8021016050370581,0.8021016050370581,0.8478223860753568,0.8812275899976919,0.9114304721852234,0.9337711270627058,0.9622535817671176,0.9868228697753535,1.0153699975329982,1.0360725804299733,1.0517941716452641,1.0714377726183366,1.085152771905069,1.0981154020236132,1.1195551716726757
aarod_20 <= 10,0.016396178,98878,21942,76936,13.43,-2837.4949327683134,-335.6758997131401,ee8487758bc2c4538d142a7a4b471774d99d1136098b9a4a57e5eb95d2b58bae,30,0.00720139080658555,28.05,0.8593355270206798,0.8593355270206798,0.9168229986905841,0.9716244503430653,1.0100775619919737,1.059474130467508,1.0876910357041103,1.1063956573141949,1.1360438611290875,1.1562835373065194,1.174730568574261,1.1885206181051045,1.20543204937477,1.2143913699586686,1.2475913021400244
minus_di_5 >= minus_di_30_sft_3,0.016387237,98878,44027,54851,13.02,-5601.3133408159265,-874.4518715521845,a7c5a511f18bc4bc65b530c22aedd665cbba6e43036caf921c03925c9eff7340,30,0.008656129240989685,27.88,0.8411326385225051,0.8411326385225051,0.8852795915174395,0.9143915509450291,0.9333710892479381,0.9575074679157164,0.9760933474159909,0.991931002429589,1.0120112878674963,1.0360989807759526,1.0512263790664937,1.0683268347418922,1.0843991642295425,1.0978250499378637,1.1102872879713475
atr_20 >= atr_20_sft_1,0.01636419,98878,34741,64137,13.15,-3081.7120384674645,-588.3016540491517,532171b4b026df3b7d23c8264137467a8cc80a53ca41565a8c760a4fc7c55907,30,0.011125895194709301,28.12,0.9014271181214785,0.9014271181214785,0.977325650742866,1.0152183083980462,1.0543340397255534,1.0884861013135023,1.1149633329515636,1.134269511692661,1.1548458988035635,1.1705047242444266,1.1846155772032214,1.2016318898635554,1.2168677309224885,1.2345430542168874,1.2521638327657771
adx_10 >= 20,0.016356574,98878,78291,20587,12.69,-9673.396396445289,-1449.2213404673603,4118d96628e9d7109ca1b25b71d8f7665de5864ad974c7631ea4a76d380fc96f,30,-0.001446375623345375,27.41,0.8534017844379055,0.8534017844379055,0.9086819471529466,0.9450211627282522,0.9713844706956124,0.9922500088794576,1.0121080006017917,1.0299377003796764,1.0451299134156689,1.0585155538049937,1.0731151037776416,1.0864794576947805,1.0988662449709228,1.111666824184004,1.1267924864362873
minus_di_30 <= minus_di_14_sft_3,0.016315585,98878,47737,51141,12.98,-7915.05941382219,-993.0021267394695,6ead8d4aff114cb978d2a5e9b1dcb95b84dfa27fd6f0f40b385ac29b242b16ea,30,0.017580106854438782,28.26,0.8100396345219882,0.8100396345219882,0.8728859149368491,0.9109929115591041,0.943730464731101,0.9739319825640832,1.0026419347355615,1.028275865201427,1.0478984623729795,1.0602768647794372,1.0805688128051634,1.0955584976517618,1.1121771966948155,1.1365070293890127,1.155320815080154
minus_di_5 >= minus_di_30,0.016284522,98878,44377,54501,13.01,-5921.252579682659,-881.8053516782311,a7c5a511f18bc4bc65b530c22aedd665cbba6e43036caf921c03925c9eff7340,30,0.010333002544939518,27.96,0.8341252298309594,0.8341252298309594,0.8802780967895466,0.9121347238469171,0.9294984378024321,0.9541783857808369,0.9748456331000198,0.99222769071739,1.0183806567565175,1.0408433131525798,1.0564386062343538,1.0724061398082956,1.0879941351574511,1.1008457394903994,1.1150374097875004
aarou_14 <= 0,0.01628221,98878,13964,84914,13.74,-2234.3664809380643,-298.2320803194525,da60be741621a42d93721696dcc6252cb06464cd161c4da151f0e18e03138794,30,0.018520768731832504,29.48,0.812015794462902,0.812015794462902,0.8500083061973276,0.873050692454061,0.8891810919091913,0.9440680633125728,0.956398262818278,0.9607983490164842,0.9929598574181041,1.0221583815145447,1.0408702313737896,1.0523493173459593,1.075273299681143,1.1008998808072386,1.1350460542594676
adx_5 <= adx_30_sft_2,0.016197398,98878,8806,90072,14.13,-1935.8512004323275,-203.62505422140384,234f8ad1c2baf91b95c9f1aef2798b533888ce55558d2a8e51c247014080fabc,30,-0.003803492756560445,26.9,0.780720629177295,0.780720629177295,0.8095261201220985,0.8378617909489338,0.86694670882412,0.9291323391588422,0.9803956772605561,1.0022029857008756,1.0195524740714106,1.0312614722283853,1.0169177241606113,1.0215833604819349,1.02947542973572,1.0303397950126945,1.0517574779577072
stdev_14 >= stdev_30,0.01619682,98878,17797,81081,13.56,-1648.4915079013736,-365.2112352889453,a092dbfa6dbefd1d342d1a211503f33f5c7745cd5359e4d4115f2b75459bc7b9,16,0.013800573535263538,23.7,0.900019941836021,0.900019941836021,0.9663061850716708,1.0058511854798566,1.0584193816388556,1.0852611286660383,1.108844328656045,1.1203086697346525,1.1120587790485303,1.09362830962689,1.095474233665877,1.107360004424668,1.111646919858281,1.108109572082465,1.1134043724994112
minus_di_20 <= 17,0.016191874,98878,25251,73627,13.33,-3041.3758647329646,-392.21866044873605,cee77ee220a5e77fe95d20a730179fabcb0f2e40106664424787bbccffac6b44,14,-0.00450355326756835,20.87,0.8792072822347189,0.8792072822347189,0.930349869141228,0.977760258757297,1.0102738238636857,1.0282665395161807,1.045061211578478,1.0440605132434138,1.042127823627626,1.0332396318766295,1.0247792954215786,1.0231014142447008,1.0231484458475477,1.0288942675815016,1.034481782461885
adx_5 <= adx_30,0.01619016,98878,8458,90420,14.16,-1899.4058941276016,-192.64386227460636,234f8ad1c2baf91b95c9f1aef2798b533888ce55558d2a8e51c247014080fabc,30,-0.005290925968438387,26.67,0.7763765108448332,0.7763765108448332,0.7940869752185126,0.8289307828439668,0.86141153022909,0.9218081548105412,0.9609489437287067,0.9738135475668275,0.9825962920673551,0.9835846085778258,0.9665385283240286,0.978187382786,0.9858415684099674,0.9914997367273727,1.0156659762237246
adx_30 >= adx_20_sft_1,0.016180322,98878,19153,79725,13.51,-3819.2975463667235,-505.59662906882295,fd7b69234972b511c2e03a174ce4b77d38140d5e70cabc298bd88fa9bb05adbf,28,0.0040067099034786224,27.33,0.7925069314658452,0.7925069314658452,0.8370270927596011,0.8809736523250634,0.919515795884406,0.9534666923339615,0.9840911518612512,1.010725470048722,1.0317320714520264,1.0419479489645527,1.045129840299815,1.047371696722919,1.0481495154681273,1.0501908422670574,1.0472008098962722
adx_30 >= adx_5_sft_2,0.016158393,98878,8150,90728,14.2,-1763.3026530675706,-171.62906135198136,fd7b69234972b511c2e03a174ce4b77d38140d5e70cabc298bd88fa9bb05adbf,30,-0.004512982442975044,26.77,0.7871107388601674,0.7871107388601674,0.8252957597253497,0.8705139029335996,0.9330777627134952,0.9637128300424416,0.981937359090334,0.9867255995277998,0.9887532765440499,0.970115339386898,0.982965505219455,0.9968976668190181,1.0085724290527769,1.0333554622680448,1.0735024224075667
rsi_5 <= rsi_30_sft_3,0.01615615,98878,50624,48254,12.94,-5157.123864035628,-950.1147204685403,f60792ba6ac5baece5de7ac90117c85055d233a86016db65a9b1851d8a518ee9,30,0.008264641277492046,27.8,0.8720349124699376,0.8720349124699376,0.9113711995722776,0.9425342107511026,0.9679619506552304,0.9836795629367445,0.9975568176848965,1.0150995276343715,1.0258445319110439,1.0476874234882447,1.0624404159209682,1.075128110749525,1.0938812954768657,1.1047008027586742,1.1147337481581123
willr_10 <= -7,0.01615602,98878,89194,9684,12.59,-11205.50140557197,-1721.0146079656115,c087f74a8ef9fdefe2bfbfe4c42e7c177e68996d73089fae9a8de15f5638210d,30,0.0073022618889808655,27.55,0.8486900945861552,0.8486900945861552,0.8933307859744557,0.9299810144404853,0.9524974274954491,0.9746244125580216,0.9935673814415387,1.010448218382,1.0250375109755705,1.0422761725342622,1.0586120949487134,1.0730156934065904,1.0902041644583629,1.1009350851787383,1.1111731482102616
aarou_30 >= aarou_10_sft_2,0.01609487,98878,59217,39661,12.85,-7612.523698407317,-1121.9477148651495,0f031b3780e6467809600593d6806420193325d9573f332c17b627db66a26893,30,0.003742565866559744,27.58,0.848491273927379,0.848491273927379,0.9200792501051,0.9542896212340533,0.981431817797173,1.006524528790141,1.0360049747368174,1.0544419837035452,1.0678180886744684,1.0767626165715092,1.0902523849990342,1.0993690830392169,1.1138069262107295,1.1204004423409457,1.1352914024348675
stdev_30 >= stdev_30_sft_3,0.016083116,98878,45462,53416,12.99,-5038.504074183475,-891.2832921519293,a092dbfa6dbefd1d342d1a211503f33f5c7745cd5359e4d4115f2b75459bc7b9,30,4.4776126742362976e-05,27.45,0.8728817297297323,0.8728817297297323,0.9335913065611743,0.9690535695843034,1.0072022460225547,1.0224958857267858,1.0364416975318071,1.051145768800816,1.059610989897012,1.0640351591652026,1.0804289177704447,1.1048054081868524,1.1295394118237132,1.146354512170358,1.1514724382629011
minus_di_5 >= minus_di_30_sft_2,0.016053187,98878,43854,55024,13.01,-5545.31479097205,-876.6799403695913,a7c5a511f18bc4bc65b530c22aedd665cbba6e43036caf921c03925c9eff7340,30,0.009228870272636414,27.91,0.8417873937522289,0.8417873937522289,0.8855359019315053,0.9154346253614248,0.9349892326844433,0.9593997440273011,0.9789153062311541,0.9961719533878575,1.0175656074354589,1.0426779733726346,1.0622625620406518,1.0751436809951076,1.0917705635461759,1.102759477758794,1.1169621725874646
minus_di_14 <= 13,0.0160152,98878,14466,84412,13.69,-766.0555135408067,-186.6319997954488,cee77ee220a5e77fe95d20a730179fabcb0f2e40106664424787bbccffac6b44,30,-0.02566361613571644,24.68,0.9497784574539365,0.9497784574539365,1.003978845931914,1.0334858566962852,1.062125140590549,1.0826904495763592,1.085766163836262,1.063478714838966,1.045408453326941,1.0457450583963517,1.0618828757490058,1.0738614426693847,1.0851271470608395,1.1027557077155548,1.1115635702331308
plus_di_20 >= 16,0.015998632,98878,79611,19267,12.68,-10924.392055136006,-1490.3882921490003,4f583626fd6f59b1b2e0825c720b1d1aad3858951a5b50964ea86a5c13485b5d,30,0.0249369777739048,27.99,0.8400298179922768,0.8400298179922768,0.8972382563563683,0.9384431878180197,0.9732110936344187,1.0042809916492565,1.032230538419584,1.0558981952412727,1.0765696716873563,1.0958722163662027,1.112986828730759,1.1277268751067817,1.1424019332982835,1.156470508383146,1.1709393405991728
aarod_14 <= 0,0.0159626,98878,13406,85472,13.75,-2363.477777980792,-286.19525528146914,ee8487758bc2c4538d142a7a4b471774d99d1136098b9a4a57e5eb95d2b58bae,30,0.00567570049315691,28.08,0.8233026523894366,0.8233026523894366,0.9222743635184266,0.9674424485531642,0.9845254396748646,1.024565802828342,1.0558311801102471,1.1073377964244044,1.1435385822616304,1.1524649251246228,1.1591176891588,1.1722124883966774,1.1780173282870152,1.1991491947235617,1.2030874364434516
rsi_30 >= rsi_14_sft_2,0.015953103,98878,51328,47550,12.92,-8073.671831108946,-1069.6849363612055,9c5304fe9d592b70a0c6b3286ed47e7bf2dda0b94ec7966217da111653dec0de,30,0.005673070438206196,27.69,0.8173389156323968,0.8173389156323968,0.8594014472448629,0.8863566760266635,0.9136517919838101,0.9368147816375221,0.9621373857025621,0.9845660898559107,1.011280201004802,1.0290612668241683,1.0490173986189892,1.069797665994745,1.0787274381100453,1.0953741341161096,1.1207023659966318
sma_5 >= Close,0.015903128,98878,50625,48253,12.93,-4274.789255609281,-913.5407905415923,9d05ebf4a4df1374ab70d34fd4bb0bb7068613b3ea4d9f34537ac27b7aeadf15,30,0.010111164301633835,27.89,0.891156193777608,0.891156193777608,0.942485212222326,0.9705898125257368,0.9864683023158713,0.998301959868713,1.0093940913085315,1.0208624801520656,1.0332649382626855,1.0475989085588815,1.0598580766230408,1.0746168248820074,1.0963888944968343,1.101527666649373,1.1139342895338697
plus_di_20 <= plus_di_30_sft_2,0.015872583,98878,61791,37087,12.82,-7579.670705251939,-1206.6864538956797,bd972efc927c87708f479b3c989a305bfeb89b6aa0381d01606955fa59f6baca,30,0.01678238995373249,28.03,0.8499206749663918,0.8499206749663918,0.8943999842484346,0.9287764267784678,0.9483539559743144,0.9777195887893411,1.0042869959582872,1.030217547446669,1.0562553714797531,1.0808609015506796,1.099250563769419,1.1176591783749352,1.1374795414765715,1.1488360577136174,1.1575593556135413
bb_upper_2_30 <= bb_upper_2_10_sft_2,0.015836742,98878,20718,78160,13.43,-1251.2581014313182,-303.8486656205205,3aa49a56ba366f74cacb6b40add631875fca9bf88d1abae08516bfe7d1357af1,28,0.008370866999030113,27.69,0.9305297332814741,0.9305297332814741,0.9982378929145571,1.0467142980483723,1.070449690582402,1.1069378089663477,1.139087510221622,1.1598158098393239,1.16399971194873,1.1637837667737834,1.1635965024302972,1.1823787912660717,1.208035838486725,1.2151033681026455,1.2128577676788144
aarou_14 <= aarou_30_sft_1,0.015816117,98878,62409,36469,12.82,-6816.477117262771,-1102.1139120227817,11ecda3140789fc7bb03c4e9ce6db1e36d26d05f5895e9047d4b04d8e05db454,30,0.004034639336168766,27.58,0.8693189114826518,0.8693189114826518,0.9200906906249523,0.9547545762652345,0.9797060330516334,1.009417666621036,1.0304408919839185,1.0487863996945364,1.06008574956543,1.0771306371543168,1.0879261603241175,1.0985373099781488,1.1119676413310742,1.1283309746471957,1.1396086455904106
minus_di_14 <= 14,0.015815714,98878,17523,81355,13.54,-1105.8285936659086,-246.65417864490882,cee77ee220a5e77fe95d20a730179fabcb0f2e40106664424787bbccffac6b44,30,-0.026006773114204407,24.94,0.938517052448088,0.938517052448088,0.9923639978661548,1.0274221871011713,1.0601642307070445,1.0766865153003304,1.0874327067867944,1.0731831849282052,1.0636685281847158,1.0592040209344433,1.0710549375218428,1.0810402791245826,1.0863973558357802,1.1028114672763716,1.111213411242025
bb_lower_2_10 >= Close,0.015809102,98878,4174,94704,14.9,211.08114585683506,-60.49644767372956,0e70b8a8d55e4ec73841ad3e8c9b127c0a23132eee3ba0a11c3e072e280aafa3,28,0.010937128216028214,29.28,1.0705548195371057,1.0705548195371057,1.1258014053670875,1.11668762260804,1.099145564730155,1.1070330869826668,1.1176082200974224,1.1405410060075003,1.165741865923625,1.1494320024062834,1.1538466531844542,1.1804153211907282,1.174680455239156,1.1821496037059929,1.1793266591721858
minus_di_30 <= minus_di_20_sft_3,0.015767327,98878,50530,48348,12.93,-7918.036027643478,-1003.7568863218112,6ead8d4aff114cb978d2a5e9b1dcb95b84dfa27fd6f0f40b385ac29b242b16ea,30,0.019589845091104507,28.3,0.8215008612937654,0.8215008612937654,0.8869105828196082,0.9277530994204979,0.9568865588492101,0.9916894561708919,1.0191368454792675,1.0429343334693377,1.0667389921282044,1.0802754749010277,1.1013277180794787,1.1168854462288764,1.1304292744788973,1.146009656364958,1.1579797954602569
rsi_30 >= rsi_10_sft_1,0.015751274,98878,51290,47588,12.92,-8187.596086309608,-1099.3040153412876,9c5304fe9d592b70a0c6b3286ed47e7bf2dda0b94ec7966217da111653dec0de,30,0.0045130206272006035,27.64,0.8112914705220423,0.8112914705220423,0.8539239887988276,0.8836429916471645,0.9116435000601306,0.9340859958648091,0.9526037522166976,0.970372392344528,0.9917964956150183,1.0158745026176519,1.02973678357867,1.0465339467849608,1.0581489114142935,1.0731494968523163,1.088515236765468
stdev_10 >= stdev_20_sft_2,0.015616866,98878,23052,75826,13.35,-2108.266334507687,-447.58036304632697,a092dbfa6dbefd1d342d1a211503f33f5c7745cd5359e4d4115f2b75459bc7b9,30,0.00913330353796482,28.18,0.8977076246676121,0.8977076246676121,0.9671953460061853,1.0183375954301361,1.0583027697056595,1.0766302806515171,1.0999094050372733,1.1131552478689735,1.1255856828118802,1.1257819541494705,1.1290536601857752,1.1322433585475122,1.1497664013007114,1.1580920202132305,1.1730983900426972
adx_5 <= adx_10_sft_3,0.015603646,98878,20883,77995,13.41,-3366.376418434884,-376.82216992028407,234f8ad1c2baf91b95c9f1aef2798b533888ce55558d2a8e51c247014080fabc,30,-0.002627840731292963,27.22,0.8203301169934257,0.8203301169934257,0.8762559186153148,0.8878794601590841,0.8988857443702438,0.9258225958430175,0.9593823247723945,1.0008720734626968,1.03503700893448,1.053041879270166,1.0673679304670718,1.0873131217746081,1.1059817456282761,1.1264453776550354,1.1431256424330298
minus_di_14 >= minus_di_20_sft_3,0.015596889,98878,43777,55101,13.0,-5607.273794195389,-867.2047824691181,a7c5a511f18bc4bc65b530c22aedd665cbba6e43036caf921c03925c9eff7340,30,0.011198585852980614,28.01,0.8419288278905787,0.8419288278905787,0.8802655909570228,0.9105999065671815,0.9283707366631321,0.9484008040226524,0.9710627914254671,0.9901490557607834,1.0173061590054895,1.0468545083322325,1.0623744953791567,1.0827293352891119,1.0985258114309433,1.1067446998163546,1.1174751870868451
adx_30 >= adx_5_sft_3,0.015585441,98878,7992,90886,14.15,-1605.6582410041592,-166.73765164467477,fd7b69234972b511c2e03a174ce4b77d38140d5e70cabc298bd88fa9bb05adbf,30,-0.0033591710962355137,26.94,0.8015902624646979,0.8015902624646979,0.8290109821795512,0.899273724883797,0.9465753115066258,0.966223166487747,0.974981991859448,0.9740309794345049,0.9579413997317907,0.9645977989644045,0.9762281493081281,0.982423353864738,1.0004122252980365,1.0360055622357416,1.0723907954066183
adx_5 <= adx_30_sft_3,0.015569013,98878,8972,89906,14.04,-2017.4287986194686,-207.76990425019903,234f8ad1c2baf91b95c9f1aef2798b533888ce55558d2a8e51c247014080fabc,30,-0.003894609399139881,26.89,0.776226949577707,0.776226949577707,0.802848354126294,0.8243869794421371,0.8570907052777922,0.9169724832500424,0.9654990407512363,0.9888294849779923,1.007018685690607,1.0197915935799238,1.0069402437537154,1.0105665965260724,1.0186627314296428,1.0211313131720563,1.0435144150563853
adx_5 <= adx_30_sft_1,0.015561085,98878,8623,90255,14.08,-1925.4688702279673,-194.24688931554556,234f8ad1c2baf91b95c9f1aef2798b533888ce55558d2a8e51c247014080fabc,30,-0.005107023287564516,26.71,0.776889755476464,0.776889755476464,0.7974015235817046,0.827630971858254,0.8604191902913352,0.9219693830952401,0.9650806661623286,0.9828524635511773,0.9949547172649228,1.00014060830458,0.988501365630786,0.995636784868047,1.0064507954760111,1.0095610069363246,1.0314099830207195
adx_20 >= adx_10_sft_3,0.015557459,98878,14414,84464,13.66,-2631.3815859523165,-344.30809259504895,fd7b69234972b511c2e03a174ce4b77d38140d5e70cabc298bd88fa9bb05adbf,30,0.005914350040256977,28.08,0.8148299503813873,0.8148299503813873,0.86419156825569,0.9352759070843397,0.9773870363881927,1.016004252509915,1.0481518449366058,1.0658428617961555,1.076663127454824,1.0907145370225948,1.097760328634285,1.1088631458556972,1.121005440566999,1.1369491283368218,1.1563905136914283
minus_di_5 >= minus_di_20,0.015469647,98878,44491,54387,12.98,-5928.217937314599,-892.5889733748991,a7c5a511f18bc4bc65b530c22aedd665cbba6e43036caf921c03925c9eff7340,30,0.00594402477145195,27.74,0.8343859516499417,0.8343859516499417,0.8782954695140702,0.9157355906576893,0.9352492291897279,0.9587499374396398,0.9787479323073571,0.992807767227369,1.018200155754441,1.0430850227254025,1.0583121915597409,1.0708169819395132,1.0853437559371908,1.099580133723679,1.1135075006517836
plus_di_14 >= 22,0.015406829,98878,49973,48905,12.92,-5340.221749050237,-827.8387793516813,4f583626fd6f59b1b2e0825c720b1d1aad3858951a5b50964ea86a5c13485b5d,30,0.009607506915926933,27.87,0.8811454770288604,0.8811454770288604,0.9468615756924829,0.9934028721409847,1.0308903678248502,1.0628237711448738,1.0935506134559243,1.1244356336170909,1.1538349648468018,1.179144246068077,1.1980968496605686,1.2141571080394196,1.2271278243457822,1.2435349558306834,1.2605133074504218
rsi_2 <= rsi_10_sft_3,0.015398347,98878,49813,49065,12.92,-4562.5228521512,-877.0239673314354,f60792ba6ac5baece5de7ac90117c85055d233a86016db65a9b1851d8a518ee9,30,0.009240598417818546,27.85,0.8855003039944644,0.8855003039944644,0.9344350292871121,0.9615730484514279,0.9817099523471414,0.9874970815063936,0.9962678533437114,1.0106925663730393,1.0252262822675255,1.0439100458920056,1.0540679734002345,1.0685245384148068,1.0920862832757499,1.0999813750265717,1.1079332395459245
minus_di_20 <= 13,0.015357413,98878,10843,88035,13.86,-1515.647127218268,-157.68632931087632,cee77ee220a5e77fe95d20a730179fabcb0f2e40106664424787bbccffac6b44,30,-0.031033307313919067,23.5,0.8793881819820716,0.8793881819820716,0.9223296572435425,0.9419652438320446,0.9801909276460041,0.9915250008316553,0.9783083965757189,0.9558508691894767,0.9465718201755023,0.9531967369279789,0.9710390572509305,0.9880609533362534,1.0043324653161383,1.0164630137599497,1.0344674683488955
plus_di_20 <= plus_di_30,0.01527344,98878,59884,38994,12.82,-7931.149361639419,-1180.7378242085178,bd972efc927c87708f479b3c989a305bfeb89b6aa0381d01606955fa59f6baca,30,0.018358683213591576,28.11,0.8385095178847716,0.8385095178847716,0.8871928034079302,0.9217006272759088,0.9466003531946527,0.9732978311137118,0.9992943451762686,1.0236687893924994,1.0523980521214067,1.076005801663529,1.0973237093725692,1.1161095967112618,1.1352966186942195,1.1481569471294664,1.1627638635979334
day_of_month == 9,0.0152603835,98878,7976,90902,14.12,-38.273504282318754,-141.10127717165597,737d6d1d85a27bd24d6381c6a37443495c3b9dd7a7d69f2f067c86100940a56f,30,-0.004827690776437521,26.72,0.9954874203040831,0.9954874203040831,1.0792034520858973,1.123315336454718,1.1611684489282657,1.202086044732553,1.2464055927401736,1.283758367489414,1.31381952159851,1.3436274901393053,1.3757864821666497,1.4101854675326397,1.4469098658039177,1.4753077926379174,1.5067112620573706
plus_di_20 >= 14,0.015240437,98878,86683,12195,12.61,-12082.611120480477,-1658.2229052974144,4f583626fd6f59b1b2e0825c720b1d1aad3858951a5b50964ea86a5c13485b5d,30,0.026185305789113045,27.88,0.8354372586992275,0.8354372586992275,0.8910176493755155,0.9293150415353516,0.9615976580491258,0.9893663539543314,1.014724204899941,1.0376273465140922,1.0576128236082714,1.0760992282590038,1.0930117496250267,1.1084216742969135,1.1236827493426542,1.1375889223648206,1.1504879117233486
aarou_5 <= aarou_20_sft_3,0.015181575,98878,52874,46004,12.89,-6151.2706114372995,-949.7945251651836,11ecda3140789fc7bb03c4e9ce6db1e36d26d05f5895e9047d4b04d8e05db454,30,0.00984935462474823,27.85,0.8610882795846834,0.8610882795846834,0.9300331999230522,0.9722010054869922,0.9910113939636791,1.0118749017982323,1.0331544845155847,1.0513233445402113,1.0613874872306188,1.0777978209443446,1.0914311817546423,1.1048770587818835,1.120953891890441,1.1402527129028541,1.154540889476177
plus_di_14 >= 21,0.01517071,98878,54249,44629,12.87,-6120.87777736329,-921.4620446104454,4f583626fd6f59b1b2e0825c720b1d1aad3858951a5b50964ea86a5c13485b5d,30,0.01099424622952938,27.89,0.8737279797849206,0.8737279797849206,0.9389511267921761,0.9823396552931942,1.0210064056832877,1.052273034552256,1.0857579139150568,1.11707755066149,1.1430553154597751,1.1677101251339739,1.1855154945544626,1.2001857811748584,1.2121707262160506,1.2305418461691093,1.2457395007799055
adx_20 >= adx_5_sft_1,0.015168253,98878,10467,88411,13.87,-2125.0917046927934,-205.02416247282963,fd7b69234972b511c2e03a174ce4b77d38140d5e70cabc298bd88fa9bb05adbf,30,-0.005868362262845039,26.68,0.7949081578103818,0.7949081578103818,0.827123484092695,0.8380941411204981,0.8934937068960335,0.9397224025306089,0.975012773084129,0.9858425935478731,0.9915881117483587,0.9873037961514909,0.9880672968442362,1.0014598628144822,1.0150002603311536,1.0290278834407764,1.0563372434437441
plus_di_20 >= 13,0.015054622,98878,89336,9542,12.58,-12498.519790149097,-1722.9072480398681,4f583626fd6f59b1b2e0825c720b1d1aad3858951a5b50964ea86a5c13485b5d,30,0.028460094705224037,27.86,0.8341024276024925,0.8341024276024925,0.8897246070554823,0.9277101127914481,0.9592586858007536,0.987525881837037,1.0136776375417422,1.0360930923196607,1.0561493997012676,1.0740567841657784,1.09077643292121,1.1052958472492371,1.119661796476001,1.1328090894140301,1.1454041466461207
bb_upper_2_30 <= bb_upper_2_20_sft_1,0.015043795,98878,32481,66397,13.13,-3311.189351940331,-583.315022868519,3aa49a56ba366f74cacb6b40add631875fca9bf88d1abae08516bfe7d1357af1,30,-0.0029140645638108253,27.26,0.8796021928507101,0.8796021928507101,0.927656028951511,0.9582106257151032,0.9801239482900354,1.0026830626906196,1.0287239922082265,1.0518235615611458,1.0685165354227453,1.0859387808624097,1.0930248560552864,1.0955372036122641,1.1054757173269325,1.1177280084906343,1.1283807642401058
rsi_14 <= 22,0.015027427,98878,635,98243,18.58,201.9048058692133,-2.5110678999262737,64f5e1bb8a7d01ed3bc711ef82f8836c32f34a4dc5e2cbccb6c4442736ec4dbc,4,0.0,0.0,1.4263702172425325,1.4263702172425325,1.344552725099236,1.1927144175825144,1.1063374369852712,1.1450932806359146,1.1712449344922493,1.1354857516781711,1.1138718286063445,1.2113815888787693,1.2365267732946168,1.2136023014026405,1.1289286805724243,1.0955658464254014,1.0796005332749752
aarod_30 <= 0,0.01500123,98878,9104,89774,13.97,-866.8835300274491,-106.39946910333674,ee8487758bc2c4538d142a7a4b471774d99d1136098b9a4a57e5eb95d2b58bae,30,0.006616894621402025,28.37,0.9011442550024849,0.9011442550024849,0.9329579028255034,1.004134746224512,1.0268547704274933,1.064949308893474,1.0825948762192528,1.0917769847706154,1.1124673249293957,1.176268343064059,1.202506086000994,1.2571610649207414,1.2812714763159956,1.276939812081257,1.3261266160380896
minus_di_10 >= minus_di_14_sft_1,0.014992592,98878,38680,60198,13.04,-4841.9172198665465,-772.3150370715957,a7c5a511f18bc4bc65b530c22aedd665cbba6e43036caf921c03925c9eff7340,30,0.006004818715155125,27.78,0.8456429305633529,0.8456429305633529,0.8915896020392975,0.9195486322457131,0.9368140829997214,0.9524617980138705,0.9691414941917785,0.9839638202063755,0.9987691537115194,1.0242012030043615,1.044858498049948,1.0605984895958562,1.080156880196428,1.0957219745084998,1.1020822544710618
adx_5 <= adx_14_sft_1,0.014990814,98878,13799,85079,13.65,-2880.389767797242,-277.41707539524214,234f8ad1c2baf91b95c9f1aef2798b533888ce55558d2a8e51c247014080fabc,30,-0.003212999552488327,27.09,0.7848578886309503,0.7848578886309503,0.8382146150630105,0.8717694113410486,0.8866221983915302,0.9227268340753889,0.9598419558651734,0.9930811796906973,1.0151434215622046,1.0242457573324686,1.0318922669494712,1.0436829855311855,1.0617883028537964,1.0833366397094424,1.0994289936524824
rsi_2 <= 23,0.014984054,98878,25733,73145,13.25,-446.1037478610201,-400.53333431984356,64f5e1bb8a7d01ed3bc711ef82f8836c32f34a4dc5e2cbccb6c4442736ec4dbc,30,0.0055060116574168205,27.86,0.9765394384058479,0.9765394384058479,1.007812986050916,1.015867824468269,1.0224800221498958,1.021095792786842,1.02249666137288,1.0296106330853012,1.0325609903731585,1.061518026307678,1.063612570567628,1.0796796231438657,1.0939022332555512,1.0939460617197216,1.103678749800515
plus_di_10 <= plus_di_30_sft_1,0.01497259,98878,59525,39353,12.82,-7770.830822995665,-1194.392807937591,bd972efc927c87708f479b3c989a305bfeb89b6aa0381d01606955fa59f6baca,30,0.012890559621155262,27.91,0.841401983418885,0.841401983418885,0.8885033942114154,0.9236389173963382,0.9451940462337759,0.9714380205133406,0.9972294281150005,1.0220125109816671,1.0476456769246618,1.0753059259413988,1.0970288647519462,1.1156601870135618,1.1356908084011446,1.1470397263823742,1.160626589400513
sma_5 >= Low,0.014952965,98878,78329,20549,12.67,-9701.569182812604,-1522.9392538452958,7e47ad2f5aad8309cb5e81c51f9a75f0ebc795f902c6c62c65c20c0b4901b7f7,30,-0.0037614728789776564,27.36,0.8504986372662044,0.8504986372662044,0.9081283651565887,0.9426475192943982,0.9620303485959818,0.9791012242827629,1.0016032522208054,1.0170358787425404,1.0337071210859863,1.0487804350470604,1.058244714440047,1.0686864141730905,1.0826144360804597,1.0903720088611029,1.100047828835509
atr_10 >= atr_10_sft_2,0.014952933,98878,37927,60951,13.04,-3122.1320387479072,-663.4218173677655,532171b4b026df3b7d23c8264137467a8cc80a53ca41565a8c760a4fc7c55907,30,0.009226747788488865,27.97,0.9070126588714579,0.9070126588714579,0.9764978931820122,1.0309813589125154,1.0614268937907716,1.0783715679391985,1.1001936364944873,1.1233059388611153,1.1425413407942508,1.1599338109461592,1.1735397707731234,1.1921602235723199,1.1991015940067777,1.2150681864108899,1.2268207751740585
aarod_20 <= 5,0.01494486,98878,17109,81769,13.5,-2155.1320412731584,-249.14463028188766,ee8487758bc2c4538d142a7a4b471774d99d1136098b9a4a57e5eb95d2b58bae,30,0.007755673490464687,28.2,0.865221300333955,0.865221300333955,0.9355130333251536,0.9882127346220632,1.0377371283272327,1.0958091378557686,1.114752286001932,1.13288763169263,1.1686109851617834,1.1853295484806559,1.2052340372280366,1.2143623886776702,1.230731760683941,1.2391060928586957,1.280422254931069
plus_di_10 <= plus_di_20_sft_1,0.014927405,98878,60140,38738,12.81,-7650.600478583893,-1195.1451382782325,bd972efc927c87708f479b3c989a305bfeb89b6aa0381d01606955fa59f6baca,30,0.00871081929653883,27.76,0.8463861887949932,0.8463861887949932,0.8934537459026755,0.9263655412256235,0.9465021011809579,0.9708852407161711,0.9947987956090277,1.0192916257705322,1.043497826938001,1.0720808362941292,1.0935781641217166,1.1136005818550894,1.135523827362336,1.1484062830981512,1.156581460847411
aarod_30 <= 17,0.014923061,98878,27144,71734,13.22,-2982.4087768908043,-386.1893168126626,ee8487758bc2c4538d142a7a4b471774d99d1136098b9a4a57e5eb95d2b58bae,30,0.009565239772200584,28.14,0.8774972773934675,0.8774972773934675,0.9390999229085697,0.9839495830972813,1.021176486699313,1.0541282107447512,1.08167231818274,1.1067783667124844,1.122928619737163,1.1538074545870836,1.1794370177003786,1.2083207050906033,1.241601211980302,1.2698602724999704,1.2908981192869495
aarou_5 <= aarou_20_sft_1,0.014919076,98878,57212,41666,12.84,-6374.648659462691,-1006.1427122301466,11ecda3140789fc7bb03c4e9ce6db1e36d26d05f5895e9047d4b04d8e05db454,30,0.007031932473182678,27.71,0.8673092639539681,0.8673092639539681,0.9308520608609142,0.9755396380867927,0.9982948017744884,1.0233501740079571,1.0415957089316477,1.062983503778578,1.0758394857518911,1.089093052877757,1.1022660017098898,1.1141699098476028,1.1251479904661144,1.144585979102139,1.158153442495827
plus_di_14 <= plus_di_20,0.014901671,98878,58179,40699,12.83,-7826.488880500551,-1161.3517103353006,bd972efc927c87708f479b3c989a305bfeb89b6aa0381d01606955fa59f6baca,30,0.01274814922362566,27.92,0.8371955046318289,0.8371955046318289,0.8819688790892554,0.9172495623737354,0.9393805633337396,0.9636503333409835,0.9895899270259092,1.0139657639099027,1.0423108558189176,1.0693665940234598,1.091766833479192,1.1105795719450395,1.13088748077621,1.1443484859939965,1.1615875416677648
plus_di_14 <= plus_di_20_sft_1,0.014891248,98878,62788,36090,12.79,-7909.361116244579,-1236.9249853509318,bd972efc927c87708f479b3c989a305bfeb89b6aa0381d01606955fa59f6baca,30,0.01049222331494093,27.8,0.8471084585485253,0.8471084585485253,0.8954882973170415,0.932760223477045,0.9548859932496339,0.9785133737763653,1.0028376800103391,1.0262083755119948,1.0490845927687689,1.077096267543544,1.0973556528217407,1.1161909642192855,1.1379322696061192,1.1517764023666028,1.158094772713663
adx_30 >= adx_14_sft_2,0.014865219,98878,17031,81847,13.49,-3405.0354307872976,-439.7690615064348,fd7b69234972b511c2e03a174ce4b77d38140d5e70cabc298bd88fa9bb05adbf,30,0.0035925647243857384,27.8,0.7921275594866273,0.7921275594866273,0.8211369553602816,0.8520345571083241,0.8966373178972096,0.9413660062449016,0.977267291067222,1.0046505589965473,1.030027775569332,1.0455670590890422,1.0597034382334019,1.0689457296331233,1.0826902155924811,1.0922805496075394,1.0972251856129376
rsi_5 <= 6,0.014814193,98878,307,98571,21.17,52.72737588768359,-5.320157942449439,64f5e1bb8a7d01ed3bc711ef82f8836c32f34a4dc5e2cbccb6c4442736ec4dbc,4,0.0,0.0,1.1722171454479393,1.1722171454479393,1.0150354765288683,0.8172340736880248,0.7072343688321306,0.6790198817847849,0.7626987595584146,0.7392480793985494,0.7699525382600974,0.7807958327178373,0.7400001467714782,0.7383634931730486,0.7784554313592524,0.7662833733283467,0.7437480325853245
rsi_2 <= 22,0.01480121,98878,24879,73999,13.26,-397.42745494030214,-386.83223939000163,64f5e1bb8a7d01ed3bc711ef82f8836c32f34a4dc5e2cbccb6c4442736ec4dbc,30,0.005378239322453737,27.86,0.9783394081005904,0.9783394081005904,1.0106987304912292,1.0160379720954902,1.018159649973757,1.0184963104600264,1.0178350907163558,1.0271882459472688,1.0293538484469191,1.054675085709794,1.0593731909231154,1.0785525988541618,1.0920163988606602,1.0932488017517625,1.1026010829674044
plus_di_14 <= plus_di_30,0.014715861,98878,59055,39823,12.82,-7857.004953972665,-1161.5577565873173,bd972efc927c87708f479b3c989a305bfeb89b6aa0381d01606955fa59f6baca,30,0.015452545136213303,28.01,0.8380848872521303,0.8380848872521303,0.8837774909717706,0.9194324053335803,0.9448742628542013,0.9711734066718295,0.9954941616285526,1.0189538568046694,1.0449608307836409,1.0683103793926867,1.0892035955436146,1.1074863916587612,1.1294460493372025,1.1441271966420175,1.1590052335557084
plus_di_20 >= 15,0.014713486,98878,83373,15505,12.63,-11498.172900713878,-1579.5492889652232,4f583626fd6f59b1b2e0825c720b1d1aad3858951a5b50964ea86a5c13485b5d,30,0.02326953411102295,27.89,0.8381322140339915,0.8381322140339915,0.8929944043278012,0.9328938849101864,0.9657067985888435,0.9941910362796295,1.0208753623115876,1.043121616442796,1.062864975658266,1.0819084068187383,1.0977897804645227,1.1121965323105591,1.1279946875705156,1.1425270753500527,1.1556698914705679
day_of_month == 4,0.014698991,98878,2567,96311,15.39,-214.52825513877906,-44.84489989600843,737d6d1d85a27bd24d6381c6a37443495c3b9dd7a7d69f2f067c86100940a56f,30,0.029001755639910698,35.37,0.9021509439213644,0.9021509439213644,0.9732281035542827,1.0231272520057615,1.0646787157544233,1.0940770632103785,1.1148991593488284,1.1330538404633936,1.1454211816864686,1.161921954623542,1.173714625992418,1.1896041710680465,1.2058180878982594,1.2210820627325703,1.2345818179899817
minus_di_30 <= minus_di_10_sft_3,0.014693347,98878,46583,52295,12.93,-7906.376786829028,-1015.6327237069781,6ead8d4aff114cb978d2a5e9b1dcb95b84dfa27fd6f0f40b385ac29b242b16ea,30,0.014317016117274761,28.12,0.8024205916226265,0.8024205916226265,0.8527095404013619,0.8864321205574583,0.9160401204184409,0.942516329721979,0.9723954881178305,0.9977162357636313,1.0189695764027282,1.034828624086499,1.054400665648726,1.0683632378629788,1.0791296526350493,1.0981764483347667,1.1191753424432567
stdev_14 >= stdev_10_sft_2,0.01469321,98878,75282,23596,12.69,-9981.378388968373,-1490.0714474052802,a092dbfa6dbefd1d342d1a211503f33f5c7745cd5359e4d4115f2b75459bc7b9,30,0.006588156800717115,27.61,0.8426181852852628,0.8426181852852628,0.9013395412438046,0.9448008560816494,0.9776428820931244,0.9979495475761891,1.0196310050842206,1.036638184331361,1.0575728087732568,1.0776854347239118,1.0969254540012705,1.1091356669081829,1.1231856184812177,1.1313646575967082,1.1454356011559153
rsi_2 <= rsi_5_sft_1,0.0146818245,98878,49746,49132,12.9,-3493.981905144563,-874.9960525488277,f60792ba6ac5baece5de7ac90117c85055d233a86016db65a9b1851d8a518ee9,30,0.008215568028390408,27.81,0.9113398213965973,0.9113398213965973,0.9618807844273116,0.9828034645852125,1.0020347587984955,1.0129526998999863,1.0223836646545388,1.0316333152435013,1.0442685556554772,1.0648048673382806,1.076684668791018,1.088632889748765,1.1046954916218725,1.1154055732308628,1.1226267764777902
willr_10 <= -13,0.014657123,98878,84006,14872,12.62,-10163.640466744811,-1608.3417499079806,c087f74a8ef9fdefe2bfbfe4c42e7c177e68996d73089fae9a8de15f5638210d,30,0.008407613262534142,27.6,0.8527644306417596,0.8527644306417596,0.8993389818973154,0.9329081154970289,0.9555863918861373,0.975191991158743,0.9939538125963661,1.0107886641235124,1.026743134705062,1.0437085862365914,1.0600399852340727,1.0757131157501278,1.0906587371039576,1.1039277549464974,1.1131527729049628
willr_10 <= -8,0.014635955,98878,88394,10484,12.58,-11011.242536837384,-1700.3177360252812,c087f74a8ef9fdefe2bfbfe4c42e7c177e68996d73089fae9a8de15f5638210d,30,0.007606263738125563,27.56,0.8496146138277112,0.8496146138277112,0.89487942914846,0.930596391305372,0.9520821721235286,0.9742165478157976,0.9930135525310868,1.0095400658470906,1.0242913988999345,1.0419644041680796,1.0593181493566315,1.073964980812505,1.0906631217135299,1.10107353285538,1.111168995001946
rsi_10 <= 15,0.014634212,98878,333,98545,20.72,52.979928695946,-7.870208006752362,64f5e1bb8a7d01ed3bc711ef82f8836c32f34a4dc5e2cbccb6c4442736ec4dbc,4,0.0,0.0,1.1696113178206733,1.1696113178206733,1.0430793178728934,0.9751992953120262,0.9374418796064974,0.9461878447499703,0.9938498869007514,0.9298261320675681,0.9784901987177118,1.001683612436626,1.003723087768253,0.9553051225001338,0.9186465424070261,0.9313933900339465,0.9012135247672654
minus_di_10 <= 11,0.014630934,98878,12671,86207,13.68,-293.86511428980157,-142.62471087722224,cee77ee220a5e77fe95d20a730179fabcb0f2e40106664424787bbccffac6b44,30,-0.024650156497955322,24.58,0.9780588566699794,0.9780588566699794,1.0324934321377632,1.0739437941661305,1.105194249458759,1.113283987575435,1.1228773800477905,1.096625553928454,1.0768486793405458,1.079377175276462,1.0946602670938401,1.1059724638673758,1.1217177106072362,1.132857848321229,1.1431744875041212
plus_di_10 <= plus_di_30_sft_2,0.014601426,98878,59703,39175,12.81,-7356.847280253195,-1161.712006468355,bd972efc927c87708f479b3c989a305bfeb89b6aa0381d01606955fa59f6baca,30,0.011470909230411053,27.86,0.8492240512271937,0.8492240512271937,0.8904023430898796,0.9258484608344927,0.9434924772341562,0.9716204033810792,0.9956883493462454,1.0217509429657246,1.050906593088678,1.0769564270281573,1.0970490473106105,1.1170352052065058,1.1376259575953873,1.1481065137432216,1.1589868055309114
adx_20 >= adx_10_sft_2,0.014596682,98878,14903,83975,13.56,-2723.8296418542304,-347.6909377672637,fd7b69234972b511c2e03a174ce4b77d38140d5e70cabc298bd88fa9bb05adbf,30,0.005883719772100449,28.07,0.8100516638493092,0.8100516638493092,0.8461350271716355,0.9035790927699351,0.9604459249531166,0.9893682007742879,1.0166324289724764,1.045678700901385,1.0657561335179815,1.0856528097749447,1.09249735027905,1.0992434531666746,1.1106736136778967,1.1242608311812792,1.1387791737490172
rsi_2 <= rsi_5,0.014587555,98878,49702,49176,12.9,-3524.5527238253962,-874.0128129007135,f60792ba6ac5baece5de7ac90117c85055d233a86016db65a9b1851d8a518ee9,30,0.008264283649623394,27.81,0.910819448090365,0.910819448090365,0.9639870362211493,0.9861996980097898,1.0084350299437996,1.0172523420617927,1.0277180632031395,1.0377600351462533,1.0505282073745867,1.071084388896792,1.0827532469349843,1.0956982582383727,1.1117552719597334,1.120689536496144,1.1274064931927765
aarod_30 <= 20,0.01454631,98878,29845,69033,13.15,-3391.319300579051,-441.221758554042,ee8487758bc2c4538d142a7a4b471774d99d1136098b9a4a57e5eb95d2b58bae,30,0.009729024954140186,28.11,0.8722560444883175,0.8722560444883175,0.9330521644039705,0.9788105825562675,1.0137398082593028,1.044275881698874,1.0750808523779605,1.1013190142760403,1.117314677858051,1.146192832893862,1.170374467307029,1.195382679728448,1.2278751865510693,1.2571773188937387,1.278850845304391
bb_upper_2_10 >= bb_upper_2_20_sft_3,0.014529177,98878,33489,65389,13.09,-2789.4408830013417,-548.694225119405,2b12f1a24b5e2be255bd7327d40ce3105a7cd48cdc1cc2d1ac037ab6015a19a3,30,0.0013871761038899422,27.53,0.9070237373734985,0.9070237373734985,0.9699973558370737,1.0247524360670845,1.0688178212597286,1.0949228533746616,1.121184429736602,1.1476469428929568,1.1649069688899545,1.1693583627697064,1.1749350124760878,1.1833754103934173,1.1960184528693842,1.215114535025307,1.2305323834984858
atr_10 <= atr_5_sft_1,0.0145003265,98878,39757,59121,13.0,-2470.636792448553,-656.5336384257607,6c56a6e37fe7066fac040219b9e7cfe2398571a456467cde7a8327153ebc94da,30,0.015101892873644829,28.27,0.9287454451329494,0.9287454451329494,0.9728396703926242,1.0104929520867496,1.0452705749035507,1.0780930785445304,1.0976118746410555,1.1167082684580687,1.131423818224042,1.1399735268981783,1.1584027510656494,1.174033600040414,1.1853109724895698,1.2049816359853187,1.2139173646994657
adx_5 <= adx_14,0.01449193,98878,12814,86064,13.66,-2673.1665373641736,-248.52906443220127,234f8ad1c2baf91b95c9f1aef2798b533888ce55558d2a8e51c247014080fabc,30,-0.00248288013972342,27.16,0.7876846068521496,0.7876846068521496,0.8414668355375617,0.8710994458394609,0.8902858368839537,0.9312811087988165,0.960825913796304,0.9916377868239864,1.0074461680374032,1.0158647474138074,1.0206722353851496,1.0324967804766825,1.0538550256524983,1.076849407953029,1.0935362723030928
minus_di_30 <= minus_di_5_sft_1,0.014490432,98878,44458,54420,12.95,-6481.391642505347,-899.4617662029632,6ead8d4aff114cb978d2a5e9b1dcb95b84dfa27fd6f0f40b385ac29b242b16ea,30,0.009637333452701569,27.92,0.82136021576152,0.82136021576152,0.872303600953889,0.9006747535139589,0.9278886513717928,0.9488787745287399,0.9669956864640914,0.9858511380324165,1.0111941757376444,1.0330070728784833,1.0452163167116695,1.0654876015477146,1.0805794725602806,1.09205557794696,1.1068395544962493
aarou_5 <= aarou_20_sft_2,0.014427621,98878,54589,44289,12.85,-6242.616008894693,-960.2873667167223,11ecda3140789fc7bb03c4e9ce6db1e36d26d05f5895e9047d4b04d8e05db454,30,0.008845621719956398,27.8,0.8634828599083935,0.8634828599083935,0.9288988780685459,0.9738752755563909,0.9934626600703249,1.0177672843591004,1.0365726200174203,1.058136194382719,1.067563286353879,1.0809459520596962,1.094041733125367,1.1053205184381614,1.1198900982212998,1.1407704215387313,1.1540917574446066
minus_di_20 <= minus_di_10_sft_1,0.014412684,98878,46909,51969,12.92,-7419.130329458884,-962.8585850171803,6ead8d4aff114cb978d2a5e9b1dcb95b84dfa27fd6f0f40b385ac29b242b16ea,30,0.0088893948122859,27.86,0.8121073292779748,0.8121073292779748,0.8539112557870032,0.8928995664590375,0.9206194684558325,0.9385494639047421,0.9638463503119147,0.9875150569608104,1.0153930606226544,1.0382339679309245,1.0546531511860606,1.0756953632502166,1.088556601313208,1.1040679630914767,1.122660379774476
willr_10 <= -9,0.014389343,98878,87637,11241,12.59,-10847.533533841288,-1692.5377516406734,c087f74a8ef9fdefe2bfbfe4c42e7c177e68996d73089fae9a8de15f5638210d,30,0.007645673118531704,27.57,0.8503853294378684,0.8503853294378684,0.8952534279529848,0.9309121656294918,0.9520772004019562,0.9736486795554739,0.9918096369891711,1.0084556770711377,1.0227223100333054,1.040428541067123,1.0577317072759997,1.072534218635861,1.0893685595591849,1.100303969909383,1.1105748559793958
adx_30 >= adx_14_sft_1,0.014345371,98878,17463,81415,13.44,-3483.6406006195093,-458.10241466533625,fd7b69234972b511c2e03a174ce4b77d38140d5e70cabc298bd88fa9bb05adbf,30,0.002156888134777546,27.65,0.7904386356814179,0.7904386356814179,0.8277510379588975,0.8482574996518928,0.8792705098910598,0.9231291814871295,0.964242543069436,0.9980472527393487,1.023616417493915,1.045977296357935,1.0547937445968616,1.065867585520962,1.0750717527536724,1.0832791640549186,1.092353499390321
stdev_14 >= stdev_5_sft_3,0.014342412,98878,88182,10696,12.58,-11495.01386013869,-1733.354135954709,a092dbfa6dbefd1d342d1a211503f33f5c7745cd5359e4d4115f2b75459bc7b9,30,0.004269357305020094,27.51,0.8439411992197902,0.8439411992197902,0.8961905996044446,0.9344071635945366,0.966094625531967,0.9918698873494475,1.0126351984852726,1.029748896736548,1.0473303620255403,1.0653046297241713,1.0813008350336049,1.0951615040409894,1.1082811578421008,1.1208379246375977,1.1330768669129598
day_of_month <= 10,0.014340713,98878,40273,58605,12.99,-2096.504103298355,-723.5890803364746,49cbc20e8e123e9500d17c94d10e8476c9be751f3936e646ba3355acc5fd09d7,30,0.01670290157198906,28.34,0.9406423838897796,0.9406423838897796,1.0222633424484806,1.0810752887727226,1.1316979075385278,1.1777887723009872,1.2195898810764343,1.2533231049908915,1.2815861127662191,1.3114505966828651,1.3400438658081915,1.3681687484526377,1.396108765950755,1.4206244035249382,1.4454125507622733
adx_30 >= adx_10_sft_3,0.014319984,98878,14253,84625,13.57,-2949.1180807872006,-378.25117080613563,fd7b69234972b511c2e03a174ce4b77d38140d5e70cabc298bd88fa9bb05adbf,30,0.00040483230259269476,27.49,0.7868010752525105,0.7868010752525105,0.8351869071072818,0.8772900034071643,0.9149472133473189,0.9503796600152442,0.9846707521091895,1.0140501709857037,1.0322960912739658,1.0420810665831328,1.0542760121898793,1.061684021544777,1.059117419317367,1.0635117660776052,1.073887889972427
minus_di_5 >= minus_di_20_sft_2,0.014255995,98878,43414,55464,12.95,-5518.720730483583,-849.5372946234784,a7c5a511f18bc4bc65b530c22aedd665cbba6e43036caf921c03925c9eff7340,30,0.006030805874615908,27.75,0.8414718349100667,0.8414718349100667,0.8818567431878128,0.9167833266060192,0.9363514210214093,0.9587759362687208,0.9792752044992576,0.9976750836961764,1.0226916320196664,1.049180878942575,1.064878518679354,1.0793456116255324,1.0961319680124808,1.1061830039678908,1.1154366091105268
rsi_2 <= 17,0.014240619,98878,19693,79185,13.36,-249.65258547277745,-300.60139087811694,64f5e1bb8a7d01ed3bc711ef82f8836c32f34a4dc5e2cbccb6c4442736ec4dbc,30,0.007676396518945694,28.13,0.9826164593937157,0.9826164593937157,1.0113314035508503,1.0212994395958594,1.0304694467436475,1.028612032437475,1.014846298914907,1.0209781392961867,1.0377542970940439,1.0715666847207892,1.0749161380515029,1.0970386402761065,1.1067079590145406,1.1121187656299243,1.1226451265087454
bb_upper_2_30 >= bb_upper_2_30_sft_2,0.014235185,98878,45671,53207,12.93,-4757.586326820629,-812.9160153757912,2b12f1a24b5e2be255bd7327d40ce3105a7cd48cdc1cc2d1ac037ab6015a19a3,30,0.002301443601027131,27.56,0.8807374700754809,0.8807374700754809,0.9488652809168524,0.9964696801598419,1.0405138694038496,1.0632524386134174,1.0843579801277983,1.0931071347677805,1.1014569834246428,1.0995484650845864,1.1071634368635976,1.1199139312903634,1.143036885788109,1.1659808797660427,1.1822173200260444
rsi_14 <= 21,0.014227656,98878,500,98378,19.0,156.91653185186442,-5.670667950580535,64f5e1bb8a7d01ed3bc711ef82f8836c32f34a4dc5e2cbccb6c4442736ec4dbc,4,0.0,0.0,1.398821426038825,1.398821426038825,1.3003427249909127,1.1831006833629847,1.1632201264254718,1.2449526037828087,1.2661764605514139,1.1901847941384147,1.210687218306154,1.292421906707158,1.281961918460582,1.2530782380159067,1.1932743180040335,1.1980391487650988,1.1576345286468523
rsi_2 <= 18,0.014221986,98878,20690,78188,13.33,-107.64195432679526,-318.66924635556643,64f5e1bb8a7d01ed3bc711ef82f8836c32f34a4dc5e2cbccb6c4442736ec4dbc,30,0.008783377707004547,28.21,0.992860187641495,0.992860187641495,1.0207794466788347,1.031404336232482,1.0401826716054186,1.0359896106009858,1.0288644709270773,1.0407229828442943,1.0560086650252618,1.086730630822309,1.0899090350769143,1.1116747080788234,1.1233841447949557,1.1280559380484465,1.137768874349868
adx_14 >= 17,0.014203033,98878,78138,20740,12.66,-10443.76162610974,-1503.6210131364205,4118d96628e9d7109ca1b25b71d8f7665de5864ad974c7631ea4a76d380fc96f,30,-0.00350265484303236,27.36,0.842091419173785,0.842091419173785,0.9003881549136893,0.9398791360814365,0.9701850879033782,0.9946254732172676,1.0181160836034417,1.038437987604433,1.0551701915297231,1.0722363517856264,1.088703395333591,1.1022715362141606,1.1161785794542112,1.1305731868044835,1.1430358606028626
rsi_30 >= rsi_14_sft_1,0.0141856605,98878,51407,47471,12.87,-8530.769909157982,-1113.1230626960823,9c5304fe9d592b70a0c6b3286ed47e7bf2dda0b94ec7966217da111653dec0de,30,0.0061415270902216434,27.71,0.8060660858770592,0.8060660858770592,0.8468350432494146,0.8816287777235156,0.9066887873239245,0.9264088636316765,0.9469195775578932,0.9668920517449845,0.9901028409947829,1.0152992986797367,1.0322348191403101,1.0481343125502096,1.060415537721832,1.0749349496310485,1.093050349017423
day_of_month <= 9,0.014154021,98878,27944,70934,13.16,-539.6144780663576,-438.1911822828479,49cbc20e8e123e9500d17c94d10e8476c9be751f3936e646ba3355acc5fd09d7,30,0.031649574637413025,29.7,0.9771688635137327,0.9771688635137327,1.0722118948994792,1.140190790838042,1.1988124232781048,1.2524448553500236,1.3035149376529653,1.3489665667316657,1.3880325607614319,1.426089760679302,1.4622571531048711,1.498386081664809,1.5351038459049497,1.5677849767565877,1.6004636039953923
rsi_2 <= 20,0.014108365,98878,22783,76095,13.27,-270.5592587418182,-356.5578288741599,64f5e1bb8a7d01ed3bc711ef82f8836c32f34a4dc5e2cbccb6c4442736ec4dbc,30,0.006524262949824333,27.98,0.9838667364655135,0.9838667364655135,1.0126638788714344,1.0208844469886431,1.0274660081837406,1.0236915724870415,1.0225874265311548,1.0321096216708177,1.0367218192071233,1.0652337948419344,1.0690538575737416,1.090321586893846,1.1029673759603085,1.1044994855689474,1.113662361981727
rsi_2 <= 21,0.014044218,98878,23813,75065,13.24,-261.2390512743991,-360.68353262257733,64f5e1bb8a7d01ed3bc711ef82f8836c32f34a4dc5e2cbccb6c4442736ec4dbc,30,0.005699964240193367,27.9,0.9850494512390472,0.9850494512390472,1.0173092383278615,1.0273785796676977,1.0309167473733183,1.0295422252499598,1.0302296248758367,1.0371976242073555,1.0398635414089243,1.067510916384195,1.0738825574268753,1.0926027498776638,1.1059715573951243,1.1091420007646287,1.1191560581440696
stdev_14 >= stdev_5_sft_2,0.014041538,98878,87929,10949,12.58,-11214.11372029642,-1699.9310438241737,a092dbfa6dbefd1d342d1a211503f33f5c7745cd5359e4d4115f2b75459bc7b9,30,0.00627957284450531,27.54,0.8470575094812743,0.8470575094812743,0.898741327568641,0.9360835452863324,0.9683960837564847,0.9941087849629495,1.0176925168560842,1.0349508643391212,1.050732518267155,1.068792219183996,1.084471111036926,1.097831486334541,1.109942799432582,1.1213843173560119,1.134657166254478
plus_di_14 >= 24,0.013985248,98878,42015,56863,12.95,-4099.374375499014,-666.02916661161,4f583626fd6f59b1b2e0825c720b1d1aad3858951a5b50964ea86a5c13485b5d,30,0.00802385713905096,27.86,0.8927816301965459,0.8927816301965459,0.9615452006146515,1.0064996524712868,1.0452061431259867,1.0759514728778155,1.101006163668449,1.125891970014032,1.1496515816521804,1.1716513457390956,1.1930713010710892,1.2119137061850165,1.2334768956321698,1.2545569557708645,1.2740251637437594
minus_di_10 >= minus_di_14_sft_2,0.013981098,98878,41079,57799,12.97,-4832.869232255362,-789.827017221789,a7c5a511f18bc4bc65b530c22aedd665cbba6e43036caf921c03925c9eff7340,30,0.0056520383805036545,27.74,0.8532078941800789,0.8532078941800789,0.8957430550657514,0.9276492080308675,0.9498336432624608,0.9641885111913324,0.9818108511359319,0.9957043368263447,1.0147028464363355,1.046020303208442,1.064396141779945,1.0779898726497845,1.0938145576587972,1.1053554126520648,1.1173931888009871
willr_10 <= -10,0.013970694,98878,86848,12030,12.59,-10731.647415267802,-1674.396239617803,c087f74a8ef9fdefe2bfbfe4c42e7c177e68996d73089fae9a8de15f5638210d,30,0.006768380757421255,27.56,0.850394502816932,0.850394502816932,0.8960341526563534,0.9311834152856677,0.9533337972177222,0.9735371834844356,0.9922704422999084,1.0096183302914883,1.0242271468849506,1.0414722739608442,1.0586820609411698,1.0734544417521317,1.0903565024751851,1.1015280316070604,1.1118003779793892
plus_di_10 <= plus_di_20_sft_2,0.013862965,98878,60034,38844,12.79,-7185.772514939706,-1150.1386390034531,bd972efc927c87708f479b3c989a305bfeb89b6aa0381d01606955fa59f6baca,30,0.0075043244287371635,27.71,0.8541421652634515,0.8541421652634515,0.8915979896666466,0.9248611376126058,0.9453371443764933,0.9708198929470404,0.9952663919920712,1.0198150247739448,1.0447618083592798,1.069733031708384,1.086018455516041,1.1053098770864747,1.1257470777666232,1.138839778336632,1.1465406367086126
adx_30 >= adx_10_sft_2,0.013814803,98878,14562,84316,13.51,-2872.064562273983,-345.7323906109741,fd7b69234972b511c2e03a174ce4b77d38140d5e70cabc298bd88fa9bb05adbf,30,-0.0009293019538745284,27.35,0.7941723218439464,0.7941723218439464,0.8281498685485118,0.8725882986215748,0.9042190581510045,0.9339729379624196,0.9645116509265249,0.9880772596646953,1.0123104668509852,1.0287870742307728,1.0399319294952136,1.047050394210474,1.0505621738440443,1.050700454622942,1.0585547607331598
plus_di_20 >= 12,0.013804807,98878,91508,7370,12.55,-12613.39045351788,-1770.7324546378732,4f583626fd6f59b1b2e0825c720b1d1aad3858951a5b50964ea86a5c13485b5d,30,0.03043452836573124,27.83,0.8356711145895821,0.8356711145895821,0.8919053622571665,0.9305352195591987,0.9620614843641466,0.9895294139042109,1.01533024594909,1.0369318991487184,1.0565404620081,1.074178883699151,1.0894488388984462,1.104003808743301,1.1181140821752498,1.1305744268239448,1.1436904149422507
aarou_30 >= aarou_10_sft_3,0.013799602,98878,56362,42516,12.81,-7337.87693793215,-1068.1850972891334,0f031b3780e6467809600593d6806420193325d9573f332c17b627db66a26893,30,0.002311253221705556,27.53,0.846082370097595,0.846082370097595,0.9112882478185891,0.9479843285053726,0.9748220274017709,1.002598784113193,1.031804321466308,1.0461929423685024,1.0561799519823851,1.0703454709826505,1.0791511340259194,1.093912429550612,1.1005673086274863,1.1088256897853492,1.1260939865687785
rsi_2 <= 15,0.013784117,98878,17705,81173,13.39,-312.5843948591323,-273.91265455381654,64f5e1bb8a7d01ed3bc711ef82f8836c32f34a4dc5e2cbccb6c4442736ec4dbc,30,0.008327480405569077,28.24,0.9758078458771899,0.9758078458771899,1.0061979683929396,1.017157561336485,1.0316722127623905,1.028145474344468,1.0154515137107871,1.0241812130222936,1.0536281431145498,1.0882828941118299,1.0910946539157604,1.1125714644337792,1.1220544535999921,1.1237616158588006,1.1380160794954315
adx_14 <= adx_20,0.013769005,98878,18152,80726,13.38,-3021.9006425045227,-388.15887407657283,234f8ad1c2baf91b95c9f1aef2798b533888ce55558d2a8e51c247014080fabc,30,-0.0001641402195673436,27.43,0.8203206229180421,0.8203206229180421,0.8660331793556411,0.9029223878424506,0.9388578600406012,0.9667808871012912,0.99894171960942,1.0222620853028461,1.0395208248956431,1.0489240990963529,1.0583488032828905,1.060404445814997,1.0670258327756201,1.0708131641134255,1.0803699878705697
plus_di_10 <= plus_di_30,0.013765378,98878,58716,40162,12.79,-7970.263138769636,-1173.0717811624927,bd972efc927c87708f479b3c989a305bfeb89b6aa0381d01606955fa59f6baca,30,0.013264395296573639,27.93,0.834662591837863,0.834662591837863,0.879453546912997,0.9152298032215291,0.9384440147605171,0.966156488566441,0.9925892071655109,1.0150533749611272,1.0418627534591256,1.0698421448781028,1.089515022892675,1.1081718821460032,1.1274354480791324,1.1400234564839382,1.1550384028851408
minus_di_5 >= minus_di_20_sft_1,0.013730825,98878,43418,55460,12.93,-5879.905318097859,-874.572557896674,a7c5a511f18bc4bc65b530c22aedd665cbba6e43036caf921c03925c9eff7340,30,0.00419959332793951,27.66,0.8318280663302059,0.8318280663302059,0.875152130422409,0.9050036417009867,0.9256231506767457,0.9468240602442377,0.9693836701687008,0.987839957352466,1.0106456421544268,1.0367935689077397,1.0528863559027988,1.065359666389824,1.0807957263289525,1.0938369486925716,1.1062992496038355
minus_di_30 <= 12,0.013723609,98878,5601,93277,14.27,-1339.6580745300744,-84.68090567665058,cee77ee220a5e77fe95d20a730179fabcb0f2e40106664424787bbccffac6b44,28,-0.027632158249616623,21.96,0.8223347543731953,0.8223347543731953,0.8415352202217429,0.8523180483252383,0.8822826759577245,0.8622129933630059,0.843030781236518,0.8101012017969224,0.8151611953681958,0.8352720163717706,0.8776503053267357,0.9122534977580182,0.9321189693915017,0.9659594741160878,0.9593441265532925
rsi_2 <= 13,0.013694704,98878,15623,83255,13.46,-93.85299099328086,-237.9809365840847,64f5e1bb8a7d01ed3bc711ef82f8836c32f34a4dc5e2cbccb6c4442736ec4dbc,30,0.007411548867821693,28.21,0.9917001798451722,0.9917001798451722,1.028053442846609,1.0432689381765634,1.0464411007909253,1.0328107018879475,1.0150970291594301,1.0245714026057295,1.0495507457634,1.0803066604153906,1.0804169238807517,1.1019402416058977,1.1098726477986713,1.1092924107986752,1.1228124389815717
willr_10 <= -17,0.013659072,98878,80251,18627,12.64,-9515.315426475285,-1538.3772134610044,c087f74a8ef9fdefe2bfbfe4c42e7c177e68996d73089fae9a8de15f5638210d,30,0.0062115867622196674,27.58,0.8549324563954187,0.8549324563954187,0.9006376780711081,0.9316270339046386,0.9519325972487075,0.9704797410780774,0.9873145537694988,1.0035250029332317,1.0183294032495276,1.0334083547175406,1.0476713650496856,1.0648310582434084,1.0808060512949953,1.0917970314396988,1.10045756638935
plus_di_14 >= 18,0.0136538595,98878,67250,31628,12.73,-8601.839607501723,-1200.2419128769616,4f583626fd6f59b1b2e0825c720b1d1aad3858951a5b50964ea86a5c13485b5d,30,0.01235582772642374,27.82,0.8541060973603966,0.8541060973603966,0.9196908171443969,0.9636321294709441,0.9949118566640076,1.0260404491815782,1.0535379037644033,1.0802830679729347,1.1037451914135612,1.1227313940059958,1.139847260461515,1.1555207396140543,1.1712624542421182,1.1865459093876993,1.198882013832192
minus_di_30 <= minus_di_14_sft_2,0.013643362,98878,47074,51804,12.89,-8175.064880373186,-988.4756787638689,6ead8d4aff114cb978d2a5e9b1dcb95b84dfa27fd6f0f40b385ac29b242b16ea,30,0.0169980451464653,28.24,0.7996342178983993,0.7996342178983993,0.8529029019091924,0.8890481309813197,0.9218619034619072,0.9466142903855221,0.9750024971059615,1.002029805580901,1.0292855082955075,1.0434984674489047,1.0621699790871186,1.080692147740988,1.0949700830581717,1.1141091421863953,1.1406697720457328
aarod_30 <= 24,0.0136423735,98878,32437,66441,13.06,-3801.4477204730774,-494.44595147181826,ee8487758bc2c4538d142a7a4b471774d99d1136098b9a4a57e5eb95d2b58bae,30,0.008432542905211449,27.98,0.8670839158404848,0.8670839158404848,0.9259507656380461,0.9735579767685788,1.0051974671237676,1.0349623232443586,1.0653188640129667,1.094382733493108,1.1113513141258455,1.1368190198708115,1.1613916764348537,1.1854986636487859,1.2147440012872055,1.2439469419926985,1.2648999852660052
minus_di_5 >= minus_di_14_sft_1,0.013622551,98878,42214,56664,12.94,-5468.977779539819,-836.3685142296963,a7c5a511f18bc4bc65b530c22aedd665cbba6e43036caf921c03925c9eff7340,30,0.0011178286513313651,27.5,0.8391547326292376,0.8391547326292376,0.8876494866151543,0.9164617213699295,0.9367155889833407,0.9585229163264636,0.9751674493750828,0.9898261923052112,1.00911473175948,1.03327544680639,1.048713203629242,1.0605401964398489,1.0725676579259207,1.0866157170972488,1.0985775539508673
adx_5 <= adx_14_sft_2,0.013621981,98878,14867,84011,13.49,-3091.7316767310695,-301.53660824219696,234f8ad1c2baf91b95c9f1aef2798b533888ce55558d2a8e51c247014080fabc,30,-0.003566013416275382,27.07,0.783113972614982,0.783113972614982,0.8360849542007266,0.8629347726923587,0.8717764127348638,0.9061735534433545,0.9457143883034431,0.9813037417856391,1.0086740233274278,1.0160061898256127,1.0235995533921032,1.0347890110400544,1.0480949586411505,1.0720408816261173,1.0854281852931988
minus_di_14 <= 15,0.013604807,98878,20927,77951,13.28,-1419.6289816812618,-287.04780422914337,cee77ee220a5e77fe95d20a730179fabcb0f2e40106664424787bbccffac6b44,30,-0.026710236445069313,25.14,0.9321832299262163,0.9321832299262163,0.9903185656308362,1.0346853639508118,1.069036105628017,1.080519911081317,1.0907984166882727,1.0816250212084457,1.0769844749811137,1.0709272383605606,1.0751627168817754,1.0846470011017026,1.0892820613462926,1.1029645070146739,1.113237073781176
rsi_2 <= 19,0.013602629,98878,21705,77173,13.26,-200.02898877919915,-339.11864724098996,64f5e1bb8a7d01ed3bc711ef82f8836c32f34a4dc5e2cbccb6c4442736ec4dbc,30,0.00805321428924799,28.12,0.9874274417837766,0.9874274417837766,1.0147484417443275,1.024060968959645,1.0352717849904078,1.0360467645466933,1.0362302486566475,1.0486526095932502,1.0561225139944495,1.08659667339717,1.0902000002597227,1.1127005933390015,1.1252832177294971,1.1247118977440067,1.1345015291361726
minus_di_14 <= 12,0.013507507,98878,11652,87226,13.64,-667.9123868973693,-158.33996795347775,cee77ee220a5e77fe95d20a730179fabcb0f2e40106664424787bbccffac6b44,30,-0.028179273009300232,24.0,0.9477426642921857,0.9477426642921857,0.9976815224674901,1.028021977569699,1.061445413075427,1.071905545662836,1.068122241966892,1.038956110197615,1.0221241426032641,1.0303819447383396,1.046777116361513,1.058559626397111,1.0715856405674822,1.084740853542672,1.0954777781627993
bb_upper_2_10 <= High_sft_1,0.013493474,98878,9052,89826,13.82,-1164.8003023605706,-172.33580418475321,47a9751fea8d725fb5374946cd8b96bffe57ef928945364f4fe01eefa8efaa0d,28,-0.005597345530986786,26.18,0.8669232513316938,0.8669232513316938,0.9022422242584833,0.9686940252329299,0.9989616483360736,0.9877956938708827,0.9726322380337413,0.9825609690961102,1.015436282201893,1.0411146151099502,1.0626258082475897,1.0762395924784511,1.0667025098556862,1.0795336260806538,1.0737474995131004
aarou_30 >= aarou_14_sft_1,0.013482458,98878,63912,34966,12.75,-7554.886056659078,-1183.9362211672342,0f031b3780e6467809600593d6806420193325d9573f332c17b627db66a26893,30,-7.609673775732517e-05,27.44,0.859631768175776,0.859631768175776,0.9140594603089516,0.9484502299433436,0.9752190080821039,1.0069155635712859,1.029712245436405,1.0447733796050422,1.0593366123919168,1.0714363484420302,1.0814160570090392,1.0897215163953369,1.1033090202436149,1.1136792078478095,1.1296458503762028
aarou_14 <= aarou_30_sft_2,0.013474212,98878,59573,39305,12.78,-6680.734065126792,-1054.8666395347536,11ecda3140789fc7bb03c4e9ce6db1e36d26d05f5895e9047d4b04d8e05db454,30,0.005058621056377888,27.63,0.8653262697055975,0.8653262697055975,0.9167319508883782,0.9528305514653247,0.9723483760207713,1.00067304912861,1.0213126690313488,1.0394961525478572,1.0517194617232735,1.0693954629352118,1.0823415950306228,1.0937049589880943,1.1088770024600814,1.1267718731944796,1.1386184086264717
plus_di_20 <= plus_di_30_sft_3,0.013442145,98878,60746,38132,12.77,-7791.7042963514,-1216.1238614636968,bd972efc927c87708f479b3c989a305bfeb89b6aa0381d01606955fa59f6baca,30,0.016590094193816185,28.03,0.8424656876037628,0.8424656876037628,0.8866542446585807,0.9191237335073446,0.9428140308010429,0.9680716110949994,0.9923642511615475,1.0190211934030724,1.0400156791987454,1.0629671893413712,1.0793565645232728,1.099134467470223,1.122078269957442,1.1303966821305564,1.1426592367827715
adx_30 >= 13,0.013403481,98878,71888,26990,12.69,-10148.082288737412,-1412.226386561866,4118d96628e9d7109ca1b25b71d8f7665de5864ad974c7631ea4a76d380fc96f,30,-0.008832579478621483,27.2,0.8351861783749132,0.8351861783749132,0.8860812641127892,0.9215816354919327,0.9495903882121551,0.976731672744597,0.9988217489821523,1.0189941496503867,1.037603005396033,1.054471745820648,1.0686028993462926,1.0817138747959343,1.0964955562960343,1.1097770015232316,1.1227939577830401
plus_di_30 >= 13,0.013392471,98878,92309,6569,12.54,-12769.81573947192,-1815.0668616911644,4f583626fd6f59b1b2e0825c720b1d1aad3858951a5b50964ea86a5c13485b5d,30,0.03411376476287842,27.85,0.8343024226763898,0.8343024226763898,0.8900413542420235,0.929894814713254,0.9617832974885893,0.9894715283822623,1.014659180248229,1.03560040298041,1.0546874805436828,1.0717633186749271,1.0866823438047255,1.1012505729172086,1.1159008582574652,1.127741768747435,1.1402888323186107
rsi_2 <= 16,0.013333021,98878,18704,80174,13.33,-241.15106096780482,-281.89685972702864,64f5e1bb8a7d01ed3bc711ef82f8836c32f34a4dc5e2cbccb6c4442736ec4dbc,30,0.00733209028840065,28.12,0.9822417439700095,0.9822417439700095,1.0163116378752592,1.0307368635346965,1.0386515346092426,1.038557129351799,1.022341743930197,1.0285007406874764,1.0486589798690504,1.0827212994469473,1.0808880564305987,1.105495643366568,1.113597494787949,1.119683608261503,1.1273917717438497
willr_10 <= -11,0.013280324,98878,85937,12941,12.59,-10524.727105070171,-1653.9609937995992,c087f74a8ef9fdefe2bfbfe4c42e7c177e68996d73089fae9a8de15f5638210d,30,0.007099451031535864,27.57,0.8513896851754754,0.8513896851754754,0.8959122956847358,0.9306144108396963,0.954505414648702,0.9742660590269017,0.9939822125610207,1.0116828181221011,1.025937731975284,1.0434849796269114,1.060279731356602,1.0752397932615916,1.0920971827032682,1.1040648363829928,1.1136080604601164
atr_14 >= atr_14_sft_1,0.01324229,98878,35989,62889,13.0,-2817.25667524041,-602.9029599256683,532171b4b026df3b7d23c8264137467a8cc80a53ca41565a8c760a4fc7c55907,30,0.010638231411576271,28.07,0.9113044738767742,0.9113044738767742,0.9854934629844089,1.0196968790702363,1.05102845004479,1.0849970156221305,1.1114347252452932,1.1306234387195317,1.1526212575172952,1.1677030092834122,1.1810233933545844,1.1956219579057812,1.2078295232969143,1.2260820332522147,1.2427986013221908
plus_di_14 >= 17,0.013237118,98878,71334,27544,12.69,-9223.225049381916,-1285.529652791367,4f583626fd6f59b1b2e0825c720b1d1aad3858951a5b50964ea86a5c13485b5d,30,0.013318046927452087,27.81,0.8512879563559882,0.8512879563559882,0.9145925633367811,0.9586240779547328,0.9892828535573994,1.019218858263732,1.0463041024537494,1.0712317635941595,1.0921526758698283,1.1106860037221216,1.1279063198039398,1.1436031643303948,1.1585132487348677,1.1730984301581475,1.186967684387671
rsi_2 <= 14,0.013228787,98878,16665,82213,13.39,-307.2540415494991,-256.6442994499448,64f5e1bb8a7d01ed3bc711ef82f8836c32f34a4dc5e2cbccb6c4442736ec4dbc,30,0.007465066853910685,28.18,0.9747387568698269,0.9747387568698269,1.009481433542757,1.0219795094448976,1.0314678629610083,1.021654716921871,1.0083394397185028,1.0199108801786734,1.0481639439725061,1.0838332787419256,1.0849622137534407,1.1092093394783824,1.1190739069270552,1.120169262598729,1.1307870720860609
minus_di_30 <= 20,0.013206098,98878,37709,61169,12.97,-5280.273200873478,-658.8317879104434,cee77ee220a5e77fe95d20a730179fabcb0f2e40106664424787bbccffac6b44,30,-0.03159875422716141,25.65,0.8525614897617333,0.8525614897617333,0.9135467596321638,0.9557956898452636,0.9837763976330873,0.9991261750874119,1.0140481138978206,1.0229252231319395,1.034463018712995,1.0400717786370466,1.0423609687776507,1.0407315375660522,1.0456627769357596,1.0521871500882596,1.061122114147875
adx_14 >= adx_10_sft_1,0.013119699,98878,15045,83833,13.44,-3136.600956369555,-347.7234201168758,fd7b69234972b511c2e03a174ce4b77d38140d5e70cabc298bd88fa9bb05adbf,30,0.0019504008814692497,27.65,0.7844908019449445,0.7844908019449445,0.8282178009947394,0.8641369994908915,0.9127652544063346,0.9448420461945339,0.957494069491732,0.9893419685607935,1.0071236850302534,1.00905114502586,1.0235587483442805,1.0312123060815803,1.049931496236799,1.0665459372610115,1.0950596363999223
bb_upper_2_10 >= bb_upper_2_20_sft_2,0.013118573,98878,32970,65908,13.03,-2753.5299050975445,-531.7800728200964,2b12f1a24b5e2be255bd7327d40ce3105a7cd48cdc1cc2d1ac037ab6015a19a3,30,0.0020866617560386658,27.58,0.9065212695331091,0.9065212695331091,0.968725368754656,1.0240059227481677,1.068580396054238,1.0995273405531676,1.125054374984687,1.1515051961032812,1.1712509112072274,1.178099335014745,1.1836395456026412,1.1879463980568203,1.2027176788489646,1.2186348319717664,1.2356739235653336
bb_upper_2_10 >= bb_upper_2_20,0.013106849,98878,30770,68108,13.06,-2430.6738691685314,-488.66948715793114,2b12f1a24b5e2be255bd7327d40ce3105a7cd48cdc1cc2d1ac037ab6015a19a3,30,-0.0023891506716609,27.29,0.9109915942277382,0.9109915942277382,0.9759419682495152,1.026044977127457,1.0660277056042553,1.0941429758218166,1.1177984932290679,1.1402527725434892,1.1567730368045555,1.1618608180888779,1.16893030567864,1.1761413791848698,1.1924192210615923,1.2145008890476332,1.2321947676066034
adx_20 <= adx_30,0.013046984,98878,19972,78906,13.27,-4107.828046234702,-525.6972831731546,234f8ad1c2baf91b95c9f1aef2798b533888ce55558d2a8e51c247014080fabc,30,0.0009426390170119703,27.53,0.7835293427056987,0.7835293427056987,0.8220777425539747,0.8598131508008745,0.8981419531701166,0.9350103567739014,0.9669565453175126,0.99428772936036,1.0211480097419259,1.037686265765117,1.0438156607389315,1.04525797640142,1.048056322094985,1.0495126717660903,1.0534547461915647
stdev_10 >= stdev_5_sft_3,0.013044528,98878,81576,17302,12.62,-9954.895413479899,-1582.2457279550727,a092dbfa6dbefd1d342d1a211503f33f5c7745cd5359e4d4115f2b75459bc7b9,30,-0.003726733149960637,27.37,0.85369534359145,0.85369534359145,0.9046130124652272,0.9404012603990539,0.96956211723692,0.9934298982868828,1.01258147874744,1.031018759601589,1.0479643439671014,1.0651446714911699,1.080759352743001,1.0950788776991216,1.107448784672087,1.1216436117239361,1.1345972860416116
stdev_5 >= stdev_20,0.013037274,98878,9131,89747,13.77,-1528.728244451806,-198.55898787449405,a092dbfa6dbefd1d342d1a211503f33f5c7745cd5359e4d4115f2b75459bc7b9,30,0.005401758477091789,28.2,0.8309127430690116,0.8309127430690116,0.8745488100673797,0.9476719698018151,0.9757338777980045,0.9892825818036506,0.997838377043768,1.0388395098436103,1.078720788313984,1.0979075922366535,1.0854686241970888,1.0660484674825483,1.0513924725105228,1.082217876202307,1.104167908019922
plus_di_14 <= plus_di_30_sft_3,0.0130190365,98878,59997,38881,12.76,-7736.06404175994,-1189.177162973232,bd972efc927c87708f479b3c989a305bfeb89b6aa0381d01606955fa59f6baca,30,0.015444329008460045,28.0,0.8421798588083008,0.8421798588083008,0.888697528113657,0.9215543936715623,0.9416055788146365,0.9676507120829401,0.9927692517695076,1.0179560667715803,1.0427063722639025,1.06780731261652,1.0869741337455403,1.1073986838079248,1.1288479756653287,1.1391602816443611,1.1521297517860702
willr_10 <= -12,0.013004735,98878,85026,13852,12.59,-10467.97492065313,-1633.2987248580393,c087f74a8ef9fdefe2bfbfe4c42e7c177e68996d73089fae9a8de15f5638210d,30,0.00683492049574852,27.57,0.8503629865690786,0.8503629865690786,0.8959895036144703,0.9294377505020595,0.9532367649275951,0.9727149267671712,0.9916968049402293,1.00951437685743,1.025177252573635,1.0428640653258787,1.0590648100955815,1.0749315075873,1.0903207369674264,1.1033183902857253,1.112807923574734
adx_5 <= adx_14_sft_3,0.012998958,98878,15867,83011,13.4,-3159.9113814136217,-317.87529036834167,234f8ad1c2baf91b95c9f1aef2798b533888ce55558d2a8e51c247014080fabc,30,-0.002327097114175558,27.21,0.7894578330388016,0.7894578330388016,0.841046182935477,0.8622101054088919,0.8709273909994483,0.9055626345262004,0.945879614170381,0.9863576797509012,1.0191645397187228,1.0316058727676227,1.0372341404941947,1.0474810995862074,1.0612809484977432,1.079966629072385,1.0906684241839695
willr_10 <= -21,0.012987245,98878,76976,21902,12.65,-8957.774077019221,-1483.029307027493,c087f74a8ef9fdefe2bfbfe4c42e7c177e68996d73089fae9a8de15f5638210d,30,0.0060575264506042,27.59,0.8569123244842263,0.8569123244842263,0.9032017824240599,0.9359063621944117,0.9561570974733674,0.970959667187891,0.9878059030160748,1.0051235457462566,1.0219283900903235,1.0362819317479293,1.0509173480632015,1.0654292977652438,1.079864957211731,1.090045998349208,1.097367005455169
mema_10 >= High,0.012972586,98878,30024,68854,13.07,-3640.5682624927263,-625.1367775377657,b49daa998de516ee8744d85f0961964bee1fbf801ca0904e585341376b8b86ae,30,0.01005136501044035,28.12,0.8423034774237648,0.8423034774237648,0.8733598685457384,0.9079681489573681,0.9273114178546386,0.9361706498217485,0.94178346346856,0.9616222703563067,0.9797652691356808,1.0046623346166808,1.0293134619477995,1.0505707748229747,1.0686721933032268,1.0916587710084602,1.117202536271282
stdev_20 >= stdev_14_sft_2,0.012919274,98878,76827,22051,12.65,-10562.565233617821,-1518.7467360558512,a092dbfa6dbefd1d342d1a211503f33f5c7745cd5359e4d4115f2b75459bc7b9,30,0.0037503517232835293,27.53,0.8369125634843885,0.8369125634843885,0.8910432043711338,0.9352769592812624,0.9699991411220772,0.9950192450460587,1.017950347889087,1.0389620112652196,1.0598964820054033,1.0739812133274713,1.0914288559068024,1.1049678484117362,1.1167769723596193,1.1332563953087336,1.1492906995865688
minus_di_20 <= minus_di_14_sft_2,0.012836206,98878,51673,47205,12.82,-8245.844931452822,-1040.8497398073305,6ead8d4aff114cb978d2a5e9b1dcb95b84dfa27fd6f0f40b385ac29b242b16ea,30,0.011315434239804745,27.93,0.8174720489228295,0.8174720489228295,0.8743622554180996,0.9133772174345416,0.9494722267457092,0.9729555195885116,1.0036877393578882,1.0259136137073117,1.049966366889352,1.061958767032234,1.0756267734500917,1.0974869769804194,1.1150306499771672,1.134441766116282,1.1558428101016391
stdev_14 >= stdev_20_sft_3,0.012805017,98878,32889,65989,13.02,-3412.513078878401,-598.1497814412796,a092dbfa6dbefd1d342d1a211503f33f5c7745cd5359e4d4115f2b75459bc7b9,30,0.004359914921224117,27.72,0.8806977431856089,0.8806977431856089,0.9373301307970634,0.9797171572420246,1.0020531283874223,1.0205264693507679,1.0364981676249438,1.0551553224199002,1.0592917938058817,1.062013381889792,1.0803957279855583,1.0894005786323553,1.1047269185464879,1.1196432663099751,1.1246986793142493
rsi_2 <= 12,0.012751785,98878,14572,84306,13.43,-88.44229642020628,-222.76223964835663,64f5e1bb8a7d01ed3bc711ef82f8836c32f34a4dc5e2cbccb6c4442736ec4dbc,30,0.00791044533252716,28.29,0.9915725508135852,0.9915725508135852,1.0367643159809958,1.0512521701522863,1.0528035001125278,1.0469481568830104,1.0340692149142694,1.038575364294967,1.0663758387958644,1.0957722342332152,1.093777155681547,1.1148332591332262,1.1236918161821627,1.1213790970281456,1.1363526992217026
minus_di_14 <= minus_di_10_sft_1,0.012745273,98878,51185,47693,12.82,-7968.785435868308,-1030.542126829263,6ead8d4aff114cb978d2a5e9b1dcb95b84dfa27fd6f0f40b385ac29b242b16ea,30,0.006590758450329304,27.73,0.8180159391454566,0.8180159391454566,0.862561777213268,0.9072246864925855,0.9313408693053621,0.9487639711626372,0.9722584533036263,0.9926620736609216,1.0151546825336777,1.0358972844867829,1.05091153475955,1.0681386459031248,1.0800873227616234,1.0959691115931398,1.1192694626297284
adx_5 <= adx_20_sft_3,0.012725951,98878,12165,86713,13.54,-2969.483826346157,-274.23433359832416,234f8ad1c2baf91b95c9f1aef2798b533888ce55558d2a8e51c247014080fabc,30,-0.005842477083206177,26.75,0.7530493832906223,0.7530493832906223,0.8002902132428311,0.8257265226357301,0.8395235344786297,0.908753817133858,0.9570490310659062,0.9970693435205991,1.0127040787015582,1.0240755174817444,1.0218431473848273,1.0311270852267425,1.0472835453839633,1.0737200961861946,1.0973206889241782
rsi_30 >= rsi_5_sft_2,0.012717897,98878,50713,48165,12.83,-7784.373974646803,-1052.5297669640713,9c5304fe9d592b70a0c6b3286ed47e7bf2dda0b94ec7966217da111653dec0de,30,0.0033486499451100826,27.59,0.8156864990909858,0.8156864990909858,0.8615924097982955,0.8946534065933566,0.9204281562640249,0.9392087394790437,0.9640772363105252,0.9779161369786284,0.999293864239995,1.0173269187587837,1.0336097493612426,1.0560794964717701,1.0686290979010102,1.0816301641782033,1.099614212860761
minus_di_20 <= 12,0.0126715405,98878,8313,90565,13.8,-1431.4607800436206,-140.51730514615338,cee77ee220a5e77fe95d20a730179fabcb0f2e40106664424787bbccffac6b44,30,-0.033526331186294556,22.51,0.8585301305638416,0.8585301305638416,0.8762783369694265,0.8890634271094381,0.9206172473930848,0.9149808472917714,0.8997819441009207,0.8758579953837636,0.8748965672096096,0.8887284800914452,0.9110156230229606,0.9381374213101165,0.9560489560685717,0.9808770229549034,0.9876818452224826
minus_di_10 <= 12,0.012645025,98878,15338,83540,13.39,-452.51137640042,-197.1939338514785,cee77ee220a5e77fe95d20a730179fabcb0f2e40106664424787bbccffac6b44,30,-0.023570699617266655,24.99,0.9709851120156017,0.9709851120156017,1.0191697927823344,1.0671612716756165,1.1062836334616508,1.1195825777156856,1.133995919627942,1.116454586128131,1.1038081800103692,1.1023968843336955,1.1120916872818174,1.1197200627946242,1.1301091859140238,1.143451789816442,1.1527786233210842
minus_di_5 >= minus_di_14,0.0126357265,98878,44234,54644,12.88,-5984.202424239564,-893.698551698275,a7c5a511f18bc4bc65b530c22aedd665cbba6e43036caf921c03925c9eff7340,30,0.0026441055815666914,27.58,0.8317477905476721,0.8317477905476721,0.8760778028762369,0.9140539552141258,0.9339045017790696,0.954868530867647,0.9746084456886898,0.9894223653346874,1.0122246528287921,1.0326553511067744,1.0478296528180584,1.062653244167254,1.0785304930866673,1.0937169162771692,1.1075168730511662
rsi_20 >= rsi_10_sft_1,0.012613336,98878,50896,47982,12.82,-7931.506331713111,-1054.8229239725188,9c5304fe9d592b70a0c6b3286ed47e7bf2dda0b94ec7966217da111653dec0de,30,0.0023411642760038376,27.55,0.817282935579758,0.817282935579758,0.8561542546105749,0.8867604608225261,0.9131100479375446,0.9327768933047738,0.9509834071063629,0.9691992263454188,0.9883539984419268,1.014399147318318,1.0358896806780717,1.0504869414432085,1.0627746153876274,1.078942934740837,1.0989407989969766
minus_di_5 >= minus_di_10_sft_1,0.012608698,98878,39543,59335,12.93,-4483.164667463621,-771.6286027601745,a7c5a511f18bc4bc65b530c22aedd665cbba6e43036caf921c03925c9eff7340,30,6.708412547595799e-05,27.45,0.8582201307707171,0.8582201307707171,0.9067539650294005,0.9330932246805396,0.9471917183344519,0.9652109254973401,0.9825804247609486,0.9960432349844999,1.0131580919831944,1.038075712857439,1.0548371403940189,1.068810651275742,1.0802420617113195,1.0887448580179795,1.1040395482074166
minus_di_14 <= 11,0.012584892,98878,9210,89668,13.71,-517.086726016787,-112.90240522539534,cee77ee220a5e77fe95d20a730179fabcb0f2e40106664424787bbccffac6b44,30,-0.03030933067202568,23.22,0.9509670774980336,0.9509670774980336,0.9973786287438379,1.014487830904232,1.0402425949425453,1.042502257590898,1.027610413086242,0.9885949557212781,0.9721770383302089,0.9903981622778864,1.0038688419987978,1.0198019935934874,1.03546661693688,1.0513442559937645,1.0585531328363922
aarou_20 >= aarou_5_sft_1,0.012555403,98878,58792,40086,12.76,-6968.807978132711,-1059.6518088323792,0f031b3780e6467809600593d6806420193325d9573f332c17b627db66a26893,30,0.00468887435272336,27.62,0.8601732744980423,0.8601732744980423,0.923957500559876,0.9606282452658101,0.9877873506447524,1.0144075745478798,1.0411061290922152,1.059550567324751,1.0759364278485395,1.0875256887738671,1.1015211232921438,1.108911005765257,1.1253707488476918,1.1369549156144556,1.1527087120063275
stdev_20 >= stdev_14_sft_3,0.012498673,98878,76627,22251,12.64,-10409.797713643577,-1503.9355772612835,a092dbfa6dbefd1d342d1a211503f33f5c7745cd5359e4d4115f2b75459bc7b9,30,0.004980558063834906,27.56,0.8386758593152596,0.8386758593152596,0.8924027852826507,0.934869403530487,0.9704511905842654,0.9927300041307654,1.0176005352023638,1.0394306624628529,1.0601516812959975,1.0758310901201065,1.0916020517630198,1.1042274890761823,1.121802622150473,1.1384801037089682,1.154908033892967
plus_di_14 >= 23,0.012495655,98878,45858,53020,12.86,-4849.371006383371,-749.4311413505202,4f583626fd6f59b1b2e0825c720b1d1aad3858951a5b50964ea86a5c13485b5d,30,0.008694185875356197,27.86,0.8831330290540755,0.8831330290540755,0.9499402446199048,0.9974546412219302,1.034550293186345,1.066253624327592,1.0910705483451046,1.1213709243933487,1.1482016040763934,1.1704916408257968,1.1913848884013385,1.2058182633342958,1.220656135331316,1.2391744430104266,1.2566952822847783
willr_10 <= -14,0.012495409,98878,83309,15569,12.6,-10051.074698424407,-1599.4844277398079,c087f74a8ef9fdefe2bfbfe4c42e7c177e68996d73089fae9a8de15f5638210d,30,0.007896320894360542,27.6,0.8528361328949808,0.8528361328949808,0.898569013271136,0.9321195921300117,0.9538842717810393,0.9734670249786318,0.991914039512786,1.0087825351257238,1.0257394905842836,1.0426642749840593,1.0592340166385603,1.074788024485787,1.089440757981028,1.1019000097712945,1.1105286844352378
atr_14 <= atr_5_sft_3,0.012429549,98878,39182,59696,12.92,-3644.002407676635,-700.221321261728,6c56a6e37fe7066fac040219b9e7cfe2398571a456467cde7a8327153ebc94da,30,0.008550253696739674,27.92,0.8923730065767543,0.8923730065767543,0.9412796580106679,0.9821125659009861,1.007698749254083,1.031935828882183,1.0537228309921483,1.0784327228279211,1.0925460965772809,1.1098246356011094,1.1274385807343776,1.1381721383252417,1.1553450843329407,1.1673996550371855,1.1772652112581987
minus_di_20 <= 11,0.012415043,98878,6283,92595,13.99,-1284.7299602749408,-106.57680616615835,cee77ee220a5e77fe95d20a730179fabcb0f2e40106664424787bbccffac6b44,28,-0.029632458463311195,21.92,0.840714651117543,0.840714651117543,0.8432663355235127,0.8508919809451853,0.8600828409376502,0.8471490244404909,0.8323307862394256,0.8083394250854624,0.8084269208037197,0.8322245952111906,0.8702971650677405,0.9061693904322514,0.9293229081561611,0.9541889987639693,0.9497232816870136
bb_upper_2_20 <= Close_sft_2,0.012399815,98878,1767,97111,15.45,-97.45426390960347,-21.842634918109976,4aa098b95dabd7168bbfce38d1fe5bd4350fa2d5da10de71df5da0c41bf16fa2,28,0.004564867354929447,28.47,0.9453047670255856,0.9453047670255856,0.9611826531855548,1.0475682478210933,1.0427466724263013,1.0835963565240923,1.0764179824929754,1.1273704915054126,1.1611991010425187,1.1275003014145244,1.1276411596777314,1.112029871228981,1.1273706445812208,1.179010497806011,1.152811104799557
plus_di_5 >= 3,0.012377579,98878,94723,4155,12.5,-11366.998585676578,-1827.2725351593035,4f583626fd6f59b1b2e0825c720b1d1aad3858951a5b50964ea86a5c13485b5d,30,0.012689504772424698,27.56,0.8570755640168085,0.8570755640168085,0.9149783148058866,0.953151970550783,0.9830944796864022,1.0078327565721628,1.0306262409710751,1.0468940903690933,1.0621075751568292,1.0778155477875997,1.0926463641932012,1.107276468361472,1.1212365874293462,1.1340720255975263,1.1467033759808813
adx_10 >= 19,0.012358483,98878,81663,17215,12.61,-10588.856368672281,-1549.8962777205816,4118d96628e9d7109ca1b25b71d8f7665de5864ad974c7631ea4a76d380fc96f,30,-0.005579645745456219,27.33,0.8459367066709422,0.8459367066709422,0.901166178744158,0.9384225559920637,0.966268363918199,0.9877584676303113,1.0082729522420713,1.026455409238532,1.0415087830501142,1.0571636221734435,1.0721096051673937,1.0890162470353544,1.103557047753454,1.1183639311341953,1.1336834557367201
mema_10 >= Close,0.012341592,98878,50972,47906,12.81,-5745.120149538246,-1004.1024311995498,1e15dac9f18b8bc737934702402ffb02b545ee7fbda8772d4c0156705e9d2a44,30,0.008651318028569221,27.82,0.8545874605719957,0.8545874605719957,0.8937781743908386,0.9180287922565292,0.9385291830792558,0.9540547184950376,0.966801040899377,0.9770058128920003,0.9857171150624445,1.0080986565106995,1.0201050974388315,1.0355991747881919,1.053916223707616,1.063330786642322,1.0742750115930895
bb_upper_2_10 >= bb_upper_2_20_sft_1,0.012321403,98878,32216,66662,13.0,-2728.90617246271,-517.7668673798107,2b12f1a24b5e2be255bd7327d40ce3105a7cd48cdc1cc2d1ac037ab6015a19a3,30,0.0016122683882713318,27.55,0.9053638734039662,0.9053638734039662,0.972379632322893,1.0232107324988757,1.0706308597278609,1.0944867191676904,1.1159323575119378,1.142083535340583,1.1613849068835187,1.1677071808539843,1.1729504766699714,1.1769339986804033,1.1929030162015961,1.2123016656454504,1.2317480899250264
plus_di_14 <= plus_di_20_sft_2,0.01230135,98878,61518,37360,12.73,-7255.110779563624,-1177.5304388808581,bd972efc927c87708f479b3c989a305bfeb89b6aa0381d01606955fa59f6baca,30,0.006190216634422541,27.66,0.8551872229925557,0.8551872229925557,0.8922448425588635,0.9269363169450898,0.9473272200655762,0.9703975619007474,0.997359722585085,1.0237611793485635,1.0435402966823166,1.0663145742565252,1.0825325874166793,1.0988719431211538,1.119360795113429,1.1328494916666187,1.1380532461831931
minus_di_20 <= minus_di_10_sft_2,0.012291133,98878,47806,51072,12.84,-7784.716904749582,-990.1564264742192,6ead8d4aff114cb978d2a5e9b1dcb95b84dfa27fd6f0f40b385ac29b242b16ea,30,0.009327927604317665,27.88,0.8099096481031637,0.8099096481031637,0.8514143729488959,0.8882044170227668,0.912809171444513,0.9337430669742985,0.9590907854160233,0.9828423452537376,1.009041049523984,1.0270032903298707,1.0434577272787844,1.0686397016486666,1.0835747234551274,1.0998472088336249,1.1262901646455934
willr_10 <= -23,0.012276427,98878,75443,23435,12.64,-8890.036244232473,-1476.3389340912254,c087f74a8ef9fdefe2bfbfe4c42e7c177e68996d73089fae9a8de15f5638210d,30,0.004408625885844231,27.55,0.8544345816681166,0.8544345816681166,0.8985296895939716,0.9309843105569647,0.9508039889126575,0.9656108696957674,0.9826510407632455,0.9981240707753369,1.013260988443487,1.028314247847049,1.040764548759391,1.0533712450000121,1.0684041215388511,1.0777011988339453,1.086093142034384
adx_14 >= adx_14_sft_2,0.012274264,98878,45148,53730,12.86,-3998.6404454125786,-800.0291932606415,fd7b69234972b511c2e03a174ce4b77d38140d5e70cabc298bd88fa9bb05adbf,30,0.0046938443556427956,27.67,0.8935012741438629,0.8935012741438629,0.9478690423898951,0.9991630864402543,1.0385941413536093,1.046933821600009,1.0521618013067169,1.058152467081643,1.0756195981431909,1.0889821205192842,1.0979643687158893,1.1061336198002332,1.1248636832227261,1.1399915263104439,1.1544641989126376
minus_di_20 <= 18,0.012270038,98878,29925,68953,13.03,-4009.1568781296496,-496.8744616127369,cee77ee220a5e77fe95d20a730179fabcb0f2e40106664424787bbccffac6b44,30,-0.031962938606739044,25.28,0.8628789313756223,0.8628789313756223,0.9224582314283066,0.9671709946884568,0.995956472798617,1.0128087043290441,1.024006965367834,1.0246323462359817,1.0289918456199931,1.0221496790268745,1.0189773726643916,1.0181469343960214,1.0218163377930858,1.0289055693820772,1.0329791903697998
rsi_2 <= 3,0.012241012,98878,4297,94581,14.31,619.2946902453696,-53.19491088775976,64f5e1bb8a7d01ed3bc711ef82f8836c32f34a4dc5e2cbccb6c4442736ec4dbc,6,0.016058776527643204,17.87,1.207530898202477,1.207530898202477,1.2196328442236821,1.1721270791871334,1.1357989102418826,1.0651464068056475,1.0427011382673086,1.0759106043245403,1.084397985336532,1.076497593335764,1.0963370590277515,1.1303324260128196,1.1459411001499984,1.1555066282575253,1.1730473953315
rsi_14 <= 20,0.012236013,98878,400,98478,18.75,92.76302310952451,-7.401957942049194,64f5e1bb8a7d01ed3bc711ef82f8836c32f34a4dc5e2cbccb6c4442736ec4dbc,4,0.0,0.0,1.2649556400052775,1.2649556400052775,1.1848330530508062,1.053606978737963,1.0153273763992938,1.0807589063565164,1.1091426001224638,1.0468708629898913,1.1021650478132972,1.1504815129633708,1.1523399544564206,1.0762075144135426,1.0137139691859296,1.0229016773097788,0.9526450846445011
bb_lower_2_30 >= High,0.012232366,98878,1167,97711,16.11,84.41786115104333,-20.61305114626884,a004533119ad88e37e81983efb1d0cbf2300c3e3cc59ba199ab847ba9c57f154,30,0.008125235326588154,30.76,1.0917068330184285,1.0917068330184285,1.0744226515710704,1.0831309151676451,1.071261658003778,1.083451441951171,1.0828965339813783,1.1374197613560688,1.1137416463292542,1.1035557238590883,1.1224176867052642,1.1661365561124357,1.151877905872838,1.182114826245719,1.2000124165624213
bb_lower_2_30 <= bb_lower_2_20_sft_2,0.012204778,98878,71212,27666,12.67,-9554.68499829073,-1367.0747470298083,1b1f7d2955b86143cbe65db86c488966f4bce7b7721643a6a4f3f03e8b4d5ec5,30,0.004034720361232758,27.56,0.8399643816526945,0.8399643816526945,0.8926466395463446,0.9297467927434858,0.9605440810569971,0.9852483073235966,1.011100855711245,1.0325824351857218,1.0549191098910813,1.0741340608629073,1.0926119140971926,1.1093424238300282,1.1233343480978502,1.1391966103359967,1.1549083954738566
plus_di_10 >= 17,0.0121975085,98878,67292,31586,12.69,-8094.531089138429,-1211.136919876466,4f583626fd6f59b1b2e0825c720b1d1aad3858951a5b50964ea86a5c13485b5d,30,0.007279336918145418,27.67,0.8624148550185678,0.8624148550185678,0.9194481376005854,0.9633333459765105,0.9963767289760734,1.026345289167206,1.0503357918213843,1.0754660615708305,1.0969204925847973,1.1156894867252711,1.1288748117741114,1.1400292885440564,1.1505468601571887,1.167717579049264,1.1800042834123363
plus_di_5 <= plus_di_30_sft_1,0.012169366,98878,59377,39501,12.75,-7449.131595923934,-1171.7493434396165,bd972efc927c87708f479b3c989a305bfeb89b6aa0381d01606955fa59f6baca,30,0.0075434735044837,27.72,0.8460493273888311,0.8460493273888311,0.8848061057511916,0.9195667162235968,0.9412679116424072,0.971958087676297,0.9945183451824724,1.0172882259105973,1.0403280772264913,1.0660548795269287,1.0852146456138572,1.107692482338586,1.1255005628588415,1.138112265302352,1.147254541422782
bb_upper_2_30 >= bb_upper_2_30_sft_1,0.012164809,98878,46946,51932,12.84,-5161.730095343151,-839.8121716517926,2b12f1a24b5e2be255bd7327d40ce3105a7cd48cdc1cc2d1ac037ab6015a19a3,30,0.0024373207706958055,27.56,0.8735031549702934,0.8735031549702934,0.938646412820552,0.9881235521531895,1.0361513867251717,1.0616326942753813,1.0822055163139064,1.0935426546357394,1.1028421156468264,1.108687783509145,1.1195055603131827,1.1312570435248,1.1526331870264999,1.176372404733921,1.1912537420211042
adx_20 >= 14,0.012142083,98878,79882,18996,12.61,-10668.729543230398,-1540.0097679325918,4118d96628e9d7109ca1b25b71d8f7665de5864ad974c7631ea4a76d380fc96f,30,-0.006302825175225735,27.31,0.8414677204894419,0.8414677204894419,0.8930101224821453,0.9279558071660892,0.9564296202778089,0.9800233862462143,1.0037786380299991,1.0225835850398495,1.0401170230482164,1.056182462501961,1.0711761611401298,1.0833153202963115,1.0968325684261198,1.110992034056895,1.1246576821112253
minus_di_5 >= minus_di_10,0.012054117,98878,43756,55122,12.86,-5526.473732500498,-858.3932448884952,a7c5a511f18bc4bc65b530c22aedd665cbba6e43036caf921c03925c9eff7340,30,0.0009671424049884081,27.49,0.8429980431485998,0.8429980431485998,0.8867483920912341,0.9178691593609474,0.9425729749885161,0.9617912836101165,0.9826800859508831,1.0003058088214964,1.0204182771675705,1.0407306196408719,1.0514168303300164,1.0642536305127988,1.0793978986537343,1.091251354796215,1.1075706458062444
aarou_20 >= aarou_5_sft_2,0.012039694,98878,57814,41064,12.75,-7145.045565475052,-1064.8324658248966,0f031b3780e6467809600593d6806420193325d9573f332c17b627db66a26893,30,0.0037707905285060406,27.59,0.8539851062719356,0.8539851062719356,0.9188092280461129,0.9496070481263987,0.9834200711545652,1.0090340845740304,1.0309844425281893,1.0530096000907085,1.0694173077287819,1.08372651859416,1.091935238741806,1.1032431239783498,1.11687283689625,1.1256236547049603,1.1420474575628003
willr_10 <= -18,0.012038514,98878,79637,19241,12.61,-9337.854809083368,-1516.8557004611139,c087f74a8ef9fdefe2bfbfe4c42e7c177e68996d73089fae9a8de15f5638210d,30,0.005305741913616657,27.56,0.8561226656670691,0.8561226656670691,0.9012338533043143,0.9329990591780727,0.9516666769745911,0.9690243333894151,0.9858769880001182,1.0017925169045163,1.0168787858704984,1.0316284839652936,1.0462212901409684,1.062479613237612,1.0779171200321453,1.0884200709960747,1.096854506281166
rsi_20 >= rsi_5_sft_2,0.012027356,98878,50570,48308,12.81,-8059.114974826528,-1059.321131666511,9c5304fe9d592b70a0c6b3286ed47e7bf2dda0b94ec7966217da111653dec0de,30,0.002452760236337781,27.55,0.8108886591090365,0.8108886591090365,0.8597775015358412,0.8888965833567244,0.9163951431887651,0.9367225834332042,0.9592674178527049,0.9753636595557573,0.9973293046728542,1.0134692047645961,1.0315277025521856,1.0545462682315367,1.0663598906764866,1.0778299226831716,1.0977638694754368
minus_di_10 <= 6,0.011988333,98878,3486,95392,14.49,-486.7703311088844,-60.70833053548995,cee77ee220a5e77fe95d20a730179fabcb0f2e40106664424787bbccffac6b44,10,-0.0025320337153971195,18.16,0.9013789786883836,0.9013789786883836,0.9268199296547938,0.9582698515917445,0.9611755123075133,0.9267359657313018,0.8683815941610153,0.8226202725357163,0.813071773367553,0.8334429079012519,0.8563721007578554,0.898385712122667,0.8939270152571465,0.8959077093904553,0.8844925275409287
bb_lower_2_30 >= Close_sft_1,0.011962517,98878,3614,95264,14.44,-242.68973048516727,-84.52500621787476,0e70b8a8d55e4ec73841ad3e8c9b127c0a23132eee3ba0a11c3e072e280aafa3,30,0.01028278935700655,29.8,0.9145195350352567,0.9145195350352567,0.9444701672303549,1.0103418566218845,0.9949638164277587,1.0157800556506846,1.0077242681231406,1.01719718037858,0.9937039600346218,0.9513949344653991,0.9612050037745309,1.0055431867211329,1.028786045527936,1.0566759175984535,1.079083174408341
aarou_20 <= 5,0.011960126,98878,17727,81151,13.26,-3287.758100668565,-467.907132684486,da60be741621a42d93721696dcc6252cb06464cd161c4da151f0e18e03138794,30,0.01812918297946453,29.18,0.7798642847321421,0.7798642847321421,0.8447752263469509,0.8696789148495263,0.8708373999034652,0.9087174263125134,0.9371860004430972,0.9601954564898946,0.9866003550427669,1.0185432788859303,1.0568789959642362,1.0978113624925285,1.119948682101213,1.1298993186777304,1.131100456279911
minus_di_5 >= minus_di_20_sft_3,0.011950581,98878,43954,54924,12.86,-5787.242128459671,-869.5322314807199,a7c5a511f18bc4bc65b530c22aedd665cbba6e43036caf921c03925c9eff7340,30,0.004827962256968021,27.69,0.8364276483614892,0.8364276483614892,0.8761260837528104,0.9079060788514,0.9305504173841063,0.9557320258209178,0.9782179091854469,0.9954127011933839,1.019815566366002,1.046706268929197,1.0621651071170657,1.0752719797503505,1.0911974170947196,1.1033596454535808,1.114704499134118
rsi_20 >= rsi_5_sft_1,0.011927036,98878,50559,48319,12.8,-7390.990728093003,-1016.4918508798728,9c5304fe9d592b70a0c6b3286ed47e7bf2dda0b94ec7966217da111653dec0de,30,0.0001866525853984058,27.45,0.825934550451159,0.825934550451159,0.874273267186153,0.9076652532756831,0.9301634261091909,0.9468887567298542,0.9622142075848411,0.9781023285575892,0.9964924354213407,1.0164720843848825,1.0352261788270263,1.0524289346996356,1.0660907611853359,1.0780956434862632,1.0965060196417042
adx_5 <= adx_20_sft_2,0.011883152,98878,11738,87140,13.49,-3005.5707478919503,-274.8141287625622,234f8ad1c2baf91b95c9f1aef2798b533888ce55558d2a8e51c247014080fabc,30,-0.00620017247274518,26.69,0.7430325994015791,0.7430325994015791,0.7862543095275464,0.8138552178828183,0.8292701798305445,0.893065962145605,0.9386560118524333,0.9763384447393851,0.9933333470535831,1.0038451540986542,0.9984140531359738,1.0069496788209251,1.0208862078127725,1.0426535755208057,1.065236561191808
willr_10 <= -22,0.01188068,98878,76244,22634,12.63,-8890.543726890497,-1472.538719990669,c087f74a8ef9fdefe2bfbfe4c42e7c177e68996d73089fae9a8de15f5638210d,30,0.004309438169002533,27.55,0.8562686228178339,0.8562686228178339,0.9011191344844167,0.9326225717171334,0.9521045251650675,0.9671025065019209,0.9836616453305568,0.9997295431122876,1.0150149035377336,1.0293576322454425,1.0428847430779307,1.0569529361303056,1.0720146622944942,1.0825266617300315,1.0906755113135285
adx_30 >= adx_10_sft_1,0.011878519,98878,14932,83946,13.35,-2921.036646451117,-328.5938810779335,fd7b69234972b511c2e03a174ce4b77d38140d5e70cabc298bd88fa9bb05adbf,30,-0.002473448170349002,27.18,0.7924653271619589,0.7924653271619589,0.8211277610156396,0.8541238328598063,0.8921599267101361,0.9224142282596659,0.9454990398539168,0.9757605980180389,0.9993376187206262,1.0230537477001294,1.0344519345819776,1.0438842098926535,1.0498006916222498,1.0500878484322782,1.0565800206852696
plus_di_14 >= 16,0.011873575,98878,75300,23578,12.64,-9961.700706136362,-1381.1324906515656,4f583626fd6f59b1b2e0825c720b1d1aad3858951a5b50964ea86a5c13485b5d,30,0.0126560740172863,27.76,0.846991371582363,0.846991371582363,0.9086989536107991,0.9496805032001976,0.979408681820104,1.0083459496667397,1.035269889905187,1.0598183092290419,1.0790255237632842,1.097218767674755,1.1151925168847443,1.1318113783644879,1.146702716571199,1.1604953341239612,1.1737332645056595
minus_di_30 <= minus_di_5_sft_2,0.011856864,98878,44528,54350,12.85,-6771.193085892533,-918.9141823695463,6ead8d4aff114cb978d2a5e9b1dcb95b84dfa27fd6f0f40b385ac29b242b16ea,30,0.00684761069715023,27.78,0.8148288999906774,0.8148288999906774,0.8618054630672485,0.8894604216451825,0.9264053740392473,0.9464395887911208,0.9662680838372708,0.9933716227943977,1.0196462946206433,1.036536129567825,1.0516064486715926,1.0658871562044425,1.0812441617485107,1.090651822330865,1.110624432712888
adx_5 <= adx_20_sft_1,0.011823198,98878,11285,87593,13.5,-2823.116048222975,-262.0895276609881,234f8ad1c2baf91b95c9f1aef2798b533888ce55558d2a8e51c247014080fabc,30,-0.007210440002381802,26.55,0.7490272278899684,0.7490272278899684,0.7895713716729927,0.8194470908081047,0.8359279027286722,0.9000820503767176,0.9436299563779759,0.9799636647697506,0.9963942808303418,1.0048530706011893,0.9996926905510515,1.0059217175890889,1.021355656073466,1.0391849326519917,1.060988596033365
willr_10 <= -19,0.011808201,98878,78812,20066,12.61,-9291.258074246554,-1509.2462197224595,c087f74a8ef9fdefe2bfbfe4c42e7c177e68996d73089fae9a8de15f5638210d,30,0.004401081707328558,27.54,0.8552663698955553,0.8552663698955553,0.899632039053842,0.9313796080925241,0.9517275062351321,0.9693627311049708,0.9857338131558165,1.001959021980936,1.018216493190293,1.0326598659554826,1.0467861834264294,1.062908475022316,1.0784815228211833,1.088302254187421,1.0965869071079002
plus_di_5 >= 1,0.011806296,98878,97537,1341,12.46,-11637.480279703836,-1875.8831197938634,4f583626fd6f59b1b2e0825c720b1d1aad3858951a5b50964ea86a5c13485b5d,30,0.014703100547194481,27.52,0.8570478169131982,0.8570478169131982,0.9155154286641545,0.9527650265468938,0.9818827216678526,1.0067909088865126,1.028609541167005,1.0455600017188895,1.0604509922213834,1.07595934208428,1.0908750359036032,1.1042790813243837,1.1178206527371726,1.1302016551715206,1.1422441594036143
rsi_2 <= 7,0.011780125,98878,9076,89802,13.64,511.9098932639631,-114.72115951064916,64f5e1bb8a7d01ed3bc711ef82f8836c32f34a4dc5e2cbccb6c4442736ec4dbc,30,0.006679808720946312,28.38,1.0812586329121994,1.0812586329121994,1.0985691681478162,1.0879550971424807,1.0771893209253436,1.0571885299265391,1.0289178454074663,1.031449782201208,1.0487706168325697,1.0454627100543308,1.0541277196027956,1.0833704040553909,1.0890216930116987,1.0803929412089752,1.0987074062024396
stdev_20 >= stdev_30,0.011760684,98878,26320,72558,13.06,-2885.274699645733,-557.3872647701501,a092dbfa6dbefd1d342d1a211503f33f5c7745cd5359e4d4115f2b75459bc7b9,30,-0.0019746196921914816,27.3,0.8763701682572994,0.8763701682572994,0.9393113377035912,0.9675669964580057,0.9990540152006431,1.0252433407606463,1.0535426410571243,1.0622056964341764,1.0591333102135265,1.0565236613752993,1.0572326123397402,1.0675685248782603,1.0779704078932244,1.0848326516919893,1.0900094238785636
rsi_2 <= rsi_5_sft_3,0.011752887,98878,49591,49287,12.8,-4142.444859280538,-882.6865298121993,f60792ba6ac5baece5de7ac90117c85055d233a86016db65a9b1851d8a518ee9,30,0.00783197209239006,27.79,0.8959159059431214,0.8959159059431214,0.9458443969530671,0.9683816302841651,0.9909339961130263,1.003836241054325,1.0121780959859965,1.0252249746473263,1.03925922380608,1.0602053914475573,1.0739012946575897,1.0885563913181404,1.1121031363685614,1.1172876364996882,1.1280245207852269
willr_10 <= -16,0.011706161,98878,81647,17231,12.6,-9727.32141685623,-1560.10729526457,c087f74a8ef9fdefe2bfbfe4c42e7c177e68996d73089fae9a8de15f5638210d,30,0.006992487236857414,27.59,0.8541088356616224,0.8541088356616224,0.9004372810769392,0.9310069246030076,0.9523133887474415,0.9716922732256299,0.9883818138395447,1.0041790281022078,1.0207673882221426,1.036499457749535,1.0518389762552642,1.0683578448748434,1.0844396989169829,1.0965808939560284,1.1054360092336597
stdev_30 >= stdev_30_sft_2,0.011670156,98878,45998,52880,12.83,-5417.02350398391,-914.9351819765798,a092dbfa6dbefd1d342d1a211503f33f5c7745cd5359e4d4115f2b75459bc7b9,30,-0.00027805299032479525,27.43,0.8641992664266525,0.8641992664266525,0.9290939634175196,0.9615526752878876,1.0053068771610474,1.0217497098463797,1.0365194151771921,1.0515451103523945,1.0624963472588875,1.0684553742053045,1.084607246240015,1.1062284637246058,1.1315150767317823,1.1512147859496302,1.1588686958956453
minus_di_30 <= 21,0.0116562545,98878,43567,55311,12.85,-6237.503091254144,-782.0343060051819,cee77ee220a5e77fe95d20a730179fabcb0f2e40106664424787bbccffac6b44,30,-0.02515070140361786,26.18,0.8453217556632552,0.8453217556632552,0.9009077044982182,0.9422021137244987,0.9749113038705682,0.995988395220559,1.0142778970490003,1.0302777135673005,1.0484353617034885,1.060768784618004,1.0685617205471383,1.073305282353802,1.0839072771612968,1.0959338412119075,1.1045339077081617
adx_20 <= adx_30_sft_1,0.011629736,98878,21024,77854,13.16,-4394.493883289192,-553.1367560392828,234f8ad1c2baf91b95c9f1aef2798b533888ce55558d2a8e51c247014080fabc,30,-0.001219851546920836,27.34,0.7780120757438396,0.7780120757438396,0.8206314819770979,0.8507709119733957,0.8873720143222115,0.9191255774770112,0.9509411270070194,0.9826497589546851,1.0093349130662002,1.0242675726746722,1.0309073324501188,1.0352467358804798,1.0374514802397528,1.0377109352851972,1.0393038507279826
aarou_14 <= aarou_30_sft_3,0.011621074,98878,57488,41390,12.74,-6880.696598272688,-1034.667447602289,11ecda3140789fc7bb03c4e9ce6db1e36d26d05f5895e9047d4b04d8e05db454,30,0.0034665828570723534,27.58,0.856356809705117,0.856356809705117,0.9088907121693449,0.9422973115080261,0.9622414813537348,0.9858795340675803,1.0086623368750938,1.0251170569564627,1.0393632414812446,1.05827577344067,1.0729658070990724,1.0866793212313208,1.1059774154726922,1.1216980097835887,1.1334134830783231
plus_di_5 <= plus_di_20_sft_1,0.01162006,98878,59440,39438,12.73,-7370.0530328286595,-1174.7387792668524,bd972efc927c87708f479b3c989a305bfeb89b6aa0381d01606955fa59f6baca,30,0.004384686704725027,27.6,0.8490777831357466,0.8490777831357466,0.8866598321927992,0.9213755162031216,0.9396024807946306,0.9632452438062965,0.9838633898050304,1.0044261958894545,1.024255826042309,1.0478303316826285,1.06737257082476,1.0887685624096455,1.1082777014406846,1.1228177092908913,1.1313251770896335
bb_upper_2_20 >= bb_upper_2_20_sft_3,0.011613596,98878,46142,52736,12.83,-5202.820065576248,-875.6670478711603,2b12f1a24b5e2be255bd7327d40ce3105a7cd48cdc1cc2d1ac037ab6015a19a3,30,0.0026966440491378307,27.57,0.870716977536232,0.870716977536232,0.9361946107157824,0.9832700767876258,1.023372196905027,1.0447184799954936,1.0708525388417856,1.0942220453901006,1.1071437255217753,1.1201761900387828,1.1265642498217205,1.1342994125485173,1.1427728677055824,1.1610854916556892,1.1778969779088075
adx_20 >= adx_20_sft_1,0.01156643,98878,44325,54553,12.84,-4207.47993337545,-774.9982969730263,fd7b69234972b511c2e03a174ce4b77d38140d5e70cabc298bd88fa9bb05adbf,30,0.0015509889926761389,27.52,0.8860930959937386,0.8860930959937386,0.9422328314654151,0.9902217188860923,1.0283823386130861,1.0440277557133935,1.0532064950385374,1.0647246201344596,1.0842879293225736,1.0926181299903346,1.1042155464534607,1.1136387570167259,1.1275782596345134,1.1446707258984008,1.1572799191656618
aarou_20 <= 0,0.011548897,98878,11711,87167,13.46,-2285.7506938094302,-330.1399257171288,da60be741621a42d93721696dcc6252cb06464cd161c4da151f0e18e03138794,28,0.01792706921696663,29.14,0.7739294154036138,0.7739294154036138,0.8584799607183178,0.8531345352201152,0.860485542548244,0.9094627316782677,0.9335679497856356,0.9569387924598565,0.9823987118664557,1.0181552836532344,1.067972976974311,1.1123256559191594,1.1275505408854662,1.139262538965934,1.1343517447667486
plus_di_10 <= plus_di_14,0.011535427,98878,57572,41306,12.74,-7478.404005716065,-1153.1658558163908,bd972efc927c87708f479b3c989a305bfeb89b6aa0381d01606955fa59f6baca,30,0.004384187050163746,27.61,0.8424178627739718,0.8424178627739718,0.8839657235519255,0.9130264192824465,0.9330974389410025,0.955845720714168,0.9807262555591046,1.0038679120462286,1.0292270050197638,1.057758470099761,1.080611200172808,1.1046322242021984,1.1221216867143249,1.1337546702096957,1.1453190976073369
adx_14 >= adx_14_sft_1,0.011507224,98878,45481,53397,12.83,-4035.117058369373,-813.0731410524822,fd7b69234972b511c2e03a174ce4b77d38140d5e70cabc298bd88fa9bb05adbf,30,0.003445552196353674,27.61,0.8929863515348172,0.8929863515348172,0.9408072145162459,0.9926753672627231,1.036600015421781,1.050858503893328,1.0587671789747801,1.0611646597278008,1.0775865785918743,1.0859967534503232,1.1024805766294403,1.1126268491602873,1.1294857890262515,1.1457774177394253,1.158695205062226
bb_lower_2_30 >= Low,0.011452441,98878,10167,88711,13.53,-905.1144295511413,-222.1031156500976,4e26baca5a6303a13016cf43f2fb7e5c7be993260b396d0848e5bc87608a1ef6,30,0.008631478063762188,28.58,0.8882161845523514,0.8882161845523514,0.9173423332345658,0.9453743922234196,0.9562543500095868,0.9597506531525057,0.9692426740521344,0.9595988371860094,0.9458791788703931,0.9592388960409794,0.9626523947694576,0.9785282628781202,1.0020653784582383,1.0092235289549492,1.02901970490982
willr_10 <= -24,0.011431062,98878,74727,24151,12.63,-8862.35965059177,-1466.3115522625958,c087f74a8ef9fdefe2bfbfe4c42e7c177e68996d73089fae9a8de15f5638210d,30,0.0029131490737199783,27.52,0.8534622590480666,0.8534622590480666,0.8967977807216663,0.9291261637743756,0.9486218788908181,0.9640304552376692,0.9804291350463985,0.9964187448116623,1.0114021237524107,1.0265776930285246,1.0384983878712313,1.0516349660993611,1.066844127735737,1.076695140146882,1.0852002046754714
willr_10 <= -15,0.011429805,98878,82395,16483,12.59,-9928.669629072745,-1585.6058279218341,c087f74a8ef9fdefe2bfbfe4c42e7c177e68996d73089fae9a8de15f5638210d,30,0.007768210023641586,27.6,0.8528521525698788,0.8528521525698788,0.8980479784689436,0.9308971034045576,0.9519733191211569,0.9709540409227938,0.9878508740871943,1.0041723249026842,1.020937360027531,1.0367726809638598,1.0522991045769952,1.0684965724992417,1.0838540972832194,1.0967418043078192,1.1065224330220182
rsi_2 <= 4,0.011415271,98878,5566,93312,13.96,534.208347506707,-69.72520669340884,64f5e1bb8a7d01ed3bc711ef82f8836c32f34a4dc5e2cbccb6c4442736ec4dbc,6,0.015733256936073303,17.48,1.1372312687575492,1.1372312687575492,1.1630458788318474,1.1107912676415599,1.0926318629201845,1.0700792181185743,1.0431140322639199,1.0523064575447592,1.063621955192829,1.0593152896366318,1.0751035475040422,1.1053338044245409,1.1083964108735762,1.1164176253758646,1.1328008034821735
rsi_5 <= 5,0.011375767,98878,203,98675,20.69,-28.735777796828188,-9.493357965693576,64f5e1bb8a7d01ed3bc711ef82f8836c32f34a4dc5e2cbccb6c4442736ec4dbc,4,0.0,0.0,0.8928416722487199,0.8928416722487199,0.8322089101096285,0.7546969041432402,0.6968097083895384,0.7055857249506747,0.760923146071402,0.7079194809773156,0.7183290368656988,0.7470187661950513,0.742171027416016,0.7835127817514668,0.8151038590386194,0.8496692581913454,0.8662965720717394
adx_5 <= adx_20,0.011368454,98878,10848,88030,13.49,-2747.3230563549296,-254.04307177156443,234f8ad1c2baf91b95c9f1aef2798b533888ce55558d2a8e51c247014080fabc,30,-0.007485747337341309,26.49,0.7470950486879235,0.7470950486879235,0.7891897517618677,0.8117575155034089,0.8313813433077548,0.8967793263710319,0.9386530053314571,0.9708201207303863,0.9847314404907772,0.9891851667413207,0.9822834937418992,0.9882027826774784,1.008774684744544,1.0258663346726582,1.0513273457227605
rsi_2 <= 11,0.011364676,98878,13510,85368,13.36,102.73550004234448,-197.04696073538798,64f5e1bb8a7d01ed3bc711ef82f8836c32f34a4dc5e2cbccb6c4442736ec4dbc,30,0.007601045072078705,28.3,1.0106491233359678,1.0106491233359678,1.0498164839165867,1.0647638774519013,1.060672655912388,1.0585004667045599,1.0401944145557849,1.0442219567747213,1.06973497904351,1.092996169723938,1.0954603599088675,1.1109821354292881,1.1181885257720559,1.1151249598157837,1.1329576874463942
minus_di_10 <= 10,0.011331845,98878,10370,88508,13.51,-665.682564454517,-125.72131005500705,cee77ee220a5e77fe95d20a730179fabcb0f2e40106664424787bbccffac6b44,30,-0.02389516681432724,24.33,0.9419726346373267,0.9419726346373267,1.0023938737246516,1.039638756789393,1.0714211841966481,1.0826740382368016,1.0899505569718235,1.063470735249145,1.0342692121249424,1.0408077739993185,1.0560343572466027,1.0781663856010917,1.0927357682344336,1.0994368064156739,1.1126047759571784
sma_5 >= Low_sft_1,0.0113168955,98878,85243,13635,12.57,-11605.50966798596,-1706.307889946489,7e47ad2f5aad8309cb5e81c51f9a75f0ebc795f902c6c62c65c20c0b4901b7f7,30,-0.005973948631435633,27.34,0.8395784763696871,0.8395784763696871,0.8947291860154595,0.9333127996995358,0.9627431639700194,0.9887386779997052,1.008473585101663,1.026169047240475,1.0407384073137114,1.058423272416817,1.0724352090079667,1.0846990878968696,1.0956601456429196,1.103494261010913,1.1194106322745032
plus_di_14 >= 12,0.011304551,98878,88314,10564,12.55,-11936.865563069114,-1682.0210840555956,4f583626fd6f59b1b2e0825c720b1d1aad3858951a5b50964ea86a5c13485b5d,30,0.018729563802480698,27.73,0.840082984335358,0.840082984335358,0.8968097084285538,0.9327400666534018,0.9621806046411983,0.9903438672054381,1.0152569371839135,1.0369150486283722,1.0553165619272444,1.0733730982138796,1.0899716019108505,1.1055661684037543,1.1204641881416775,1.1330591930152627,1.1455052475096192
rsi_20 >= rsi_10_sft_2,0.0112861805,98878,50756,48122,12.78,-8127.455562412415,-1062.8479398720228,9c5304fe9d592b70a0c6b3286ed47e7bf2dda0b94ec7966217da111653dec0de,30,0.0025415525306016207,27.56,0.8133251247624735,0.8133251247624735,0.855074197753506,0.8857929694662675,0.9129558250088359,0.9352254987221177,0.9570751024077798,0.9796346324169681,1.0071894219486042,1.0271503037651353,1.0515447454859081,1.067535123994104,1.0760105961193827,1.0949081119267197,1.1203003576277222
plus_di_14 >= 15,0.011275627,98878,79026,19852,12.6,-10677.62998412882,-1485.9042763362959,4f583626fd6f59b1b2e0825c720b1d1aad3858951a5b50964ea86a5c13485b5d,30,0.014504785649478436,27.77,0.8430869715191828,0.8430869715191828,0.9022743506139926,0.9410644167983014,0.972224625805043,0.999772371130521,1.0255169584469284,1.0479847268071532,1.066706515743214,1.0854621238733748,1.1031131089701804,1.1185808981195933,1.13417354698481,1.1479021824197535,1.1616523933595562
rsi_2 <= 2,0.011248117,98878,3004,95874,14.51,755.0031826993218,-31.85889081460482,64f5e1bb8a7d01ed3bc711ef82f8836c32f34a4dc5e2cbccb6c4442736ec4dbc,4,0.011248117312788963,14.51,1.3708822759250308,1.3708822759250308,1.3004395840150789,1.200976150675213,1.167460386216947,1.0866088242263963,1.080332013692237,1.0915238247164327,1.0714858322043967,1.0541546493621141,1.068753610574786,1.1139295478744367,1.1300655544708802,1.1328126241261391,1.1747810273583028
rsi_2 <= 1,0.011244175,98878,1622,97256,15.29,623.0850784741342,-6.8894858422354375,64f5e1bb8a7d01ed3bc711ef82f8836c32f34a4dc5e2cbccb6c4442736ec4dbc,4,0.011244175024330616,15.29,1.566950946385929,1.566950946385929,1.4252051009187148,1.3208265559019239,1.2408343878111345,1.1072291721321719,1.1191454945725683,1.1166414237547186,1.0500879067589932,1.0318127320249892,1.0491465662529544,1.0708426752683582,1.109654409465193,1.0911198836761342,1.0894754264735436
willr_10 <= -20,0.011240561,98878,78223,20655,12.61,-9222.596921977445,-1501.9998089281362,c087f74a8ef9fdefe2bfbfe4c42e7c177e68996d73089fae9a8de15f5638210d,30,0.004111708607524633,27.54,0.855073315682734,0.855073315682734,0.8997431882387187,0.9320484406785574,0.9522611084156627,0.968964335165127,0.9857591029230633,1.002560143111342,1.0193522951622092,1.0335159404957666,1.0466238983048004,1.0619729440146246,1.0763926699786652,1.0865634849127352,1.0945161190987218
plus_di_10 >= 19,0.011233609,98878,59725,39153,12.72,-6515.044178542186,-1039.8156448513619,4f583626fd6f59b1b2e0825c720b1d1aad3858951a5b50964ea86a5c13485b5d,30,0.0077629415318369865,27.73,0.8760036938576754,0.8760036938576754,0.9367753244038409,0.9795571819061791,1.0157286431958137,1.0455698530068074,1.0722309309341436,1.0963681016994145,1.1186596769221244,1.1396590807559375,1.1533186937389828,1.16275974423482,1.1735067320938664,1.1867885538543084,1.2018718039967096
rsi_30 >= rsi_5_sft_1,0.011227518,98878,50804,48074,12.78,-7259.096937385472,-1030.4915858107925,9c5304fe9d592b70a0c6b3286ed47e7bf2dda0b94ec7966217da111653dec0de,30,0.002170976484194398,27.54,0.8283260324070413,0.8283260324070413,0.8756248083833166,0.9101208485274624,0.9341633718821045,0.9540858587719243,0.9724765808761321,0.9875840336321577,1.0037610937451689,1.0254024139065046,1.0390350562414434,1.0565298941548467,1.0696175072300493,1.0817133768089016,1.1019013819527463
minus_di_10 <= 9,0.011209339,98878,8230,90648,13.65,-558.2763587213267,-99.20029697811697,cee77ee220a5e77fe95d20a730179fabcb0f2e40106664424787bbccffac6b44,12,-0.005950944498181343,19.22,0.9413760409114843,0.9413760409114843,0.995915751077467,1.0423262719883681,1.066746455299404,1.0830026723380324,1.0790937821949165,1.0465606534554504,1.017747314542424,1.0263048877861647,1.0439434981914295,1.0671381990089648,1.0740922375805264,1.072810089708621,1.0765288222464722
rsi_30 >= rsi_20_sft_1,0.011163237,98878,51417,47461,12.77,-8708.237493342993,-1109.00513854163,9c5304fe9d592b70a0c6b3286ed47e7bf2dda0b94ec7966217da111653dec0de,30,0.003385945688933134,27.59,0.804357835394201,0.804357835394201,0.8469662440716429,0.8846541329837477,0.9129494459245459,0.9347541673923988,0.9553585493740536,0.978887127767171,0.9999384189451381,1.0223919147826797,1.0447761459405887,1.0636458133655438,1.0724307261160453,1.0875093844426564,1.1073601977205627
minus_di_30 <= minus_di_10_sft_2,0.011118163,98878,46255,52623,12.81,-7948.058715664488,-990.1658052391795,6ead8d4aff114cb978d2a5e9b1dcb95b84dfa27fd6f0f40b385ac29b242b16ea,30,0.014460008591413498,28.13,0.7984003272297302,0.7984003272297302,0.8450813493210027,0.8759011711269299,0.9069582801795925,0.932328335932671,0.960091799318126,0.9846798593906503,1.0108900935081444,1.0264656273447204,1.0462000932336886,1.0660282366516318,1.08074461460726,1.095694749779738,1.11704913286949
minus_di_5 >= minus_di_14_sft_2,0.0110923145,98878,42437,56441,12.84,-5368.759514937738,-822.3516874829511,a7c5a511f18bc4bc65b530c22aedd665cbba6e43036caf921c03925c9eff7340,30,0.0031683375127613544,27.61,0.8422812254161297,0.8422812254161297,0.8858684251251363,0.9153106088211852,0.9378124613936635,0.9596379383857981,0.974222133509226,0.990734057623876,1.0093326118715915,1.0348082084248207,1.0532361678105682,1.0686290217313326,1.0864783644839673,1.098793475961145,1.108013786328349
plus_di_5 <= plus_di_30_sft_2,0.011091838,98878,59322,39556,12.72,-6959.244350929298,-1151.4732764194268,bd972efc927c87708f479b3c989a305bfeb89b6aa0381d01606955fa59f6baca,30,0.006204474717378616,27.67,0.8550526853004851,0.8550526853004851,0.8914207599978281,0.9229171679187492,0.9443526397852277,0.9741145882282536,0.9968099902435209,1.0200339438335142,1.0425681230106616,1.065727793486948,1.0842374949320708,1.104854463240946,1.1216140313580625,1.1335479850313783,1.1426720124565701
rsi_2 <= rsi_5_sft_2,0.011031303,98878,49573,49305,12.78,-4084.515144476387,-899.532856486956,f60792ba6ac5baece5de7ac90117c85055d233a86016db65a9b1851d8a518ee9,30,0.007013298105448484,27.76,0.8968456557150357,0.8968456557150357,0.9473167052757329,0.9705438093949286,0.9870689907438084,1.0000279878081737,1.0127917965399642,1.0253082133383569,1.0361650021620177,1.0599626008883474,1.0729390465908568,1.0851572845600579,1.1052533334817705,1.114795771022726,1.1207777328672714
plus_di_14 <= plus_di_20_sft_3,0.01098553,98878,59595,39283,12.71,-7735.13403359689,-1193.0736194991696,bd972efc927c87708f479b3c989a305bfeb89b6aa0381d01606955fa59f6baca,30,0.006168891675770283,27.67,0.8413715497170425,0.8413715497170425,0.8802012230138434,0.9082881490802418,0.9308687282109578,0.9529751246664123,0.9775729427151516,0.9999328022554381,1.022110891969316,1.0446249293708116,1.0617799365650855,1.0830346133238264,1.1054362215840232,1.1136996382695656,1.1227755271717208
bb_lower_2_30 <= bb_lower_2_20_sft_3,0.010978242,98878,73444,25434,12.63,-10312.60156712701,-1436.1943277736355,1b1f7d2955b86143cbe65db86c488966f4bce7b7721643a6a4f3f03e8b4d5ec5,30,0.0050991373136639595,27.58,0.833571425523527,0.833571425523527,0.885748899495909,0.9258268443824056,0.956569593936782,0.9824697728019638,1.0066238500661666,1.0246700639825783,1.0471224681299864,1.0686423061039023,1.0846582236018028,1.1013685626675207,1.1159696856637074,1.1362727835953357,1.1518908496815181
plus_di_5 <= plus_di_14,0.010960147,98878,58092,40786,12.72,-7176.801975030122,-1148.7917066101436,bd972efc927c87708f479b3c989a305bfeb89b6aa0381d01606955fa59f6baca,30,0.001873299479484558,27.51,0.8495619526442413,0.8495619526442413,0.8912883611401475,0.9231272023275776,0.9394161291607238,0.9633768473933548,0.9828893769477952,1.0012683276043128,1.015573612334268,1.0359674661966685,1.0553434090049487,1.0764649163179483,1.0964886629892237,1.1105143183964095,1.1192035229731878
rsi_30 >= rsi_10_sft_3,0.010954453,98878,51259,47619,12.77,-8266.314319464389,-1077.1099719124904,9c5304fe9d592b70a0c6b3286ed47e7bf2dda0b94ec7966217da111653dec0de,30,0.0029937555082142353,27.57,0.8104740773632715,0.8104740773632715,0.855733203485714,0.8923357347778954,0.9247256066276467,0.9448924928147069,0.970578594431921,0.99163092267773,1.0177592696184794,1.0346374901908464,1.0510643723276256,1.063961386100006,1.0776956167143241,1.0965419901041646,1.1172921321756966
plus_di_10 <= plus_di_20,0.0109499805,98878,57980,40898,12.72,-7845.999256506654,-1144.9325092148283,bd972efc927c87708f479b3c989a305bfeb89b6aa0381d01606955fa59f6baca,30,0.008257278241217136,27.75,0.8356451128526725,0.8356451128526725,0.8798987769405853,0.9110102628733091,0.9336625279341663,0.9609728397213211,0.9876360518763826,1.0110485833353176,1.0382644363866216,1.070015004754831,1.0919268235635702,1.113144301067494,1.1293736705200181,1.14042023866709,1.157200074819277
stdev_20 >= stdev_14_sft_1,0.010943543,98878,74742,24136,12.62,-10240.727485825748,-1470.23650062862,a092dbfa6dbefd1d342d1a211503f33f5c7745cd5359e4d4115f2b75459bc7b9,30,0.002380034886300564,27.51,0.8374786474766253,0.8374786474766253,0.8918967917578874,0.9349726302206599,0.9675083085867174,0.9950440997171706,1.0183521307106833,1.038085962019341,1.0576652696538649,1.0744470443470946,1.0895776061847529,1.1044424136471171,1.114319864069392,1.1289434588185956,1.144436507455687
plus_di_14 >= 11,0.010930655,98878,90577,8301,12.53,-12262.022834978743,-1725.6919089703006,4f583626fd6f59b1b2e0825c720b1d1aad3858951a5b50964ea86a5c13485b5d,30,0.022164426743984222,27.74,0.839318589019064,0.839318589019064,0.8960633039603446,0.9344304440966358,0.9643681122463896,0.9913716708266801,1.0157637761178724,1.0375959599339017,1.0572391086900952,1.0752444876748914,1.0914918797449498,1.1072891121919946,1.1218516562001113,1.1345026396256737,1.146453282221055
aarod_20 <= 0,0.010897225,98878,11173,87705,13.43,-1448.5673860916722,-147.57865565427346,ee8487758bc2c4538d142a7a4b471774d99d1136098b9a4a57e5eb95d2b58bae,30,0.006555815227329731,28.26,0.8646013830161238,0.8646013830161238,0.9544948052072472,1.0206387074366865,1.0816838773879083,1.132464109090794,1.1533934495436755,1.1604243183157483,1.1878482060691191,1.1995231659246621,1.2302594252777526,1.2340098233312742,1.2367121619459143,1.2554345176053314,1.3025148700924691
minus_di_10 <= 8,0.010839502,98878,6379,92499,13.78,-354.22219265632157,-56.85891599889146,cee77ee220a5e77fe95d20a730179fabcb0f2e40106664424787bbccffac6b44,10,-0.004040430299937725,18.07,0.9545450870543467,0.9545450870543467,0.9786114055692751,1.0297100090397295,1.0653961468856508,1.063539662607341,1.0340361504074396,0.977183097750505,0.962918206227722,0.986387286864138,0.9983653426685252,1.0239861339186165,1.0427055779588839,1.0404653388249694,1.0456205843245105
rsi_30 >= rsi_2_sft_1,0.010824431,98878,49874,49004,12.77,-6454.48398083486,-970.4063858643713,9c5304fe9d592b70a0c6b3286ed47e7bf2dda0b94ec7966217da111653dec0de,30,0.002906290115788579,27.57,0.8419828756748344,0.8419828756748344,0.8845948381733366,0.9250798804008262,0.9406034474382159,0.9552336610350378,0.9712135030263855,0.988978679634705,1.007058800663531,1.0285081202631245,1.0374408096883783,1.0544280881268995,1.0649192886730614,1.079593870387987,1.094517230568157
adx_10 >= 18,0.010807725,98878,84917,13961,12.56,-11106.402828892173,-1623.4204915495939,4118d96628e9d7109ca1b25b71d8f7665de5864ad974c7631ea4a76d380fc96f,30,-0.008943513967096806,27.28,0.8440680949410115,0.8440680949410115,0.8993718760662461,0.9379990735178009,0.9664851867588677,0.9881051961824581,1.0093772642139027,1.0283520737788674,1.0426351072722515,1.0582877287956916,1.074588033340021,1.089826217176772,1.104540473598884,1.117862996075307,1.1314573681335964
adx_14 >= 16,0.010774102,98878,82056,16822,12.58,-10941.63766458967,-1568.8955119447637,4118d96628e9d7109ca1b25b71d8f7665de5864ad974c7631ea4a76d380fc96f,30,-0.002546194475144148,27.39,0.8412361306409651,0.8412361306409651,0.8980284830039891,0.9391937493931055,0.9711538945709229,0.9957148679426238,1.0196632408793214,1.0393254565520746,1.0562567259814961,1.0717461566099695,1.0880928591008125,1.1014077328829177,1.115155253037452,1.1294787219774325,1.142957770555621
rsi_14 <= 19,0.01077218,98878,322,98556,18.63,24.550556538044475,-8.467608057770121,64f5e1bb8a7d01ed3bc711ef82f8836c32f34a4dc5e2cbccb6c4442736ec4dbc,4,0.0,0.0,1.0818194705940736,1.0818194705940736,0.9159298768696114,0.8607849758191037,0.8490830496636744,0.8494523988758562,0.8691301208562253,0.8667053099004073,0.928927359700001,0.9824674654903636,0.9699761019151079,0.9156458615880508,0.8449310054823018,0.8422216310713011,0.8144582651928595
plus_di_10 >= 18,0.010732238,98878,63513,35365,12.68,-7460.483913684933,-1134.4618595142092,4f583626fd6f59b1b2e0825c720b1d1aad3858951a5b50964ea86a5c13485b5d,30,0.007418942637741566,27.69,0.8664231086675497,0.8664231086675497,0.9263221865479282,0.9709253872587938,1.0053147858522973,1.0334049342538139,1.0583436391583698,1.0835242887429497,1.1071310481142507,1.1248305995078685,1.1393549036802575,1.1509834357422069,1.1611696815663737,1.1759171130719719,1.1895059825021286
sma_10 >= High,0.010698999,98878,33139,65739,12.92,-4040.650673333512,-682.880062637174,2a2a894e2395475f18aac8b58b172590d4e9304b0f81f0d6018fc944d30d4b38,30,0.008691401220858097,27.99,0.8417224660706912,0.8417224660706912,0.887992548534237,0.9242290742282273,0.93744438050193,0.9506122265972501,0.9611805635007118,0.9796295380418287,0.997134521617811,1.023615556015201,1.0437776224750075,1.0593696017741663,1.071999203545347,1.0892972880700897,1.1062970271176065
rsi_2 <= 8,0.010684818,98878,10327,88551,13.45,331.90531930735915,-138.53559939229308,64f5e1bb8a7d01ed3bc711ef82f8836c32f34a4dc5e2cbccb6c4442736ec4dbc,30,0.005762604996562004,28.2,1.0457233833989337,1.0457233833989337,1.066740117685812,1.051360276100697,1.0368190058942566,1.0256994550590866,1.0096237690729286,1.0214991518976204,1.0402178463695042,1.0546537205468143,1.0534336172644416,1.081832067610427,1.0887883656092945,1.0841783964112715,1.1025998623862507
plus_di_10 >= 24,0.010672538,98878,41441,57437,12.83,-4052.935831231982,-714.7804329663486,4f583626fd6f59b1b2e0825c720b1d1aad3858951a5b50964ea86a5c13485b5d,30,0.0031944471411406994,27.61,0.8926087172491683,0.8926087172491683,0.9526827279518609,0.9992241271355494,1.0409260740795108,1.0654943843858624,1.0860764818312663,1.106217893149386,1.1245821053064788,1.141089321860165,1.1662419946517688,1.185429067895988,1.2014334059018088,1.225287179713982,1.2391661713143207
plus_di_5 <= plus_di_10,0.010669625,98878,58065,40813,12.71,-6720.6051276333355,-1134.3954805555186,bd972efc927c87708f479b3c989a305bfeb89b6aa0381d01606955fa59f6baca,30,0.00028080871561542153,27.46,0.8592132151669697,0.8592132151669697,0.8973313969112375,0.9286656662812851,0.946629667279924,0.9668774227967422,0.9837778459475652,1.0010458157730588,1.013424244759741,1.0291917422021752,1.0469183215314866,1.0667272958926137,1.0874755011290094,1.1024985518815504,1.1122732948448055
adx_10 <= adx_30,0.010650797,98878,15256,83622,13.24,-3035.096470042845,-335.9407372301139,234f8ad1c2baf91b95c9f1aef2798b533888ce55558d2a8e51c247014080fabc,30,-0.0028232866898179054,27.15,0.7862275922390831,0.7862275922390831,0.8269936329388212,0.8428887885800532,0.8754303542180918,0.9093732544236215,0.9392409218314955,0.9675094584249596,0.9938309042263187,1.024657515176553,1.0362622387215379,1.0435469263172124,1.0501712986173881,1.0543969066641863,1.056781662110586
minus_di_30 <= minus_di_5_sft_3,0.0105932765,98878,44789,54089,12.8,-7106.900547529874,-923.6836333205501,6ead8d4aff114cb978d2a5e9b1dcb95b84dfa27fd6f0f40b385ac29b242b16ea,30,0.0091373510658741,27.89,0.809643243648307,0.809643243648307,0.8535238331060819,0.8888412603587653,0.9169579670151958,0.9405103801460158,0.9678177296407362,0.9937615306689956,1.017224849024476,1.0338718931165896,1.052076182504342,1.067280607929418,1.081037774758046,1.0982540266725358,1.1110519940804249
minus_di_20 <= minus_di_10_sft_3,0.010575236,98878,48546,50332,12.77,-7972.204461288307,-1018.6094962245406,6ead8d4aff114cb978d2a5e9b1dcb95b84dfa27fd6f0f40b385ac29b242b16ea,30,0.008776172995567322,27.84,0.8099145610174217,0.8099145610174217,0.8639476872833147,0.8963887429023408,0.9254726797049283,0.9503896168673315,0.9778543336651965,1.0048579887561535,1.0297790626939223,1.0445936223075292,1.067012457973084,1.086447131277721,1.1041953218744127,1.123922419723476,1.140167963324585
stdev_5 >= stdev_14_sft_2,0.0105232475,98878,17774,81104,13.16,-1892.1608232269646,-332.4311306153977,a092dbfa6dbefd1d342d1a211503f33f5c7745cd5359e4d4115f2b75459bc7b9,30,0.0032425804529339075,27.75,0.883017676274078,0.883017676274078,0.9344234902534588,0.9695836048922031,1.018826117628522,1.0336312557259186,1.038367325147212,1.0625396480791354,1.0819617948258349,1.097200696606884,1.1018203377755635,1.090667490622694,1.0915439193321936,1.1134601357734042,1.1358331487573914
stdev_14 >= stdev_20_sft_2,0.010518715,98878,32324,66554,12.92,-3685.185290950001,-631.8066458825342,a092dbfa6dbefd1d342d1a211503f33f5c7745cd5359e4d4115f2b75459bc7b9,30,0.00534852733835578,27.79,0.868914242484632,0.868914242484632,0.9228891901407474,0.9653398147663003,0.9951011675873362,1.0088682517954553,1.0300714842473493,1.055573907610179,1.0657952030038158,1.0683215599314355,1.0813292139540347,1.08780924203875,1.1049801048663137,1.1173116428074141,1.1306667620950084
minus_di_14 <= 16,0.010509272,98878,24758,74120,13.02,-2364.4511781549204,-372.9903141256218,cee77ee220a5e77fe95d20a730179fabcb0f2e40106664424787bbccffac6b44,30,-0.028082463890314102,25.28,0.9032050601173849,0.9032050601173849,0.9632904595564363,1.0131796702874105,1.0493804307448114,1.0610933498239652,1.0747119786497457,1.0710044699273173,1.0707454065472384,1.0608968729231567,1.0634534364987516,1.0701263726496983,1.0780474325030212,1.0852889815963969,1.0950931398421153
aarou_20 <= 10,0.010502823,98878,22613,76265,13.05,-3967.6525797577633,-556.3632485166236,da60be741621a42d93721696dcc6252cb06464cd161c4da151f0e18e03138794,30,0.018556544557213783,28.97,0.7888899855337257,0.7888899855337257,0.8364326323887051,0.8708489104779056,0.8775852230169624,0.9068592683014188,0.941336693843602,0.9578004077263575,0.985057842478229,1.016280226420263,1.0485997775613944,1.0829988197631022,1.1076726825617538,1.1187856505358373,1.1256281121643725
plus_di_30 >= plus_di_10_sft_1,0.010492461,98878,58347,40531,12.71,-8363.033498583067,-1189.8491747957887,e29890bc12ea37e8ab50982e55f5d20643af7c43a2ddc27569a065e219a2f597,30,0.013949304819107056,27.96,0.8262344051221654,0.8262344051221654,0.882694191169039,0.9130881978291,0.9456817999056611,0.9674592628341949,0.992616914410687,1.0199603835221858,1.0422458931570324,1.069598310812535,1.089374476733926,1.1087687596959839,1.1284080762263904,1.1392403185962936,1.1624408843964618
minus_di_10 <= 13,0.01045585,98878,18316,80562,13.14,-1014.2120175386663,-273.82184702628,cee77ee220a5e77fe95d20a730179fabcb0f2e40106664424787bbccffac6b44,30,-0.026183102279901505,24.99,0.9446164984372063,0.9446164984372063,1.0009284446162159,1.044145370692937,1.085397417060187,1.1055407238129809,1.1216214636638708,1.108890498419535,1.1003815480424641,1.0974421448536977,1.1048638695425206,1.1142793685482075,1.118787567738278,1.1319901619440615,1.1406416453786887
plus_di_30 >= plus_di_14_sft_1,0.010448921,98878,58296,40582,12.71,-8479.46313023088,-1172.6215856453418,e29890bc12ea37e8ab50982e55f5d20643af7c43a2ddc27569a065e219a2f597,30,0.016710912808775902,28.07,0.8245784699869315,0.8245784699869315,0.8765726192920821,0.9107854941399025,0.9436218366715159,0.9673377048052588,0.9951642417930908,1.0198820217435636,1.0390737014688929,1.0663219252918015,1.0850103633400772,1.1060675666126376,1.1222075055193275,1.1351284614940753,1.1568254943394147
minus_di_14 <= 10,0.010417583,98878,7120,91758,13.65,-772.2762654167163,-103.49486788113427,cee77ee220a5e77fe95d20a730179fabcb0f2e40106664424787bbccffac6b44,30,-0.03156975656747818,22.39,0.9107424758823255,0.9107424758823255,0.9358182621155934,0.9418612273303513,0.9625226700614354,0.9508556755171199,0.9216295031733546,0.8769866688027396,0.8760383120548202,0.8915988638411544,0.9155716594139225,0.949723627239995,0.9630903185806277,0.9683811660654308,0.9714473535560009
minus_di_20 <= minus_di_5_sft_3,0.010411987,98878,45150,53728,12.79,-7039.513920595183,-923.7779186571352,6ead8d4aff114cb978d2a5e9b1dcb95b84dfa27fd6f0f40b385ac29b242b16ea,30,0.007398821879178286,27.81,0.813951439651642,0.813951439651642,0.8558969089874098,0.8859408489427542,0.9114686657945106,0.933334971288013,0.9616354706005024,0.9886626367695781,1.0117723883911633,1.0300968375362551,1.0508045034764903,1.0674011396906211,1.084116365746208,1.10138323460115,1.116559663567654
minus_di_5 >= minus_di_10_sft_2,0.010410424,98878,41058,57820,12.83,-4614.980605301943,-794.1242071434172,a7c5a511f18bc4bc65b530c22aedd665cbba6e43036caf921c03925c9eff7340,30,0.0029739378951489925,27.6,0.8589337440302333,0.8589337440302333,0.9100715474299498,0.936379492233729,0.9535532295804688,0.9710245598686673,0.9854768125247886,0.9974175981204304,1.0154976872175756,1.0430539448426999,1.0595694393240687,1.071812562966725,1.08804207437944,1.094376039935743,1.1086601393881723
bb_upper_2_30 <= bb_upper_2_10_sft_3,0.010392745,98878,18929,79949,13.12,-1816.031186275577,-302.0502095500051,3aa49a56ba366f74cacb6b40add631875fca9bf88d1abae08516bfe7d1357af1,26,0.004614848177880049,26.74,0.8872357419287782,0.8872357419287782,0.9589795398476264,0.9939673077741991,1.0221797008607678,1.0568572362245203,1.0791949623555444,1.1075210833118427,1.1075786343700522,1.1078194139724573,1.112275281295173,1.1272616658306214,1.1542396246891977,1.1540476517679954,1.1469328003787227
bb_lower_2_30 >= Open,0.010379159,98878,3755,95123,14.14,-344.1143429097365,-89.7639740476734,da8e2d806350cc6fd9a1fee772f28b714ff99a658489147fdc12f97005db29f7,30,0.01013124268501997,29.72,0.8863278725240272,0.8863278725240272,0.9308342186611885,0.9663974228464345,0.9498321829789974,0.9586198383866973,0.9860831190833238,0.9806545261414664,0.9714128699582649,0.955413504800219,0.9726441617369447,1.01705966915575,1.0281066716002916,1.0448661821898382,1.0550434194124259
rsi_2 <= 5,0.010378176,98878,6807,92071,13.68,482.10196810425487,-90.1939415691013,64f5e1bb8a7d01ed3bc711ef82f8836c32f34a4dc5e2cbccb6c4442736ec4dbc,6,0.014738720841705799,17.11,1.1012745518288305,1.1012745518288305,1.1189145000627108,1.0794566874899547,1.0715896411797061,1.0552214747404536,1.0126930720996072,1.0164000243962474,1.031308352165139,1.0348287819248294,1.048338558708095,1.0794288616486365,1.0761141012522877,1.0800399646298837,1.0975379577530133
stdev_20 >= stdev_20_sft_3,0.0103656035,98878,46265,52613,12.78,-5337.207876433987,-894.7359326885999,a092dbfa6dbefd1d342d1a211503f33f5c7745cd5359e4d4115f2b75459bc7b9,30,-0.0016532621812075377,27.37,0.8647836055380259,0.8647836055380259,0.9234503273209339,0.962045393868682,0.9937843182368212,1.0213104611164945,1.033577316579289,1.0452193227504258,1.0616120930100503,1.081878953699076,1.0914171839724218,1.1013275896982235,1.1158525494726697,1.134252783120194,1.1520490372607928
plus_di_5 <= plus_di_14_sft_1,0.010353268,98878,60260,38618,12.69,-7067.368715199457,-1184.851920252142,bd972efc927c87708f479b3c989a305bfeb89b6aa0381d01606955fa59f6baca,30,0.001239571487531066,27.49,0.8573368926637335,0.8573368926637335,0.9013276536202285,0.9335863804210698,0.9480336326395344,0.9690025056587561,0.9890986141478022,1.00893914760136,1.0222804797763756,1.0401451394609769,1.058567126294944,1.0786092006580057,1.099997416503692,1.114412440327724,1.1229638584896653
plus_di_30 >= plus_di_14_sft_2,0.010343,98878,57444,41434,12.71,-8429.883824632034,-1153.5695523092072,e29890bc12ea37e8ab50982e55f5d20643af7c43a2ddc27569a065e219a2f597,30,0.015688002109527588,28.04,0.8236259775411737,0.8236259775411737,0.8789713518230328,0.9130013185176896,0.9469895931090708,0.9782854695443111,1.0058074711159681,1.0266295223878787,1.0487090160445258,1.0709002602055748,1.0935042516486793,1.116622638433381,1.1266065490939894,1.1434942382189743,1.166888989569812
plus_di_5 <= plus_di_10_sft_1,0.010327283,98878,62347,36531,12.68,-7196.172501281613,-1199.3103721290827,bd972efc927c87708f479b3c989a305bfeb89b6aa0381d01606955fa59f6baca,30,-0.001741707557812333,27.39,0.8593602322159908,0.8593602322159908,0.9065221357716418,0.9426399072383805,0.958321819653983,0.9786654348745056,0.9944415675285838,1.0161932697302656,1.0283249396667906,1.043789432603924,1.059099538583656,1.0804175185916587,1.0995241943847014,1.113409250615369,1.123377452546653
plus_di_10 <= plus_di_30_sft_3,0.01030728,98878,59383,39495,12.7,-7839.992814595001,-1189.2457910992598,bd972efc927c87708f479b3c989a305bfeb89b6aa0381d01606955fa59f6baca,30,0.012002235278487206,27.88,0.8381817549178668,0.8381817549178668,0.8841108244927771,0.9175850770738234,0.938618359930181,0.9665606880888289,0.9931009052876508,1.0181567812676666,1.0432733451789942,1.0682467635099506,1.0878009228256844,1.108323604116883,1.1290393177043392,1.1388507946413458,1.1523911823042354
plus_di_5 >= 2,0.010275557,98878,96184,2694,12.48,-11605.06792285233,-1855.8403328966815,4f583626fd6f59b1b2e0825c720b1d1aad3858951a5b50964ea86a5c13485b5d,30,0.014529346488416195,27.55,0.8560267303963011,0.8560267303963011,0.9150312792811592,0.9522568189547688,0.9822952719147303,1.0073694757303093,1.0293461819418828,1.046004178469926,1.0609411942372047,1.0771755360182533,1.0926969567100377,1.106928197135658,1.1210866598234719,1.133672593612145,1.1460041407434465
minus_di_30 <= 22,0.010250436,98878,49595,49283,12.76,-7405.809532760079,-910.1232850114466,cee77ee220a5e77fe95d20a730179fabcb0f2e40106664424787bbccffac6b44,30,-0.024355407804250717,26.36,0.8363222486944111,0.8363222486944111,0.8909616594880491,0.9316706155429955,0.9621433306109799,0.9890398490390104,1.0099097707511506,1.027847905047476,1.0451770976823995,1.0582169070898215,1.0663298963064718,1.0766271543804444,1.0911526733670665,1.1022296252459558,1.11306380053088
bb_lower_2_20 <= bb_lower_2_10_sft_1,0.01024452,98878,72467,26411,12.62,-9027.201850107314,-1371.9445067789638,1b1f7d2955b86143cbe65db86c488966f4bce7b7721643a6a4f3f03e8b4d5ec5,30,-0.003407333744689822,27.35,0.8516461781261794,0.8516461781261794,0.9039387617726677,0.9466839806893631,0.9825688740730909,1.01086128568674,1.0333600135492034,1.0530089092132648,1.0709464268887083,1.085900580601362,1.0972141362661807,1.1141105571715382,1.1265625302328741,1.1362913430382504,1.1514210118547323
plus_di_30 >= plus_di_10_sft_2,0.0102202725,98878,57913,40965,12.7,-8567.841995077524,-1181.995165818822,e29890bc12ea37e8ab50982e55f5d20643af7c43a2ddc27569a065e219a2f597,30,0.012045853771269321,27.9,0.8222224709594669,0.8222224709594669,0.8752731380900707,0.904464928990963,0.9381339293853266,0.96508716962909,0.99140823803471,1.011932176337448,1.033834272013088,1.055868073672806,1.0779602647213822,1.1036143534640395,1.1149526992322054,1.1301377298809554,1.1559080179340628
minus_di_20 <= 19,0.010220026,98878,34842,64036,12.88,-4738.9917842355335,-588.346411763494,cee77ee220a5e77fe95d20a730179fabcb0f2e40106664424787bbccffac6b44,30,-0.03137701004743576,25.55,0.8574577582938445,0.8574577582938445,0.9125612096323149,0.9565334609845061,0.9896415221204127,1.007299986069707,1.0218957221266693,1.022999610165819,1.0321232952174695,1.0292223310440074,1.0285658589882987,1.026632550390541,1.0310314108618466,1.041657609776675,1.046217472451387
adx_20 >= adx_10_sft_1,0.010218592,98878,15610,83268,13.2,-3131.666045590784,-341.8664495608173,fd7b69234972b511c2e03a174ce4b77d38140d5e70cabc298bd88fa9bb05adbf,30,0.002973970491439104,27.75,0.7886474968533373,0.7886474968533373,0.830187407094273,0.8731506378099202,0.9284381955112752,0.9664935541465163,0.9962139563276916,1.017954618901784,1.0437251718429474,1.0676766372548048,1.0770986826678657,1.0807130031940595,1.089828415399818,1.0972527486326082,1.1143495813224702
rsi_30 >= rsi_5_sft_3,0.01019883,98878,50786,48092,12.75,-8363.913374357518,-1069.0291877376367,9c5304fe9d592b70a0c6b3286ed47e7bf2dda0b94ec7966217da111653dec0de,30,0.002213557017967105,27.54,0.8045376436891288,0.8045376436891288,0.8575563633515235,0.8873866917785256,0.9095553532183002,0.9363409403623494,0.9611082339043466,0.9792516209260725,1.004255302307207,1.0209678793641546,1.0377967630088472,1.0514918819342307,1.0640486634659219,1.0824285959796538,1.0995870280555542
plus_di_20 >= 11,0.010186991,98878,93241,5637,12.5,-12958.263267904498,-1822.1998792331797,4f583626fd6f59b1b2e0825c720b1d1aad3858951a5b50964ea86a5c13485b5d,30,0.028060566633939743,27.75,0.8339555705551978,0.8339555705551978,0.8894395446603505,0.9276531261748716,0.9586281267213205,0.9852823650026217,1.0098809672735771,1.0311002289736537,1.050683543972573,1.0685212207149253,1.0853083751113302,1.0997645912607894,1.1139752245214096,1.1264189637535686,1.1393904662043186
sma_10 >= Close,0.01014196,98878,50729,48149,12.74,-5490.268486931808,-971.0220454241935,9d05ebf4a4df1374ab70d34fd4bb0bb7068613b3ea4d9f34537ac27b7aeadf15,30,0.0033762624952942133,27.59,0.8605908135299877,0.8605908135299877,0.9068507273807497,0.9341257899187475,0.9538461598881615,0.9660950168978759,0.9791234692253865,0.9890588058149623,1.001137575096029,1.022923177782266,1.0350710895037825,1.049284500027359,1.06190240971374,1.0738100560384272,1.083284099258682
plus_di_14 >= 13,0.010138692,98878,85502,13376,12.55,-11607.229746244622,-1620.3634698937822,4f583626fd6f59b1b2e0825c720b1d1aad3858951a5b50964ea86a5c13485b5d,30,0.016833549365401268,27.74,0.8402669287438672,0.8402669287438672,0.897033558655828,0.9344548226277719,0.963746435800369,0.9912909996914822,1.016962727254753,1.0389016545756578,1.0576390945600038,1.0762797832721938,1.0921248889529878,1.107550461784149,1.1233424325035137,1.1362361358459703,1.1494144412677305
plus_di_10 <= plus_di_14_sft_1,0.010108454,98878,64128,34750,12.66,-7821.0798209116,-1253.0877937110345,bd972efc927c87708f479b3c989a305bfeb89b6aa0381d01606955fa59f6baca,30,0.0016669153701514006,27.5,0.8511837211297117,0.8511837211297117,0.9007230654363547,0.9365979504613662,0.9579259858940419,0.977910265172501,1.0004650499200236,1.0209949457214171,1.0404310675495518,1.0618796784510964,1.0774015953602614,1.0971384394626587,1.1186261363330867,1.134932241841193,1.1428963326060513
minus_di_10 <= 7,0.010093883,98878,4809,94069,13.89,-597.6751050842577,-58.64118220980163,cee77ee220a5e77fe95d20a730179fabcb0f2e40106664424787bbccffac6b44,10,-0.003264444414526224,18.11,0.9061389395419464,0.9061389395419464,0.9450439104215851,1.0018021950514984,1.0141485841096625,1.0115617374590753,0.9761145231307256,0.9104402372992761,0.9047403906709419,0.928059448046525,0.9512417993215262,0.997372901508779,1.0063672663413934,1.0041815909319691,1.0051558145912172
plus_di_10 >= 16,0.010085001,98878,70943,27935,12.63,-9051.109141690205,-1298.5736989003053,4f583626fd6f59b1b2e0825c720b1d1aad3858951a5b50964ea86a5c13485b5d,30,0.007235856261104345,27.65,0.8536479379971919,0.8536479379971919,0.9115252347318338,0.9561690255239359,0.9887392895935634,1.0175015246411108,1.0412011530999061,1.0665608139098308,1.086606249441873,1.1054860966918951,1.1184578814319812,1.1305966778267995,1.146288792589252,1.1601456251729931,1.1728655313662182
plus_di_30 >= plus_di_20_sft_1,0.010084893,98878,57146,41732,12.7,-8449.392004976788,-1145.470476026545,e29890bc12ea37e8ab50982e55f5d20643af7c43a2ddc27569a065e219a2f597,30,0.018461938947439194,28.15,0.8222502228839937,0.8222502228839937,0.8721703569068024,0.9051033819916763,0.9389417857002953,0.9641970579243371,0.9919721377062595,1.0111451727068261,1.03225040318783,1.0570056755657335,1.0786968309262386,1.1014496288805358,1.114731112209576,1.1270994161544807,1.1481502527851197
adx_14 <= adx_30,0.01005042,98878,18057,80821,13.12,-3915.7636089551006,-485.27156289269624,234f8ad1c2baf91b95c9f1aef2798b533888ce55558d2a8e51c247014080fabc,30,-0.0015681436052545905,27.3,0.7700199036411042,0.7700199036411042,0.8123775768189426,0.8381700577115558,0.860171758213828,0.8989601549360947,0.9422823262900203,0.982938142652268,1.012181551117135,1.0370127012634305,1.0512959302784364,1.0605577930245824,1.06860783701653,1.0741914394713077,1.0814085498767614
plus_di_14 >= 14,0.010013585,98878,82405,16473,12.57,-11207.334765003427,-1550.6865000794933,4f583626fd6f59b1b2e0825c720b1d1aad3858951a5b50964ea86a5c13485b5d,30,0.01575351133942604,27.76,0.8409712493989393,0.8409712493989393,0.8980058477309361,0.9365702364741818,0.9670158108353528,0.9946338691252156,1.0197215913166238,1.041834205792041,1.0604203683564664,1.078583380935547,1.0952806867404357,1.110074737487354,1.1261239912413006,1.1397632845951755,1.1533902256500874
plus_di_30 >= plus_di_10_sft_3,0.009994248,98878,57546,41332,12.7,-7964.558947686539,-1127.0576515648936,e29890bc12ea37e8ab50982e55f5d20643af7c43a2ddc27569a065e219a2f597,30,0.013350281864404678,27.95,0.8331037821925882,0.8331037821925882,0.8793749126751935,0.9187486642482307,0.9445727187730201,0.9743768136673123,1.001903516539988,1.0212045977629207,1.0468273301030515,1.0741319030283216,1.096574747991058,1.1178354179288628,1.1280627185890157,1.1528556560478544,1.1749826314508955
minus_di_20 <= minus_di_5_sft_2,0.009948043,98878,44841,54037,12.78,-6913.839713418688,-926.0312880751517,6ead8d4aff114cb978d2a5e9b1dcb95b84dfa27fd6f0f40b385ac29b242b16ea,30,0.003524474799633026,27.62,0.8132778358490198,0.8132778358490198,0.8579723123414748,0.8857822723580974,0.9171037366214554,0.9354979848175212,0.9538881776870992,0.979933645377979,1.004034923113033,1.022305165375653,1.0404823980769173,1.0566718584658925,1.07207483800529,1.0826338481411828,1.1023840796028874
minus_di_20 <= minus_di_5_sft_1,0.009915628,98878,44540,54338,12.78,-6436.740560136546,-891.1065906337099,6ead8d4aff114cb978d2a5e9b1dcb95b84dfa27fd6f0f40b385ac29b242b16ea,30,0.006014115177094936,27.74,0.8231549829278095,0.8231549829278095,0.8745680163560919,0.9055589820147848,0.9336517550458513,0.9509258876056097,0.9686013838717381,0.9891667823549442,1.0125512359945106,1.0332394960709488,1.049011571551971,1.067390747096309,1.0830814431672335,1.0965506605166369,1.1132735500511337
plus_di_5 <= plus_di_20,0.009866125,98878,58315,40563,12.69,-7691.067445132857,-1158.6902511481385,bd972efc927c87708f479b3c989a305bfeb89b6aa0381d01606955fa59f6baca,30,0.004768370650708675,27.62,0.8384140740508553,0.8384140740508553,0.8777861276142433,0.9102260060876972,0.9318382396291903,0.9567456885863799,0.9796559606748114,1.001866686967261,1.0221298259305096,1.044458680619651,1.0661448268987355,1.0906691123359218,1.1098010405212229,1.123006703441361,1.1321354586662447
stdev_10 >= stdev_20_sft_1,0.009864392,98878,21764,77114,13.03,-2336.6502151760214,-437.87165915733203,a092dbfa6dbefd1d342d1a211503f33f5c7745cd5359e4d4115f2b75459bc7b9,30,0.006557893939316273,28.0,0.8790549338040691,0.8790549338040691,0.9419128856559481,0.9895576400636467,1.0280769364794913,1.0413743668695974,1.0669212362055465,1.0843431616047572,1.097231381778679,1.1015480252281318,1.1086779200324353,1.1144788097769596,1.1300074316215134,1.148074252804993,1.161671859324803
adx_14 >= adx_14_sft_3,0.009843972,98878,44959,53919,12.77,-4382.724028528514,-820.7624022294767,fd7b69234972b511c2e03a174ce4b77d38140d5e70cabc298bd88fa9bb05adbf,30,0.005736379884183407,27.73,0.8829304791306273,0.8829304791306273,0.9490413061349608,1.0031410565618042,1.0353693600268363,1.04356327508811,1.0493615221940809,1.0618667227513088,1.0759006374957623,1.0865557521945088,1.0956325337285648,1.1078672555546516,1.128151530022758,1.1431407663818343,1.1569748632654768
rsi_20 >= rsi_5_sft_3,0.009833417,98878,50697,48181,12.73,-8494.718567493499,-1060.909790929487,9c5304fe9d592b70a0c6b3286ed47e7bf2dda0b94ec7966217da111653dec0de,30,-0.0004424482467584312,27.43,0.8034963407301404,0.8034963407301404,0.8552229132841498,0.8820604897977433,0.9071767546416518,0.9310540655791546,0.9544144915850886,0.9753640981362715,1.0012181744884454,1.01845709189194,1.0407587521147652,1.0561551038113521,1.0674598711164696,1.0867960768175953,1.1082666713998401
rsi_14 <= rsi_14_sft_3,0.009829835,98878,50061,48817,12.74,-4358.094990771464,-869.5158663041511,f60792ba6ac5baece5de7ac90117c85055d233a86016db65a9b1851d8a518ee9,30,0.007560974918305874,27.78,0.8896467593029376,0.8896467593029376,0.9293511490584363,0.9549315258033714,0.9766390112827079,0.9917470940348206,1.0004932937908178,1.0166493740145224,1.0343458477243568,1.0533955877337642,1.0718063897854588,1.0892156911340547,1.116929757727726,1.1190760453175792,1.1274706802442256
minus_di_5 <= 4,0.0098267095,98878,5980,92898,13.7,-372.0174765763368,-58.70944732219505,cee77ee220a5e77fe95d20a730179fabcb0f2e40106664424787bbccffac6b44,14,0.0021966041531413794,21.54,0.9464407221886163,0.9464407221886163,1.0275868216452158,1.1195595814510308,1.181385583515546,1.1978143990624404,1.2093540918164785,1.1782899702637186,1.146843323584618,1.1450059644392707,1.1404157532599122,1.1689721570014664,1.159108092023387,1.161230742627659,1.1565261475223119
adx_20 >= adx_20_sft_2,0.009823603,98878,44030,54848,12.78,-4308.10264416667,-773.1849571010898,fd7b69234972b511c2e03a174ce4b77d38140d5e70cabc298bd88fa9bb05adbf,30,0.0011854685144498944,27.5,0.8830983555393653,0.8830983555393653,0.9447776008448971,0.9934794488857038,1.0323875208572182,1.0462087764965164,1.0534386090202221,1.0682299840948655,1.0851459626715323,1.0931309934048283,1.103853917243532,1.1129543985944563,1.1286094132110436,1.1425510956215252,1.1562246773897324
rsi_2 <= 9,0.009821381,98878,11408,87470,13.32,283.6848795801229,-163.92348946940183,64f5e1bb8a7d01ed3bc711ef82f8836c32f34a4dc5e2cbccb6c4442736ec4dbc,30,0.0038366701919585466,27.92,1.035252029375825,1.035252029375825,1.0604826624824581,1.0548622211661256,1.0353976264161335,1.0324764834702598,1.0166342129325365,1.0223572593748318,1.0395252662143988,1.0575203709972307,1.0553159234116758,1.0737788630936782,1.0838736283480868,1.0730302313046405,1.0870346758698104
rsi_20 >= rsi_2_sft_1,0.009802786,98878,49984,48894,12.74,-6737.787522553376,-989.1665920340602,9c5304fe9d592b70a0c6b3286ed47e7bf2dda0b94ec7966217da111653dec0de,30,0.003351098159328103,27.59,0.8372895866952519,0.8372895866952519,0.8805012543081725,0.9194793364657491,0.9348988702071133,0.94902053004911,0.9647702319895696,0.9835548514208668,1.0017403829946867,1.0245213784347937,1.0364007187296216,1.0547382499267992,1.0647705973058283,1.0779539761504393,1.093758842098118
atr_5 >= atr_5_sft_3,0.0097956555,98878,41498,57380,12.8,-3395.6972257807147,-733.6538641440493,532171b4b026df3b7d23c8264137467a8cc80a53ca41565a8c760a4fc7c55907,30,0.0030264845117926598,27.6,0.9050782665285244,0.9050782665285244,0.9606332204101564,1.0028881551625974,1.048034479267892,1.0648165630485238,1.0860846090590806,1.0964866112586538,1.114293524885948,1.1253870344072794,1.1353893507526716,1.1475054143391794,1.1519552145167107,1.1735010856311503,1.1902022741605043
adx_20 <= adx_30_sft_2,0.009791175,98878,22223,76655,13.02,-4585.761540746636,-572.5085359552977,234f8ad1c2baf91b95c9f1aef2798b533888ce55558d2a8e51c247014080fabc,30,-0.0020679899025708437,27.27,0.7768127928931345,0.7768127928931345,0.8126903687716414,0.8438361097344033,0.8798791957285885,0.9129516441674203,0.9413552321612958,0.9719762963670511,1.001356955926806,1.0212551543844115,1.0324181305846862,1.0354542670743274,1.0365046123418702,1.038068583745978,1.0403727416675188
minus_di_14 <= 17,0.009761302,98878,28648,70230,12.92,-3062.287435701129,-459.7496543559537,cee77ee220a5e77fe95d20a730179fabcb0f2e40106664424787bbccffac6b44,30,-0.02984754741191864,25.36,0.8893798335491551,0.8893798335491551,0.9510402798211874,0.9993864208821744,1.0382596001696098,1.0511684049303625,1.0646547035675626,1.0654166292619958,1.0660959848545126,1.051669778804244,1.0498182263753133,1.0526704670962197,1.0618514730882032,1.0702185146163947,1.0772783953054192
minus_di_5 <= 5,0.009742116,98878,8007,90871,13.5,-351.70860076924146,-77.77925512436195,cee77ee220a5e77fe95d20a730179fabcb0f2e40106664424787bbccffac6b44,14,0.0030612756963819265,21.61,0.9601703668809191,0.9601703668809191,1.0352986974394764,1.1196823187129308,1.1899489464593218,1.2066990005390537,1.2365044893510502,1.210848881345094,1.1879396444783137,1.1764564195839713,1.1757086322759087,1.1932424313613976,1.189408413079838,1.1935390588507777,1.19278838228708
minus_di_5 >= minus_di_14_sft_3,0.009739727,98878,43503,55375,12.78,-5365.936013361309,-837.377811238628,a7c5a511f18bc4bc65b530c22aedd665cbba6e43036caf921c03925c9eff7340,30,0.0028139587957412004,27.59,0.8466210301110755,0.8466210301110755,0.8891397257283309,0.9190106236531227,0.9412876188626388,0.9618301284477392,0.9810200355133458,0.9979217198158615,1.0190128688700737,1.0450192674434529,1.058810921277162,1.0742911688063257,1.0911847805385138,1.1015803969982774,1.116042518325778
stdev_30 <= stdev_10_sft_1,0.009733056,98878,10822,88056,13.33,-772.8086237435054,-197.94242392561864,76cc05d7e847d59489f80a379ae9909f097acc0055c98dd465d85c99099ff3c8,18,0.009934262372553349,24.52,0.9186560035463618,0.9186560035463618,0.9816013830220436,1.0078973136376623,1.0358305483232622,1.0633198221380356,1.0968769265092335,1.1029081614370155,1.1041339179759306,1.0770113430653312,1.062985454546926,1.0755607031178247,1.0932184064547257,1.0990675932582556,1.0985161874435578
rsi_14 >= rsi_2_sft_1,0.009732981,98878,49969,48909,12.74,-6564.108796012789,-990.8424650908055,9c5304fe9d592b70a0c6b3286ed47e7bf2dda0b94ec7966217da111653dec0de,30,0.0018151069525629282,27.53,0.8418467952745694,0.8418467952745694,0.8882546981532966,0.9264138982284633,0.9407081385584665,0.9533228027488589,0.9676593641876652,0.987099371843817,1.0031411359280284,1.0256557167858253,1.037282258336332,1.0554401906253847,1.0680836080499605,1.0812124944052521,1.095445353985803
rsi_10 <= 14,0.009728789,98878,263,98615,18.63,7.8656439672922716,-8.821358018089086,64f5e1bb8a7d01ed3bc711ef82f8836c32f34a4dc5e2cbccb6c4442736ec4dbc,4,0.0,0.0,1.0280954515943521,1.0280954515943521,0.8901274149924407,0.8418761017520668,0.7936552294825321,0.8089060716853742,0.840152719702651,0.775053646832791,0.8187503691077646,0.8660599990044604,0.877081856519132,0.8209915736116012,0.7931350320185705,0.8009055890506127,0.7800260988298848
rsi_2 <= 6,0.009720767,98878,7962,90916,13.5,368.9971232855628,-114.15609441191191,64f5e1bb8a7d01ed3bc711ef82f8836c32f34a4dc5e2cbccb6c4442736ec4dbc,30,0.006066540256142616,28.36,1.0659023372627077,1.0659023372627077,1.075814232991148,1.0569540459168028,1.0597516130520592,1.0499407209608482,1.0149468464754205,1.0138027852773563,1.0318030314289754,1.0321003099605561,1.042421053783758,1.066768297646761,1.0764984904093489,1.072754615544667,1.0892061723110256
rsi_10 >= rsi_2_sft_1,0.009670413,98878,49945,48933,12.73,-6526.865188515597,-996.882661250158,9c5304fe9d592b70a0c6b3286ed47e7bf2dda0b94ec7966217da111653dec0de,30,0.0005271060508675873,27.47,0.8434567222614843,0.8434567222614843,0.8906335829203845,0.9260831297579863,0.9402624258824669,0.9542779078544384,0.9693467663900862,0.9904212172245465,1.0075789533949941,1.0288625489093908,1.0406195024965352,1.0593220310369285,1.0740089562635065,1.0871283569623604,1.1023431205654923
minus_di_10 >= minus_di_14_sft_3,0.009670213,98878,43504,55374,12.78,-5024.379176880095,-835.5271621524444,a7c5a511f18bc4bc65b530c22aedd665cbba6e43036caf921c03925c9eff7340,30,0.005221302155405283,27.71,0.8553333698871374,0.8553333698871374,0.8950335127803254,0.9256196970658582,0.9480586193175726,0.9697492774471488,0.9846612079485566,0.9979046000620203,1.0187178324489101,1.046659549427135,1.0628248247949175,1.0801728119975362,1.0996024879577333,1.1065792400430832,1.1200660804112166
aarou_5 <= aarou_14_sft_3,0.0096484935,98878,54262,44616,12.71,-6425.9725521380315,-974.7424724570228,11ecda3140789fc7bb03c4e9ce6db1e36d26d05f5895e9047d4b04d8e05db454,30,0.005730978213250637,27.68,0.8580252014264117,0.8580252014264117,0.9269351288181588,0.9695520259984309,0.9850417742418954,1.0045880636616698,1.0260570333009988,1.0428874572938729,1.055317893706865,1.064045313133336,1.07998650606426,1.090912864097363,1.1134607589513088,1.1279740926248605,1.138856820753263
adx_10 <= adx_30_sft_1,0.009632389,98878,15712,83166,13.15,-3089.3819839541247,-346.8313282848103,234f8ad1c2baf91b95c9f1aef2798b533888ce55558d2a8e51c247014080fabc,30,-0.0027988669462502003,27.16,0.7869328132351199,0.7869328132351199,0.8246175691068821,0.8418070793479518,0.8746313629192018,0.9080082069315848,0.9416999547517054,0.96947673776641,0.994535929117226,1.0264120409316901,1.0419002590777957,1.050052117321178,1.055288165275678,1.0593820942807277,1.0617631359199187
minus_di_14 <= minus_di_5_sft_2,0.009598968,98878,45457,53421,12.76,-6862.11510596035,-933.0024496821425,6ead8d4aff114cb978d2a5e9b1dcb95b84dfa27fd6f0f40b385ac29b242b16ea,30,0.002426441991701722,27.56,0.81931028099827,0.81931028099827,0.8597085737914157,0.892174255202451,0.9206769448511752,0.9423714306649253,0.9621478762807555,0.985492326180473,1.0096598197856534,1.0255003408537318,1.041606165337771,1.0611868833175224,1.0766256900321851,1.089987135226774,1.1129412801962575
rsi_20 <= rsi_20_sft_3,0.009586185,98878,50093,48785,12.73,-4815.471290603829,-891.5955842623662,f60792ba6ac5baece5de7ac90117c85055d233a86016db65a9b1851d8a518ee9,30,0.007480219006538391,27.77,0.8780662172878027,0.8780662172878027,0.9149492303974042,0.9432490290036647,0.9650943039140683,0.9820457460368109,0.9930542416042275,1.0116981339582276,1.0311044675106347,1.0511143338288373,1.0672071343712954,1.0826765623433336,1.1098527756253933,1.1143856979717166,1.1220812279514598
sma_50 <= Low_sft_3,0.0095128715,98878,39042,59836,12.81,-2058.5325187033013,-482.7010354257727,984863a5cb13aec2699710705080435de7dea983a917ddee35d0db64a2bad484,30,0.0019912905991077423,27.55,0.9365322055146897,0.9365322055146897,1.0049465887792564,1.0639581813763455,1.1068891436591788,1.1338426581832182,1.163442721998039,1.1813323113586949,1.191782564010169,1.2088978400266566,1.227251106250088,1.2520277821281072,1.2694036111614744,1.287295260209943,1.315596801918245
aarou_20 <= 15,0.009507704,98878,26896,71982,12.93,-4748.822161731921,-645.0105277581242,da60be741621a42d93721696dcc6252cb06464cd161c4da151f0e18e03138794,30,0.018355954438447952,28.78,0.7869360540427808,0.7869360540427808,0.8290928062350341,0.86259307300382,0.8830637619701976,0.9042555909214551,0.9368362042984815,0.95718843854566,0.9822491795964731,1.0114202160717294,1.0439143032815668,1.0686437706109764,1.0960871744101945,1.1141672289603655,1.118435172010037
rsi_30 >= rsi_14_sft_3,0.0095029455,98878,51232,47646,12.72,-8871.174475286865,-1084.6569074420258,9c5304fe9d592b70a0c6b3286ed47e7bf2dda0b94ec7966217da111653dec0de,30,0.004010171629488468,27.62,0.7994798576471792,0.7994798576471792,0.8489333425515595,0.8865870309917662,0.9233699736561779,0.9473201353743632,0.9723802821515132,0.9961724671005819,1.0205835077558876,1.039069466730563,1.058585710592474,1.0729296312195113,1.0870288216913775,1.1106379897862786,1.1334626445352984
stdev_14 >= stdev_5_sft_1,0.009497099,98878,86862,12016,12.53,-11079.990990581155,-1690.0798679766594,a092dbfa6dbefd1d342d1a211503f33f5c7745cd5359e4d4115f2b75459bc7b9,30,0.00726825837045908,27.57,0.8462358210579746,0.8462358210579746,0.9016641389770508,0.937958772111877,0.9664215690304127,0.9941052615448133,1.0201101074065182,1.0383345352275297,1.0522709364175171,1.0697580407710041,1.085931590772773,1.1010774818932636,1.1127925069593263,1.123736001610219,1.1373814510031948
plus_di_5 <= plus_di_30,0.009492083,98878,58849,40029,12.68,-7698.18105286107,-1170.8920481376917,bd972efc927c87708f479b3c989a305bfeb89b6aa0381d01606955fa59f6baca,30,0.00692262826487422,27.7,0.8387327915550713,0.8387327915550713,0.8790051914594155,0.9129780985319027,0.9361888773474022,0.9648786598824189,0.9857290338582827,1.0081902414593207,1.0340425415967496,1.0596801942214353,1.0796452025147787,1.1014168095291337,1.1179972753237637,1.1294309404930254,1.139110506034332
adx_20 >= adx_20_sft_3,0.009468652,98878,43755,55123,12.77,-4224.680273720581,-769.0530837635888,fd7b69234972b511c2e03a174ce4b77d38140d5e70cabc298bd88fa9bb05adbf,30,0.0021660844795405865,27.55,0.8846814395454563,0.8846814395454563,0.9495456299456658,1.000962734780172,1.0308887743306787,1.0439424359168321,1.0546032676317423,1.0741077028153059,1.0925774648903666,1.0971433623693196,1.1093803966487705,1.1191916262561323,1.136085632142091,1.149994728207332,1.1646538876107215
plus_di_5 <= plus_di_20_sft_2,0.009462862,98878,59306,39572,12.67,-7388.6763822394905,-1156.5621748601625,bd972efc927c87708f479b3c989a305bfeb89b6aa0381d01606955fa59f6baca,30,0.0033079301938414574,27.57,0.8477187903277422,0.8477187903277422,0.8841426818130625,0.9186559076972411,0.9372303103214229,0.9619586997285953,0.9856526416460099,1.0059250927691203,1.026715511230207,1.049638617925293,1.0664445509009186,1.0869839987243946,1.1065353897762897,1.1187362828398488,1.1284140146436095
plus_di_10 >= 22,0.009452459,98878,48476,50402,12.74,-5127.1269911584095,-828.9697787256664,4f583626fd6f59b1b2e0825c720b1d1aad3858951a5b50964ea86a5c13485b5d,30,0.004252338781952858,27.64,0.8821346281187611,0.8821346281187611,0.9408671773427056,0.9862002662719596,1.028784877665612,1.0525561182852887,1.0801929669453105,1.10340466234782,1.1273228187190525,1.1472177327575295,1.1685213201131965,1.181956553652929,1.193889633081085,1.2139286030811418,1.2239993956357118
rsi_20 >= rsi_2_sft_2,0.00942123,98878,50018,48860,12.73,-7367.188639484198,-1011.7949048475275,9c5304fe9d592b70a0c6b3286ed47e7bf2dda0b94ec7966217da111653dec0de,30,0.002746767131611705,27.57,0.8225557466691344,0.8225557466691344,0.8717008912453954,0.9015165459580502,0.9217109570564334,0.9364601789109831,0.9539351548368621,0.9717797432832567,0.9980493977643602,1.0109543098043718,1.027599452673882,1.0514726290965823,1.0606024605777262,1.0721480901224338,1.0912116155849527
rsi_2 <= 10,0.009405263,98878,12467,86411,13.23,128.01798074490534,-182.9790836031607,64f5e1bb8a7d01ed3bc711ef82f8836c32f34a4dc5e2cbccb6c4442736ec4dbc,30,0.005219052080065012,28.06,1.014412919671026,1.014412919671026,1.0533222537346445,1.0548017094450175,1.0430377950402991,1.0339091924396664,1.023353756608168,1.0294265131731148,1.049956654311841,1.0727612467407095,1.07862874273688,1.0925285322490206,1.0993926222396924,1.0946470056699378,1.1132715507494457
plus_di_30 >= plus_di_20_sft_2,0.0093970075,98878,54957,43921,12.7,-8372.029125937665,-1145.734419586377,e29890bc12ea37e8ab50982e55f5d20643af7c43a2ddc27569a065e219a2f597,30,0.01532995980232954,28.06,0.8197435087404854,0.8197435087404854,0.8784820329034185,0.9234351679567807,0.9582232983109691,0.9870275897351439,1.0134265817606338,1.031555199398193,1.0541366718536744,1.0747308651348675,1.0991906300742191,1.1215945755716157,1.1315863496623726,1.1503570568983286,1.1723510076955213
adx_10 >= adx_10_sft_2,0.009375908,98878,46499,52379,12.75,-4880.739336281386,-885.7629411320813,fd7b69234972b511c2e03a174ce4b77d38140d5e70cabc298bd88fa9bb05adbf,30,0.0059658014215528965,27.73,0.8747668542488122,0.8747668542488122,0.9255685994508427,0.9825126302291607,1.0237471665577604,1.0355128862937069,1.0482979085260646,1.0612374346976443,1.0730041233407464,1.0843603884239432,1.0956197635392255,1.1088745713303065,1.1265127252664664,1.136492459390149,1.1491821313231123
stdev_5 >= stdev_10_sft_3,0.009370358,98878,26411,72467,12.93,-2919.647353267763,-507.97963997399347,a092dbfa6dbefd1d342d1a211503f33f5c7745cd5359e4d4115f2b75459bc7b9,30,0.0045342594385147095,27.78,0.8744535098949759,0.8744535098949759,0.9326564017222098,0.9942905796388836,1.0418231928698805,1.0556288492097339,1.0570092355717529,1.0754898689515646,1.0981631088486503,1.1155213810812963,1.1306697399638672,1.1393510855156783,1.1484078097399597,1.1677581545181823,1.1952174424745847
adx_14 <= adx_20_sft_1,0.0093565965,98878,20101,78777,13.03,-3458.4994983399083,-440.1014873601598,234f8ad1c2baf91b95c9f1aef2798b533888ce55558d2a8e51c247014080fabc,30,-0.0024049903731793165,27.23,0.8098117786945951,0.8098117786945951,0.8577516725958185,0.8883731208189976,0.9153011526584002,0.951544757268717,0.9822290593724439,1.0119317679526927,1.034290504172826,1.0536594208498569,1.0588597391630106,1.062876676188581,1.0701990042462377,1.0761386682971046,1.0822098044953128
adx_14 <= adx_30_sft_1,0.009335504,98878,18736,80142,13.06,-4032.5384779933584,-482.01788765021047,234f8ad1c2baf91b95c9f1aef2798b533888ce55558d2a8e51c247014080fabc,30,-0.0016240434488281608,27.3,0.770137459822377,0.770137459822377,0.8120830307836038,0.8388865063382804,0.855462791432519,0.890971148001496,0.933191551548233,0.9713535857325444,1.0002808545485344,1.027613419809264,1.0445502912570623,1.0519474135168911,1.0600593806890102,1.0674482692780385,1.0750528982146754
minus_di_10 <= 5,0.009329109,98878,2431,96447,14.36,-502.055434040376,-53.29533256614377,cee77ee220a5e77fe95d20a730179fabcb0f2e40106664424787bbccffac6b44,8,-0.0009288775618188083,16.87,0.8685056394850786,0.8685056394850786,0.9223378715838039,0.9435761827078286,0.9392338355167238,0.8719399741217931,0.8083343810448693,0.7667426576357999,0.7402419016062078,0.7706397540564909,0.8075006589250646,0.8595427158193891,0.8710373069434627,0.8540341040839897,0.8341581121997436
rsi_14 <= 18,0.009316652,98878,261,98617,18.39,3.892056101351045,-7.417108075394935,64f5e1bb8a7d01ed3bc711ef82f8836c32f34a4dc5e2cbccb6c4442736ec4dbc,4,0.0,0.0,1.0149908738237747,1.0149908738237747,0.8628020177443465,0.8369413944957939,0.8695418620930768,0.8763945471201341,0.87806866454832,0.8408591507549182,0.9185888628264377,0.952796106347104,0.9507748992711271,0.9042818164042744,0.842479576538111,0.8360614642265843,0.8284094605979293
atr_20 <= atr_14_sft_2,0.009308775,98878,40783,58095,12.78,-4569.131059798328,-720.9874512363458,6c56a6e37fe7066fac040219b9e7cfe2398571a456467cde7a8327153ebc94da,30,-0.008557124994695187,26.99,0.8686867818878975,0.8686867818878975,0.9099500035087966,0.9513411253681856,0.9783563107001383,1.004429761490597,1.0306447934264558,1.0548726422245311,1.0768949346364844,1.0976464943656192,1.118761435656465,1.134481302788462,1.1607180285960388,1.1847343326723256,1.208131840431305
plus_di_20 >= plus_di_14_sft_1,0.009278983,98878,53697,45181,12.7,-7850.266059203231,-1090.7295539852785,e29890bc12ea37e8ab50982e55f5d20643af7c43a2ddc27569a065e219a2f597,30,0.009777084924280643,27.85,0.8250047512795994,0.8250047512795994,0.8713417732632128,0.9070955838912453,0.936609691093568,0.961503970973292,0.9911468139015278,1.010674666935961,1.0353719115314646,1.060166604052249,1.0831123353754917,1.1047030825851154,1.1171623304339495,1.1301573786873178,1.1564818620863657
willr_14 <= -1,0.009220762,98878,94014,4864,12.49,-13118.946170499363,-1846.6501533865012,c087f74a8ef9fdefe2bfbfe4c42e7c177e68996d73089fae9a8de15f5638210d,30,0.004393193870782852,27.49,0.8328198930512197,0.8328198930512197,0.8840087645032311,0.9219691075492186,0.9472867225342455,0.9710109168578065,0.9923798652985523,1.011097421400873,1.0267983576538224,1.0434496534992674,1.0588416477715141,1.075295650006357,1.0895027612593318,1.1008072497322863,1.1112323690318529
minus_di_20 <= 20,0.009216842,98878,39865,59013,12.79,-5508.57743177946,-682.8193931832066,cee77ee220a5e77fe95d20a730179fabcb0f2e40106664424787bbccffac6b44,30,-0.029196370393037796,25.86,0.8521812458008778,0.8521812458008778,0.9091263726590434,0.9554659850613582,0.9886412727028588,1.0112354451923489,1.026842476353702,1.0339608943042609,1.0392391859417964,1.0400367507756707,1.0440402917241995,1.044419931044901,1.0530001282820725,1.0631438700648626,1.070996612285303
minus_di_5 <= 2,0.009208888,98878,2503,96375,14.3,-38.185206241498236,-32.09806164967449,cee77ee220a5e77fe95d20a730179fabcb0f2e40106664424787bbccffac6b44,12,-0.0027218847535550594,19.34,0.9884858845641092,0.9884858845641092,1.0362156658324146,1.1043094364595942,1.1379515025221574,1.1699575314547133,1.1281333230811277,1.0729991471766733,1.0543519260338743,1.063414173711175,1.08953928765693,1.1167352734644858,1.119511760988031,1.1105437254994166,1.0795027912768347
plus_di_10 >= 21,0.009185256,98878,52096,46782,12.71,-5638.537218796846,-896.1542793409026,4f583626fd6f59b1b2e0825c720b1d1aad3858951a5b50964ea86a5c13485b5d,30,0.004552400205284357,27.64,0.8785759213367683,0.8785759213367683,0.9378310954682813,0.9817775973886957,1.0212162274864685,1.0495439611296304,1.0746767691645014,1.097629639416697,1.1204996786356878,1.1407363042080947,1.158965822748162,1.1698185969086854,1.1818392928740753,1.1986033376657237,1.211827272683265
rsi_10 <= rsi_10_sft_3,0.009167837,98878,50011,48867,12.72,-4455.8340691429,-873.0592673411957,f60792ba6ac5baece5de7ac90117c85055d233a86016db65a9b1851d8a518ee9,30,0.00745760090649128,27.77,0.8875881560006511,0.8875881560006511,0.9284143376414079,0.9577111585979057,0.9767165733491656,0.9925886251297611,1.0015976489225662,1.0171044635015944,1.0328483966679638,1.0517535486612202,1.0683105347224475,1.0830550151400982,1.1079042179759622,1.1090432667793046,1.1169437380200198
plus_di_10 >= 20,0.009166322,98878,55916,42962,12.68,-6081.113332789624,-965.4042345008565,4f583626fd6f59b1b2e0825c720b1d1aad3858951a5b50964ea86a5c13485b5d,30,0.006761901080608368,27.71,0.8771395542776043,0.8771395542776043,0.9414343853849372,0.9855900962170294,1.0241873325699873,1.0566636722649594,1.083037051478303,1.1056598629419336,1.129489965921463,1.1517849904928146,1.166081504020595,1.1749283522318201,1.1881487928826968,1.2028677862295076,1.2163498898872687
willr_14 <= -2,0.009162678,98878,93467,5411,12.49,-12992.48967993497,-1834.0971802783606,c087f74a8ef9fdefe2bfbfe4c42e7c177e68996d73089fae9a8de15f5638210d,30,0.004986906424164772,27.5,0.833360606899804,0.833360606899804,0.8836413828183253,0.9207023532299903,0.9450399289603514,0.9698732167515699,0.9904688909626324,1.0090078345997233,1.0251254717335667,1.042481813548345,1.058664618818906,1.0751853172773882,1.0899818833593888,1.1009434192642398,1.1115627240853532
minus_di_10 <= 14,0.009159996,98878,21475,77403,12.99,-1371.2116456184303,-321.0390626988519,cee77ee220a5e77fe95d20a730179fabcb0f2e40106664424787bbccffac6b44,30,-0.025932617485523224,25.25,0.9346289733863118,0.9346289733863118,0.9909073718787068,1.0390836343601728,1.081273415958397,1.0948888943073525,1.1107871507691711,1.1079366253553966,1.0998785079555196,1.0916233931850192,1.0998955812012308,1.1060306309828962,1.1125207658728637,1.1265637007467781,1.1372341369109122
plus_di_30 >= plus_di_14_sft_3,0.009116085,98878,56674,42204,12.68,-7814.377041757307,-1080.1740994586798,e29890bc12ea37e8ab50982e55f5d20643af7c43a2ddc27569a065e219a2f597,30,0.015297847799956799,28.03,0.8340557621345124,0.8340557621345124,0.8856604824115534,0.926181661372718,0.9620743266415446,0.9883896612423502,1.0148037460018287,1.0356442928491771,1.0599118552520423,1.0865813302520353,1.1103521893253865,1.1310425996515538,1.1434438079794484,1.1690057451642981,1.187593335514339
rsi_14 <= 17,0.009065222,98878,212,98666,18.87,-22.418802555301227,-8.573358114081202,64f5e1bb8a7d01ed3bc711ef82f8836c32f34a4dc5e2cbccb6c4442736ec4dbc,4,0.0,0.0,0.9050850530163034,0.9050850530163034,0.7601419011308099,0.7995819223541611,0.8246070978620387,0.8220008216967298,0.8419636183519117,0.7961534088541201,0.8038420280184976,0.8600218001889358,0.8719959245708653,0.84375251274522,0.7876542974267633,0.7914252990849736,0.7802528339677935
bb_upper_2_20 >= bb_upper_2_20_sft_2,0.009061992,98878,46524,52354,12.74,-5296.744225987946,-887.1286425556609,2b12f1a24b5e2be255bd7327d40ce3105a7cd48cdc1cc2d1ac037ab6015a19a3,30,0.002520934911444783,27.56,0.8687361139572843,0.8687361139572843,0.9352009707413789,0.9827132252337786,1.02701920627323,1.054849915459329,1.078103671155465,1.0980541993609747,1.1138414801068268,1.1266372488334613,1.137511741069158,1.1404231478654776,1.150522305423093,1.1685116116967262,1.1868106285940747
bb_lower_2_20 >= Low,0.009057213,98878,11040,87838,13.26,-1308.4824430668086,-247.7518350287355,4e26baca5a6303a13016cf43f2fb7e5c7be993260b396d0848e5bc87608a1ef6,30,0.0006533900159411132,27.53,0.8531494389990012,0.8531494389990012,0.8676398037156282,0.8914899878664204,0.8995683022747459,0.8905815287074487,0.898395408943299,0.9053497323740765,0.9108385920779892,0.9129113783694188,0.9175246463200502,0.9375994150018904,0.9480812559466516,0.9382192418611203,0.9506756840446665
rsi_10 <= 13,0.009024563,98878,206,98672,18.93,22.11043253762182,-6.018458063917932,64f5e1bb8a7d01ed3bc711ef82f8836c32f34a4dc5e2cbccb6c4442736ec4dbc,4,0.0,0.0,1.1078529197201148,1.1078529197201148,0.9252505633736317,0.8909570115093965,0.8775456700509914,0.8872908651346733,0.9063536565290535,0.8814239382533818,0.932371667057462,0.9505180909025469,0.9533373741737848,0.9018359459991536,0.8541933409067973,0.8504286828326163,0.821171796049535
mema_50 <= Low_sft_3,0.009020377,98878,36991,61887,12.8,-2069.6295123171585,-502.58755108852347,f2e93f04b3d2a46ee10823902064b64ae41106b8f01252b29032fe26a3290c3e,30,0.0074398210272192955,27.87,0.9331875981582798,0.9331875981582798,1.0019210999968264,1.0645665302751057,1.114220197196243,1.147204975631778,1.1802165349515026,1.2028499882391737,1.22111806021369,1.2361279294689644,1.2520180463637733,1.2766183273203964,1.297427084364483,1.3110198818768881,1.3411126963794817
plus_di_10 <= plus_di_20_sft_3,0.009005601,98878,59179,39699,12.66,-7772.79537764291,-1194.9578455545488,bd972efc927c87708f479b3c989a305bfeb89b6aa0381d01606955fa59f6baca,30,0.006766994949430227,27.69,0.839506746435082,0.839506746435082,0.8820978329129469,0.9122658375409844,0.9342273194178989,0.9583429959856051,0.9837728929554685,1.0046682406445233,1.0280830114159627,1.052762224086768,1.0682207089502147,1.0886547478819908,1.1109228566514506,1.120561577571121,1.130172947967758
willr_14 <= -3,0.009004248,98878,92878,6000,12.49,-12885.458467189736,-1821.2872550010507,c087f74a8ef9fdefe2bfbfe4c42e7c177e68996d73089fae9a8de15f5638210d,30,0.002724100835621357,27.48,0.8334407424811704,0.8334407424811704,0.8833005528078528,0.920104370798578,0.9447043985260519,0.9696448948120764,0.990111532169128,1.0088190171975686,1.0249199485213953,1.041369874222227,1.0573382829263018,1.0739551999545385,1.0892379847236549,1.09956238654717,1.110121841829952
mema_20 >= mema_50,0.0089801885,98878,46197,52681,12.73,-4375.011073495396,-722.9603779463578,da871536f9280a0159baee359a9496c73c67bcc656bfb6cada940a1228de3547,30,0.009369725361466408,27.89,0.8886751844108866,0.8886751844108866,0.9662963057115259,1.0314630243065452,1.080216877840397,1.1221138144612166,1.1606341831541802,1.1971862338818284,1.2260062210911906,1.2530315029930956,1.2754358564286694,1.2921730995054213,1.3114702435526677,1.3331414822024739,1.3538452323208214
rsi_14 >= rsi_5_sft_1,0.008978307,98878,50342,48536,12.71,-7476.386480360973,-1017.6302327278463,9c5304fe9d592b70a0c6b3286ed47e7bf2dda0b94ec7966217da111653dec0de,30,-0.0017376099713146687,27.37,0.824720831917432,0.824720831917432,0.8768026048650449,0.9092285453504375,0.9257412775086572,0.9452330173965278,0.9615738633616777,0.9788811803432014,0.9965665019415633,1.0172692253410898,1.0360910974526931,1.0559771725966325,1.069691111280163,1.0806593689095072,1.1007411905275668
plus_di_10 >= 23,0.00894106,98878,44892,53986,12.74,-4719.6541932307155,-771.8204641444318,4f583626fd6f59b1b2e0825c720b1d1aad3858951a5b50964ea86a5c13485b5d,30,0.0036153183318674564,27.62,0.8840336975479341,0.8840336975479341,0.9420752156565902,0.9885440722669672,1.031646286446656,1.0610991171083566,1.0844831949766018,1.1051207887056185,1.127056282627848,1.1427788131822532,1.1652055548433058,1.1816539924386265,1.1958736880785108,1.218446696919054,1.230435597656894
stdev_20 >= stdev_20_sft_2,0.008854783,98878,46720,52158,12.73,-5692.658289763455,-906.0369006132532,a092dbfa6dbefd1d342d1a211503f33f5c7745cd5359e4d4115f2b75459bc7b9,30,0.0005778081831522286,27.47,0.8569182903647542,0.8569182903647542,0.9161895392296784,0.9604631203764137,0.9973449028628715,1.0219016239518939,1.0378614049939094,1.048186478131986,1.0615901103326257,1.0769632688997344,1.093887349565213,1.1011512400920018,1.116473240306649,1.131235094755203,1.1539200080046308
minus_di_14 <= 18,0.008843751,98878,32824,66054,12.83,-3828.131325504173,-551.7175133737182,cee77ee220a5e77fe95d20a730179fabcb0f2e40106664424787bbccffac6b44,30,-0.03140411525964737,25.46,0.8778325741771961,0.8778325741771961,0.9382948600109808,0.9830522207359058,1.015878523886378,1.0332755256011295,1.0424252840405586,1.0488805826603256,1.0498958545062627,1.039992701150673,1.037782815226794,1.0361591632908107,1.0434196494966348,1.0509239962879056,1.0570116757926247
willr_14 <= -4,0.00884298,98878,92233,6645,12.5,-12609.967046922004,-1793.693790074416,c087f74a8ef9fdefe2bfbfe4c42e7c177e68996d73089fae9a8de15f5638210d,30,0.002146754879504442,27.47,0.8354037193282194,0.8354037193282194,0.885229098772454,0.921382435685503,0.9450779024579975,0.9694142367395533,0.9898364611835051,1.00821020640397,1.0234052457130813,1.0393594455125137,1.0550882520140188,1.0714544235311172,1.0871368073565066,1.0972218390018877,1.1082740996523552
aaro_5 <= aaro_30_sft_2,0.008840499,98878,50489,48389,12.7,-5756.394182601394,-906.2535602895441,03178e4886fc07979b0c314ad9c68ba2f86b07645c5f6bfdb6bc96b9669a3c24,30,-0.005924431141465902,27.19,0.8596742129687354,0.8596742129687354,0.9046545682273819,0.9439725265073636,0.9609440384797387,0.9766322885111858,0.9987253151353651,1.0222580520420135,1.0332006642487985,1.0427791443178798,1.0617721873513983,1.0809347815019046,1.0967850584003933,1.1158202026598762,1.1297856268086692
sma_50 <= Low_sft_2,0.008810317,98878,39300,59578,12.78,-2195.5652687563997,-489.4634860679507,984863a5cb13aec2699710705080435de7dea983a917ddee35d0db64a2bad484,30,0.0019516736501827836,27.55,0.9333687118301978,0.9333687118301978,1.0112686130600002,1.0689479422899437,1.1132518939481229,1.1408704251794934,1.172299697767578,1.1946013075668163,1.2029519798475234,1.2209870275936745,1.2335133936596683,1.2551241545214522,1.279312551063515,1.2943347479954186,1.3190603335685855
rsi_14 >= rsi_5_sft_2,0.008754159,98878,50452,48426,12.7,-8108.997701857148,-1046.6654091138844,9c5304fe9d592b70a0c6b3286ed47e7bf2dda0b94ec7966217da111653dec0de,30,0.00020327081438153982,27.45,0.811402534649644,0.811402534649644,0.8560893508709455,0.8874256523725458,0.914298056733615,0.933964991788288,0.9538280079695682,0.971999276739715,0.991629417585865,1.0094790981343231,1.0290886821514302,1.0506309423977909,1.0614307348151855,1.0773344426177816,1.0999255609677794
plus_di_20 >= plus_di_10_sft_1,0.00873888,98878,56707,42171,12.67,-8313.49318610613,-1171.1436835777058,e29890bc12ea37e8ab50982e55f5d20643af7c43a2ddc27569a065e219a2f597,30,0.00924773421138525,27.8,0.8240423605463024,0.8240423605463024,0.8740926783726641,0.9082987021904397,0.9405963999574158,0.9613629755965138,0.9864441667731148,1.0119673513871645,1.0376241647191857,1.063569711428711,1.0860990455911297,1.105390519626978,1.1197786291215406,1.13282064880555,1.1578195388311805
rsi_30 >= rsi_2_sft_2,0.0087338835,98878,49923,48955,12.7,-7407.52755486182,-1013.6867447865225,9c5304fe9d592b70a0c6b3286ed47e7bf2dda0b94ec7966217da111653dec0de,30,0.003203296335414052,27.59,0.8201795847707609,0.8201795847707609,0.8680041080268502,0.8998507841107699,0.9206858635858113,0.9380109906157245,0.9562621058125933,0.9757055136049709,1.000843435155732,1.0119010450046704,1.0257894686617772,1.0468718852109535,1.057318773013674,1.0689596381618396,1.0877819541923759
rsi_14 >= rsi_2_sft_2,0.008699545,98878,50000,48878,12.7,-7166.86104528626,-1004.2972240517847,9c5304fe9d592b70a0c6b3286ed47e7bf2dda0b94ec7966217da111653dec0de,30,0.0002961737918667495,27.46,0.8278943187345629,0.8278943187345629,0.8738812593504859,0.9026142843549556,0.9186914080037032,0.9341177304413237,0.9503777136141011,0.9699004332813058,0.9946860516778271,1.0066040929455249,1.0242954232413988,1.0491289881229862,1.0597071302232535,1.0715189388718456,1.0884125601907428
bb_upper_2_10 <= Close_sft_1,0.0086971,98878,1236,97642,14.97,9.06124753288168,-17.467543785591257,4aa098b95dabd7168bbfce38d1fe5bd4350fa2d5da10de71df5da0c41bf16fa2,30,0.0024031081702560186,28.4,1.0090955565154494,1.0090955565154494,0.9897841806389467,1.0884441343827373,1.1650889005691385,1.0550541793167054,0.9756201637058043,1.0086284011380686,1.0367619293119297,1.0586103059147292,1.1281622322378289,1.1292765337186699,1.1393692596804863,1.2027078151727901,1.281744299399194
plus_di_10 >= 13,0.008696328,98878,81230,17648,12.55,-10580.775172683476,-1508.7894074374344,4f583626fd6f59b1b2e0825c720b1d1aad3858951a5b50964ea86a5c13485b5d,30,0.013523250818252563,27.73,0.847892502049536,0.847892502049536,0.9075373652206657,0.948045078537544,0.9791617905471605,1.0063670586498914,1.0313237420801453,1.053830587469877,1.0723995904365402,1.088833024992824,1.1038090981027506,1.1190053791986454,1.1347220718012125,1.1485134189909276,1.1614221887515592
minus_di_5 >= 22,0.008676457,98878,45682,53196,12.73,-4363.828101467822,-887.5983828645549,a06e18f5f366aa3040f30d3f53c74e6c3d30e6b8f15e9282eabbaa7fe9dd85a0,30,0.023575466126203537,28.58,0.8746330756319689,0.8746330756319689,0.9276831415476233,0.9605117321143817,0.9905124182768039,1.0162791852838153,1.0351348707419061,1.0506169444178444,1.0680616838823445,1.0938068759484687,1.1173162081838306,1.1380210335950913,1.1590146985030059,1.1702653957530054,1.1899098472603353
atr_10 >= atr_10_sft_1,0.008671929,98878,37019,61859,12.79,-3160.3723699271077,-643.414921410571,532171b4b026df3b7d23c8264137467a8cc80a53ca41565a8c760a4fc7c55907,30,0.00665732566267252,27.83,0.902009756153466,0.902009756153466,0.9702563482550934,1.0097430808194259,1.0388232606320555,1.0665098330554266,1.0840913598714126,1.0979483391034608,1.1155695084221127,1.1300691105442369,1.1426348663071035,1.1535157758376222,1.164526220109134,1.1820753794808003,1.1939652089944315
aarou_10 <= aarou_20_sft_3,0.008670191,98878,58551,40327,12.66,-7161.688208600911,-1072.7051953201299,11ecda3140789fc7bb03c4e9ce6db1e36d26d05f5895e9047d4b04d8e05db454,30,0.0030769072473049164,27.56,0.8524910575229319,0.8524910575229319,0.9116361851786831,0.9565194040410879,0.9804602161123925,1.0031311043829148,1.026872561299818,1.051562353419146,1.0633647623732372,1.0759930589860884,1.0875799086995377,1.1005776180941675,1.117294748454788,1.1296656530786628,1.1361396548354916
aaro_5 <= aaro_30_sft_3,0.008650461,98878,50377,48501,12.7,-5746.284085578667,-906.1448362499505,03178e4886fc07979b0c314ad9c68ba2f86b07645c5f6bfdb6bc96b9669a3c24,30,-0.00575467012822628,27.19,0.8589505401315272,0.8589505401315272,0.9078608488322272,0.9504859573675747,0.9658728982717856,0.9827442358872166,1.0027691003774901,1.0257648479996098,1.03620414358413,1.0434442688626373,1.0618611264258264,1.0821019559924194,1.0977271567758393,1.1139441580097724,1.1261696231404814
adx_10 >= adx_10_sft_3,0.008639495,98878,46129,52749,12.72,-4969.302461013743,-877.6953714115953,fd7b69234972b511c2e03a174ce4b77d38140d5e70cabc298bd88fa9bb05adbf,30,0.007265441119670868,27.79,0.8714423613913255,0.8714423613913255,0.9301041643293619,0.990020776604236,1.0252801192246004,1.0415788701861488,1.05285286869938,1.0634502206972472,1.0766840361756391,1.0931957577819698,1.1035232207236982,1.11840368764573,1.1372392473788047,1.1479818172074583,1.1573749047796729
aaro_14 <= -85,0.00863255,98878,10057,88821,13.26,-849.7085175114603,-185.63013965547725,87b58f9896252e251c68e9159d326bea7ed912172d4942a46db4a6bfa531cebe,30,0.004038653336465359,27.98,0.8840615777362735,0.8840615777362735,0.9066714336612809,0.92688784151681,0.9367421447817718,0.9792973501954768,1.0000640543996178,1.0040707221606162,1.0054514760032296,1.0256588938931739,1.0335013951859109,1.0361169216807573,1.078000414378671,1.111754818835559,1.1522514269718607
atr_30 <= atr_20_sft_3,0.008618288,98878,38307,60571,12.78,-5317.744262808763,-731.8888186611366,6c56a6e37fe7066fac040219b9e7cfe2398571a456467cde7a8327153ebc94da,30,-0.01922919973731041,26.37,0.8396980636226565,0.8396980636226565,0.8883596248599476,0.920809465929968,0.9486602714072793,0.97255108713006,0.9993322193538184,1.0219244380167445,1.0491208613883645,1.0762282691149359,1.1012392588111823,1.1193462605224156,1.1436458279074815,1.1613618841220161,1.1787906445611145
adx_14 <= adx_30_sft_2,0.008607423,98878,19403,79475,12.99,-4172.122584988093,-496.6829325702347,234f8ad1c2baf91b95c9f1aef2798b533888ce55558d2a8e51c247014080fabc,30,-0.0025189772713929415,27.22,0.7688252244977103,0.7688252244977103,0.8078907778221033,0.8328444656551935,0.8520326141859614,0.88628646970554,0.9284227607777512,0.9648440574522119,0.9942733452402706,1.019928312152696,1.0400187750489485,1.0475396363191312,1.0524524032530735,1.0589583551803208,1.0648395379840103
day_of_month >= 4,0.008602199,98878,88739,10139,12.51,-10212.888020925944,-1708.3850939072,666161afb56bd50fe398018469fe957621e37839d10a56fca5818303205ef700,30,0.004157018382102251,27.51,0.8629934459847459,0.8629934459847459,0.9187221436449189,0.955980756785494,0.9823943668680164,1.0056341438034384,1.0264030419983703,1.0417221890179922,1.0555756483621164,1.0702040388256255,1.0829211864011823,1.0952580768118008,1.1075942814765092,1.118178964609292,1.1296010554634506
plus_di_5 <= plus_di_14_sft_3,0.008557498,98878,58509,40369,12.65,-7250.943739021041,-1149.3453125133383,bd972efc927c87708f479b3c989a305bfeb89b6aa0381d01606955fa59f6baca,30,0.0013946002582088113,27.5,0.8480974606304751,0.8480974606304751,0.888593842106648,0.9183110224206594,0.9373441488865489,0.9592618041230754,0.9785353342628392,0.9971492890628433,1.0126558566389952,1.027215726832776,1.0457393362389924,1.067078901520035,1.087694387866498,1.0996117140179809,1.107975793965865
minus_di_5 >= 24,0.008535288,98878,40225,58653,12.76,-3601.0120820765887,-795.0666999409586,a06e18f5f366aa3040f30d3f53c74e6c3d30e6b8f15e9282eabbaa7fe9dd85a0,30,0.02381902188062668,28.73,0.8814020297191312,0.8814020297191312,0.9301216622272477,0.962818719810772,0.9947144240934556,1.0261345976019756,1.0461287541459825,1.0638202864133606,1.0798255508299357,1.1061722847425064,1.1306032933109877,1.150050391496892,1.168422025973629,1.1806998763920835,1.199411406105917
willr_14 <= -17,0.008508119,98878,81159,17719,12.55,-10412.762803269874,-1581.1800902662653,c087f74a8ef9fdefe2bfbfe4c42e7c177e68996d73089fae9a8de15f5638210d,30,0.002775544533506036,27.5,0.8427533660762785,0.8427533660762785,0.8895833811345844,0.9216303575902802,0.9372262743661223,0.9552219450337864,0.9736865560685347,0.9928735595205744,1.0092270357700277,1.0257083347254188,1.042986554031566,1.0588594362258466,1.0733423949315672,1.082243576288117,1.0901937757003182
plus_di_10 >= 12,0.008500105,98878,84210,14668,12.54,-10982.437241958673,-1576.4651133766383,4f583626fd6f59b1b2e0825c720b1d1aad3858951a5b50964ea86a5c13485b5d,30,0.012409688904881477,27.68,0.8470583411120669,0.8470583411120669,0.9029200391017104,0.9423646059430232,0.9731509326816069,1.0003973548185563,1.0255483417403064,1.0469061024506752,1.0642187735752136,1.0814746362772871,1.0969294923844564,1.1110742709470607,1.1261721728691902,1.1401144978893716,1.1532648138827402
rsi_20 <= 24,0.00849139,98878,412,98466,16.75,57.74573324283119,-7.6769080456506344,64f5e1bb8a7d01ed3bc711ef82f8836c32f34a4dc5e2cbccb6c4442736ec4dbc,4,0.0,0.0,1.1678431308153618,1.1678431308153618,1.0870243369240207,1.0154060445861444,1.0446974588834879,1.103628104654832,1.114291198880406,1.0656303467066415,1.0999634309844206,1.1197901613146053,1.104308001888057,1.0356384987582665,0.992822927187145,0.9471656649417698,0.9133732549996207
adx_10 <= adx_14,0.008491209,98878,16790,82088,13.04,-3569.6553628152615,-352.14656838927476,234f8ad1c2baf91b95c9f1aef2798b533888ce55558d2a8e51c247014080fabc,30,-0.0012075394624844193,27.33,0.7721057421633245,0.7721057421633245,0.8162847043998619,0.8486656742144348,0.8847041981555179,0.9268966605588042,0.9545001745888453,0.9777491136883019,1.005766879975723,1.0257820770724597,1.0357298160345436,1.052626317458241,1.0701766159839063,1.0789854760186715,1.0977632939348818
stdev_20 >= stdev_10_sft_3,0.008433905,98878,83994,14884,12.54,-11478.244772895403,-1636.9392807375261,a092dbfa6dbefd1d342d1a211503f33f5c7745cd5359e4d4115f2b75459bc7b9,30,0.007029039319604635,27.58,0.8363640519040827,0.8363640519040827,0.8934943857642472,0.9346918456508317,0.9673608659257125,0.9921473279409705,1.0161981219987433,1.0359921457094508,1.0538273128681288,1.072738099946849,1.090097314433599,1.1044464859087622,1.1190098961812893,1.1323372930106166,1.1482631791982845
rsi_30 >= rsi_20_sft_2,0.00842782,98878,51212,47666,12.69,-8687.944018158782,-1079.1240766557967,9c5304fe9d592b70a0c6b3286ed47e7bf2dda0b94ec7966217da111653dec0de,30,0.001356244320049882,27.5,0.8053014115716558,0.8053014115716558,0.8581107846494517,0.890229167209286,0.9162332506133908,0.9426549955147293,0.9657588875251585,0.9893277229617277,1.0153016806614727,1.0338749773337848,1.0550173145306716,1.0717612943013373,1.0806818769965074,1.0987953588142136,1.1183688478482274
aarou_5 <= aarou_14_sft_1,0.008416118,98878,60558,38320,12.64,-6799.468990747278,-1093.8701323596833,11ecda3140789fc7bb03c4e9ce6db1e36d26d05f5895e9047d4b04d8e05db454,30,-0.00037689341115765274,27.43,0.8657574342677388,0.8657574342677388,0.9259769046435361,0.9650443942777306,0.9918538558599285,1.0091080131515213,1.028047277879926,1.0473202787183478,1.0617556475470833,1.0714959512304154,1.0846740878732382,1.0963883604121316,1.111020118320706,1.130281399848387,1.1411426937127302
plus_di_5 <= plus_di_30_sft_3,0.008405666,98878,59022,39856,12.65,-7533.710646159675,-1168.5435519030361,bd972efc927c87708f479b3c989a305bfeb89b6aa0381d01606955fa59f6baca,30,0.005472990684211254,27.65,0.8421712063943326,0.8421712063943326,0.8831663293395905,0.9177870490387036,0.9395466798955864,0.9677036020915161,0.9925070305748865,1.0143593434443001,1.0337731644098855,1.054976266574402,1.072310258144814,1.0945771304783045,1.1119862654092696,1.12258647347414,1.1310187385496893
minus_di_5 >= 23,0.008401139,98878,42874,56004,12.73,-3987.261967241023,-841.3462582208522,a06e18f5f366aa3040f30d3f53c74e6c3d30e6b8f15e9282eabbaa7fe9dd85a0,30,0.023930169641971588,28.67,0.8772802028839274,0.8772802028839274,0.9242903884997585,0.9575864763944846,0.9860347974158394,1.015799808767884,1.034862919178232,1.0529914106950586,1.068953163295266,1.0958137460504644,1.119470667296321,1.1404926189016056,1.162428975358381,1.1731277482351066,1.1920611319569367
rsi_10 <= 12,0.008292824,98878,168,98710,19.05,12.598631156957708,-5.570958065072772,64f5e1bb8a7d01ed3bc711ef82f8836c32f34a4dc5e2cbccb6c4442736ec4dbc,4,0.0,0.0,1.0693117977792646,1.0693117977792646,0.9363980803217911,0.8879191674671014,0.8429766077018139,0.8533744349401401,0.8920556470064682,0.8620340623322882,0.904082202231875,0.9414337817796694,0.93603043210003,0.875662727068673,0.8201506652272976,0.8089552323532926,0.795871820679444
willr_14 <= -21,0.008278426,98878,77808,21070,12.56,-10186.11718473319,-1545.2085979911717,c087f74a8ef9fdefe2bfbfe4c42e7c177e68996d73089fae9a8de15f5638210d,30,0.0033566411584615707,27.52,0.8386900909577671,0.8386900909577671,0.8877414684402191,0.9190355230553708,0.9347028522910995,0.9495363008691157,0.9687669349359815,0.9881559597402021,1.0049957456374694,1.0229164403818707,1.0397240926469697,1.0547552021613966,1.0681603908550144,1.0752579771212,1.0821898637582588
adx_10 <= adx_30_sft_2,0.008271811,98878,16211,82667,13.03,-3195.582407091875,-359.43309621050867,234f8ad1c2baf91b95c9f1aef2798b533888ce55558d2a8e51c247014080fabc,30,-0.003985011018812656,27.04,0.7853823493372896,0.7853823493372896,0.8227594923420251,0.8427801747956555,0.8754397905161705,0.9105180533377453,0.9498581986609507,0.9808784221296104,1.0074870224892254,1.034048250506752,1.0496198694370713,1.0550116290859808,1.0575953520869554,1.061260590772388,1.0631455277262192
aaro_5 <= aaro_30_sft_1,0.008261989,98878,50710,48168,12.68,-5525.658147423968,-895.0839789503661,03178e4886fc07979b0c314ad9c68ba2f86b07645c5f6bfdb6bc96b9669a3c24,30,-0.0045036920346319675,27.25,0.8660835336278682,0.8660835336278682,0.9082696921495981,0.9473301014692761,0.963648908820775,0.9802883886614606,1.0029220686356435,1.0224032451680787,1.0337616856448344,1.045636124077785,1.0651327169104086,1.0807838535317558,1.1020441476074192,1.120230440805934,1.1365882139646932
minus_di_10 <= 4,0.008207684,98878,1552,97326,14.56,-535.9598638992757,-59.922155322179606,cee77ee220a5e77fe95d20a730179fabcb0f2e40106664424787bbccffac6b44,6,0.0017143369186669588,15.66,0.812417659930737,0.812417659930737,0.8788568066231965,0.8487113731652414,0.8273984922037355,0.7734188442836331,0.7041541456741663,0.6632098318010311,0.6483295645063158,0.6760110094270375,0.7354530405199117,0.7863522421197855,0.81014128067323,0.7962034406567449,0.768891040514813
plus_di_30 >= plus_di_5_sft_1,0.008175861,98878,58704,40174,12.64,-8266.217314886697,-1181.8770261344325,e29890bc12ea37e8ab50982e55f5d20643af7c43a2ddc27569a065e219a2f597,30,0.007232221309095621,27.71,0.8281586592466935,0.8281586592466935,0.8755516552868916,0.9077529288573012,0.9387531727786732,0.9613710691310872,0.9852424033956874,1.0115071463266834,1.0357272920424805,1.0629294969571925,1.0872628287394932,1.1025512589326563,1.1209763611704322,1.1287719933917226,1.1468425231886294
adx_10 >= adx_10_sft_1,0.00817525,98878,47179,51699,12.7,-4870.879281708837,-900.1041562898317,fd7b69234972b511c2e03a174ce4b77d38140d5e70cabc298bd88fa9bb05adbf,30,0.004118043463677168,27.64,0.8763778099977587,0.8763778099977587,0.9229766731406074,0.9747540292035156,1.021528341051045,1.0397487939089418,1.0518371314881343,1.0597547977018849,1.0775831239776328,1.0835289526455743,1.0989728532401686,1.1131855573799423,1.1237707713750626,1.1354382053430598,1.1489429706766412
sma_5 >= Open,0.008156367,98878,50458,48420,12.68,-6060.285911645493,-982.7572362567298,4e49187dd2ecfc8ed6f19c1bb32ee3b3851abe32a765f332ea6026515c0fc382,30,0.0007179678650572896,27.48,0.8538785743019702,0.8538785743019702,0.9047622520382339,0.9391132706363292,0.9567548800908311,0.9682674071971378,0.984291782985212,0.9985534767232747,1.0131610476773003,1.0324880496968714,1.046005912679837,1.0584799194743884,1.0704140716109993,1.0721633063713667,1.0914411601676606
stdev_14 >= stdev_10_sft_3,0.008079787,98878,72078,26800,12.58,-9431.403973709479,-1397.9001592468849,a092dbfa6dbefd1d342d1a211503f33f5c7745cd5359e4d4115f2b75459bc7b9,30,0.0026636607944965363,27.52,0.8439527038614183,0.8439527038614183,0.9031599963154661,0.9485514492009439,0.9763556296150355,0.9950366653532944,1.0153039709969494,1.0309930785462125,1.0567396747351077,1.0763280452061577,1.0951201271321065,1.1103371531621415,1.124813363394789,1.1380438086996236,1.1538326018598335
minus_di_30 <= 24,0.008072056,98878,61185,37693,12.63,-9172.273643395278,-1182.1691447414778,cee77ee220a5e77fe95d20a730179fabcb0f2e40106664424787bbccffac6b44,30,-0.025113746523857117,26.57,0.8304969975638797,0.8304969975638797,0.882864283960272,0.9210285995875223,0.9506445029470402,0.9771406185015812,1.00234795515272,1.023632693266699,1.0383902737183621,1.0516788632423666,1.0610774740671467,1.0707338458017885,1.0820859296594505,1.093130373375401,1.101988074419829
plus_di_10 <= plus_di_14_sft_2,0.00806694,98878,61469,37409,12.63,-7369.389134841292,-1180.022271573267,bd972efc927c87708f479b3c989a305bfeb89b6aa0381d01606955fa59f6baca,30,0.0002745498204603791,27.45,0.8533055542548513,0.8533055542548513,0.8905267936260318,0.9230359148228618,0.9434569366229805,0.9630471866143331,0.9847505493356746,1.0062880543224613,1.0251863825044512,1.0467939794894163,1.0616467534284622,1.079303679282648,1.0981124376341531,1.1106950268946105,1.116935281115151
willr_14 <= -22,0.008053249,98878,77048,21830,12.56,-9943.399770084394,-1524.584489801622,c087f74a8ef9fdefe2bfbfe4c42e7c177e68996d73089fae9a8de15f5638210d,30,0.003291052533313632,27.52,0.8404465246190916,0.8404465246190916,0.8896021919978001,0.9194487616330743,0.9360468040318302,0.9513197729898636,0.9701115056032517,0.9885377983826484,1.0059134340167333,1.0239731971521555,1.0400620451258613,1.0542520080805524,1.0673926520005552,1.0751009241576113,1.0819681932343073
minus_di_14 <= 9,0.008040249,98878,5391,93487,13.52,-1034.3001544460421,-78.5182189692132,cee77ee220a5e77fe95d20a730179fabcb0f2e40106664424787bbccffac6b44,30,-0.03239775076508522,21.42,0.8534074820654242,0.8534074820654242,0.8691827288699823,0.8929145452422166,0.9014574023494271,0.8795104486451175,0.8317320002561087,0.8000549698734589,0.7944809890312347,0.8215425702330953,0.8443304421236864,0.8993537438772539,0.9149164422905592,0.9219465495995592,0.9353181614424526
plus_di_5 <= plus_di_14_sft_2,0.008034088,98878,59798,39080,12.63,-7054.196184532852,-1155.7627464672478,bd972efc927c87708f479b3c989a305bfeb89b6aa0381d01606955fa59f6baca,30,-0.00030227730167098343,27.43,0.8557903134724922,0.8557903134724922,0.8930864551733347,0.9213486247233802,0.938378461688109,0.9598016355300028,0.9800656963886154,0.9996017162614818,1.0157994799302135,1.0327842077551934,1.0492006013183826,1.0700052878337165,1.0902233051733055,1.1035736731099572,1.1127255259942659
rsi_30 <= rsi_30_sft_3,0.007949145,98878,50018,48860,12.68,-4847.828123076204,-898.9403349088243,f60792ba6ac5baece5de7ac90117c85055d233a86016db65a9b1851d8a518ee9,30,0.005693279206752777,27.7,0.8762962710906598,0.8762962710906598,0.9158358059666598,0.9455527865089751,0.9702359191825797,0.9856493731947885,0.999836678809531,1.0178870159286464,1.034581405517321,1.0514823788793088,1.0668939741973185,1.0807685876332658,1.1053354947033929,1.1091214119736115,1.1164735817401175
stdev_20 >= stdev_10_sft_2,0.00793581,98878,83376,15502,12.53,-11666.891484325915,-1635.575796657984,a092dbfa6dbefd1d342d1a211503f33f5c7745cd5359e4d4115f2b75459bc7b9,30,0.005330338608473539,27.55,0.8327843743257598,0.8327843743257598,0.8880664814998942,0.9310868392338963,0.9644207808058242,0.9905249466359164,1.0151830623508284,1.034543829231792,1.0514968787902528,1.070174410870356,1.0875607391939113,1.1026870397865125,1.1160628957695236,1.1291581690044081,1.1453537814672434
willr_14 <= -23,0.007916827,98878,76222,22656,12.56,-9697.332942728277,-1502.1813931321449,c087f74a8ef9fdefe2bfbfe4c42e7c177e68996d73089fae9a8de15f5638210d,30,0.0035011176951229572,27.53,0.8423104355552028,0.8423104355552028,0.8910998169713438,0.921600297863028,0.9365040789706744,0.9519889068634069,0.9713366097553807,0.9905547620314069,1.0077797620497286,1.0259140504901885,1.0417369717638043,1.0548496187801852,1.0686932263223592,1.0764699056221196,1.0829028803618974
stdev_14 >= stdev_14_sft_3,0.007893557,98878,46685,52193,12.69,-5131.860297757652,-846.1029488899658,a092dbfa6dbefd1d342d1a211503f33f5c7745cd5359e4d4115f2b75459bc7b9,30,0.002693640301004052,27.57,0.8696715642793676,0.8696715642793676,0.9252105620491505,0.9690926924084192,1.000144834109675,1.0156764090118107,1.0289948193728191,1.0480876235338876,1.0691350233918449,1.0862988884224245,1.0968536300923235,1.1083418133831564,1.1268040279322444,1.1488690484787507,1.168340342843418
stdev_5 >= stdev_14_sft_1,0.00785937,98878,16527,82351,13.0,-2093.477248611496,-335.3803293008459,a092dbfa6dbefd1d342d1a211503f33f5c7745cd5359e4d4115f2b75459bc7b9,30,0.0014685463393107057,27.59,0.8601214051974022,0.8601214051974022,0.9091393162483314,0.9681815772320905,1.0057059469510292,1.0210346807497304,1.0273694829202282,1.0521111981126705,1.080803535083628,1.1099460488510957,1.1172073875947297,1.1072713116635973,1.112304352523725,1.1318014116290973,1.145624005622823
minus_di_10 <= minus_di_5_sft_1,0.007857601,98878,45580,53298,12.7,-6530.451182569304,-902.2610349176248,6ead8d4aff114cb978d2a5e9b1dcb95b84dfa27fd6f0f40b385ac29b242b16ea,30,0.0001636999222682789,27.45,0.8272687424236618,0.8272687424236618,0.8736775024598483,0.910275671124791,0.9361763611034998,0.947384381975635,0.9701150672824295,0.9894327938948122,1.0038774226385443,1.0251166375849692,1.0393749792531444,1.0564278746082676,1.0713514675185458,1.088745186492409,1.1081427086260152
minus_di_14 <= minus_di_5_sft_1,0.007847468,98878,44665,54213,12.7,-6566.91202264266,-888.8208284102075,6ead8d4aff114cb978d2a5e9b1dcb95b84dfa27fd6f0f40b385ac29b242b16ea,30,0.001353544881567359,27.51,0.8208024207645293,0.8208024207645293,0.8676034630606361,0.8982719934644073,0.9259666362734918,0.9409887570092215,0.9634361550660514,0.9837659176762891,1.0009916674155714,1.0182492589853602,1.0325974823266066,1.0506141547771835,1.06596448602658,1.084389065249171,1.1025327408051673
plus_di_20 >= plus_di_10_sft_2,0.007832972,98878,55323,43555,12.65,-8226.913336296679,-1135.20095598013,e29890bc12ea37e8ab50982e55f5d20643af7c43a2ddc27569a065e219a2f597,30,0.006968395784497261,27.72,0.8223798478796652,0.8223798478796652,0.8742383783488291,0.9112264610267022,0.9431232624656252,0.9725701046904672,0.9986956818893739,1.013644903924387,1.0372757860140476,1.0623952481409593,1.0818652629695278,1.1080604542042005,1.1163144009372454,1.1355538426015677,1.1636876875093045
willr_14 <= -19,0.007831666,98878,79705,19173,12.55,-10249.671176864274,-1560.3730652049271,c087f74a8ef9fdefe2bfbfe4c42e7c177e68996d73089fae9a8de15f5638210d,30,0.0018353865016251802,27.49,0.8418347831226393,0.8418347831226393,0.8890140421366239,0.9190753614660685,0.935550261841707,0.9514904937596019,0.9701538147476528,0.990128100039601,1.007553146956901,1.0252988759497836,1.0418427379022952,1.0555273295690317,1.068378723039716,1.0757347631782421,1.0839027166591753
plus_di_10 >= 10,0.007816862,98878,89292,9586,12.5,-11727.971947545411,-1694.3091429566703,4f583626fd6f59b1b2e0825c720b1d1aad3858951a5b50964ea86a5c13485b5d,30,0.011020069010555744,27.61,0.8446068935448947,0.8446068935448947,0.8989253669587387,0.9373794356111137,0.9685217341482241,0.9952143564682242,1.018233444177868,1.0394439787626326,1.0564644207805423,1.0744370217092454,1.0907277552886114,1.1055326619783146,1.1204246530587503,1.1332618550339542,1.1454295953269897
aarou_20 >= aarou_5_sft_3,0.0078092385,98878,57531,41347,12.64,-7393.535799879477,-1089.1013519521002,0f031b3780e6467809600593d6806420193325d9573f332c17b627db66a26893,30,0.00012203192454762757,27.45,0.8482640718970459,0.8482640718970459,0.9082069299939679,0.9389983633298024,0.9722677722740631,0.9973065628862371,1.021584427538954,1.044739942060937,1.061868870822142,1.0748528317134967,1.0819712143785847,1.0951187206386244,1.1070463588606514,1.1165770706571692,1.1306114372393172
aaro_5 <= aaro_14_sft_3,0.007787848,98878,50450,48428,12.67,-6073.1304965694435,-951.6692788551009,03178e4886fc07979b0c314ad9c68ba2f86b07645c5f6bfdb6bc96b9669a3c24,30,-0.0012226833496242762,27.39,0.8532998582705161,0.8532998582705161,0.909416305708891,0.9415550418111593,0.9532123573248749,0.9692234269298816,0.9890336542961737,1.0095860325611847,1.0277505691118927,1.042807774233722,1.0629680735019624,1.0784776953820248,1.0907779176958685,1.103797359774713,1.1160781637065134
rsi_5 >= rsi_2_sft_1,0.007702156,98878,49688,49190,12.67,-5303.209940628978,-940.021621644788,9c5304fe9d592b70a0c6b3286ed47e7bf2dda0b94ec7966217da111653dec0de,30,-0.0004912575823254883,27.42,0.8719985151316143,0.8719985151316143,0.917099131002554,0.9559323704806716,0.9744280351103637,0.9886684746500674,1.0048569682902695,1.0204514503184463,1.0360417444012897,1.0553432418928617,1.0679897735037231,1.086735067402953,1.0974028141646237,1.102093500849236,1.1192063021051206
plus_di_10 >= 15,0.0076890537,98878,74543,24335,12.56,-9743.240936482274,-1373.0969908600528,4f583626fd6f59b1b2e0825c720b1d1aad3858951a5b50964ea86a5c13485b5d,30,0.009193232282996178,27.68,0.8492576090801109,0.8492576090801109,0.9084059418536387,0.9521780515234768,0.9853472293459489,1.0139003602006678,1.037876788817773,1.0615219455753144,1.081126824022391,1.0998397018665806,1.1154060849618794,1.1300805813800054,1.1463904315810047,1.1598180785410173,1.170924899432595
sma_10 >= High_sft_1,0.007663843,98878,29941,68937,12.8,-4326.4137623542565,-655.1178080505124,2a2a894e2395475f18aac8b58b172590d4e9304b0f81f0d6018fc944d30d4b38,30,0.007878021337091923,27.98,0.818028701314475,0.818028701314475,0.8680833564041633,0.9029541506339388,0.9133974862336904,0.933309393196748,0.9529350690283686,0.9715202887319615,0.9972886752083651,1.022840629585911,1.0416322707953087,1.0618418012738702,1.0793764758320554,1.0984823298096436,1.122718676875407
minus_di_5 <= 3,0.0076570907,98878,4139,94739,13.63,-344.5069204698084,-52.31881860840804,cee77ee220a5e77fe95d20a730179fabcb0f2e40106664424787bbccffac6b44,12,-0.0037006272468715906,19.3,0.9329297914833329,0.9329297914833329,1.0330330652003266,1.1157750800285242,1.1646688403197878,1.193975604804598,1.1868292177722741,1.1489321336203073,1.1160996626562794,1.1132786001092152,1.1150644081026873,1.14937806220384,1.1510635530242666,1.1344883380096633,1.1348314187590387
minus_di_30 <= 23,0.0076504224,98878,55363,43515,12.64,-8524.585432165379,-1051.8312935961076,cee77ee220a5e77fe95d20a730179fabcb0f2e40106664424787bbccffac6b44,30,-0.0274551622569561,26.36,0.828703657021213,0.828703657021213,0.882845023506013,0.9233087192323722,0.9523294018667312,0.9772936491317495,0.9998444033166323,1.0201461292060314,1.0350707105004398,1.0502282619636103,1.061386660774903,1.0691572179434659,1.08023999657376,1.0947491944940066,1.105385908701982
plus_di_20 >= plus_di_5_sft_1,0.007626459,98878,58080,40798,12.63,-8017.973548001403,-1184.817066157746,e29890bc12ea37e8ab50982e55f5d20643af7c43a2ddc27569a065e219a2f597,30,0.003544038161635399,27.58,0.8316371087418041,0.8316371087418041,0.8793056162439903,0.9108574417618833,0.9386046821283126,0.9581590839521672,0.9808396808639899,1.0054769726827018,1.0256229970472337,1.0524366973425348,1.0761596641795705,1.092100873526181,1.111566712989308,1.1182944845079972,1.1393730971938012
rsi_20 <= 21,0.0076006567,98878,240,98638,17.5,-35.75206202047411,-8.66115808198083,64f5e1bb8a7d01ed3bc711ef82f8836c32f34a4dc5e2cbccb6c4442736ec4dbc,22,0.0,0.0,0.8586599890792376,0.8586599890792376,0.7705220956792,0.7953456617844413,0.8374692867518977,0.8491770423841517,0.8679372983402706,0.8509051429008144,0.8968280794841405,0.9214223241346572,0.9265085584160874,0.8705569833841418,0.8115294681979478,0.7917458683892199,0.7861449830458622
willr_14 <= -5,0.007596883,98878,91576,7302,12.49,-12543.772373782402,-1779.0733841376714,c087f74a8ef9fdefe2bfbfe4c42e7c177e68996d73089fae9a8de15f5638210d,30,0.002862313063815236,27.48,0.8349118326381153,0.8349118326381153,0.8836132047250401,0.9184150914594674,0.9421371731966673,0.9655704324069977,0.9857183741215993,1.0049622228319324,1.0204147191001585,1.0380610827207748,1.054486188011315,1.070873430352491,1.0873246441535402,1.0973996229949285,1.1080915975942587
bb_upper_2_10 <= High_sft_2,0.0075870077,98878,7657,91221,13.28,-681.6262609711266,-127.54430342158594,47a9751fea8d725fb5374946cd8b96bffe57ef928945364f4fe01eefa8efaa0d,24,-0.005536896642297506,24.89,0.9027915439658238,0.9027915439658238,0.9045320424017812,0.9696350163064488,0.9531770474123074,0.96322298375269,0.9364385717949202,0.9464638896436739,0.9590244435031471,0.9822645801334157,0.996362989564245,0.9968684931055126,0.988376163321404,0.9788036226603805,0.9831393214572253
adx_20 <= adx_30_sft_3,0.0075680413,98878,23529,75349,12.86,-4824.208662360353,-602.3825740032771,234f8ad1c2baf91b95c9f1aef2798b533888ce55558d2a8e51c247014080fabc,30,-0.0011984668672084808,27.35,0.7755635047814639,0.7755635047814639,0.8097064110052598,0.841880565979433,0.8741399340745353,0.9054603826066565,0.9367249259831195,0.9641878327911377,0.991448971211462,1.0091155798704643,1.0205905493526422,1.024896480929621,1.0259575514954133,1.03047661996753,1.0319531801756332
plus_di_20 >= plus_di_5_sft_2,0.0075525106,98878,57831,41047,12.63,-8276.616208054675,-1176.4184811322775,e29890bc12ea37e8ab50982e55f5d20643af7c43a2ddc27569a065e219a2f597,30,0.0036944206804037094,27.58,0.8269627852751158,0.8269627852751158,0.8774983439563624,0.9102180924425364,0.9361160694482067,0.9604033151317043,0.9859198305881249,1.0059963933677363,1.028427255472471,1.052363632185699,1.0763021530132404,1.0970662112291145,1.1115520230522318,1.1202817265308047,1.1447031071143263
day_of_month == 7,0.0075466214,98878,391,98487,16.37,-41.72359325736761,-7.379999991506338,737d6d1d85a27bd24d6381c6a37443495c3b9dd7a7d69f2f067c86100940a56f,30,0.0,0.0,0.8741749033822019,0.8741749033822019,0.9258130199184595,0.9711968695025839,1.0323126965756755,1.0829711925206504,1.125547410119138,1.157223953776657,1.218403729204874,1.2787210355050402,1.324957827933721,1.3775882498138996,1.4519574966268418,1.5226452450100303,1.59280747337769
bb_lower_2_30 <= bb_lower_2_20_sft_1,0.0075330813,98878,67267,31611,12.59,-9463.985656997422,-1275.3135430370676,1b1f7d2955b86143cbe65db86c488966f4bce7b7721643a6a4f3f03e8b4d5ec5,30,0.0016823246842250228,27.5,0.8321750942368427,0.8321750942368427,0.8827387980238441,0.9209979042823279,0.9500875013341485,0.9757105569732513,1.0001056360600393,1.0234889563670906,1.0456883273916162,1.0698497766537032,1.0905733111853093,1.1046204421358488,1.1190789205700757,1.1339752532647114,1.1491072370031725
minus_di_5 >= minus_di_10_sft_3,0.0074924817,98878,43008,55870,12.7,-4881.809081945773,-830.4870176571931,a7c5a511f18bc4bc65b530c22aedd665cbba6e43036caf921c03925c9eff7340,30,0.00038783211493864655,27.46,0.8582749825863001,0.8582749825863001,0.9004215861495933,0.928673634519574,0.9502007643931341,0.9682822342000081,0.9849791062816038,0.9976632080425992,1.0145369327257903,1.0426843933701064,1.0551782843718716,1.0684379326029023,1.0891454249190695,1.0945724334155214,1.110684373063275
bb_lower_2_20 >= Close_sft_1,0.0074751074,98878,2677,96201,13.9,-209.7214949764748,-59.36898599433334,0e70b8a8d55e4ec73841ad3e8c9b127c0a23132eee3ba0a11c3e072e280aafa3,30,0.006605028640478849,29.21,0.8982628532691762,0.8982628532691762,0.8272029015625584,0.87845334157503,0.8873617956538503,0.9274281511650881,0.9449177693918228,0.9851794931730217,0.9399715311075317,0.9434626755615385,0.955792316698841,0.9889322171466401,0.9943196558399706,0.9782529883990817,1.022676755655959
rsi_10 >= rsi_5_sft_1,0.0074677165,98878,50049,48829,12.66,-7506.367383615478,-1033.874240066907,9c5304fe9d592b70a0c6b3286ed47e7bf2dda0b94ec7966217da111653dec0de,30,-0.00017744157230481505,27.44,0.8244199895523585,0.8244199895523585,0.8728613524374886,0.9065535574066734,0.9279746856154472,0.9457073595163091,0.9597306822263221,0.9790093375908515,0.9952252188483836,1.0143475591828872,1.0351012450093262,1.0519190348515874,1.0698852414636113,1.0865708666424516,1.1043332512396837
rsi_10 >= rsi_2_sft_2,0.00746232,98878,49945,48933,12.66,-7262.865575563713,-1011.460258852203,9c5304fe9d592b70a0c6b3286ed47e7bf2dda0b94ec7966217da111653dec0de,30,-0.001059453352354467,27.4,0.8266527924251602,0.8266527924251602,0.8733951666738979,0.904808313415167,0.9230088341553214,0.9367490087883749,0.9536239189855178,0.9718882815234811,0.9945792604356971,1.0053971359766003,1.0204996367759829,1.0436528296145255,1.0521979615199502,1.0647097108084291,1.0812604888500015
stdev_30 >= stdev_30_sft_1,0.007456513,98878,47241,51637,12.68,-5539.252988316996,-943.0932191959364,a092dbfa6dbefd1d342d1a211503f33f5c7745cd5359e4d4115f2b75459bc7b9,30,-0.004322215914726257,27.24,0.8626965873754068,0.8626965873754068,0.9225402425146265,0.9551728099087733,0.9930738889310318,1.0171037263438805,1.0360744841651341,1.0473243124625757,1.0626260029568118,1.072145964087716,1.088633512469749,1.111909732383557,1.1313604449590844,1.1514797757197432,1.1589908915623854
minus_di_20 <= 21,0.007435342,98878,44984,53894,12.69,-6362.282154344579,-777.608080969454,cee77ee220a5e77fe95d20a730179fabcb0f2e40106664424787bbccffac6b44,30,-0.02752760984003544,26.1,0.8459371029559568,0.8459371029559568,0.900202026991568,0.9439762298007316,0.978014466719655,1.001440128941033,1.0216740992383664,1.0368338445208585,1.0470922796141042,1.053878470316894,1.0613611987179488,1.062051942383702,1.072477773263738,1.0837074841902,1.0943238570694094
plus_di_5 >= 4,0.0074168188,98878,92998,5880,12.48,-11443.80455167946,-1789.7553078345954,4f583626fd6f59b1b2e0825c720b1d1aad3858951a5b50964ea86a5c13485b5d,30,0.006685406435281038,27.52,0.8538717016689018,0.8538717016689018,0.9118610208531641,0.9502522858043287,0.9799251755219961,1.0052814524570328,1.028608217224641,1.0467662094687502,1.0621430877600806,1.0766094184437125,1.0913300297159252,1.1057599936293325,1.1197967912970814,1.1325228340677282,1.1448393886781203
plus_di_10 <= plus_di_14_sft_3,0.0074079153,98878,58957,39921,12.62,-7271.753399676953,-1157.5801784790456,bd972efc927c87708f479b3c989a305bfeb89b6aa0381d01606955fa59f6baca,30,0.002415464958176017,27.53,0.8489857639601391,0.8489857639601391,0.8912726390664295,0.9231293389733534,0.9435902327490175,0.9630434513170961,0.9831943648711575,1.0013988946497354,1.0195295315521091,1.0386956279339428,1.0559303568329965,1.076064054728212,1.0969782394158496,1.1042551995161785,1.1123700421977833
willr_14 <= willr_30_sft_2,0.0074075432,98878,49163,49715,12.66,-4055.526146806147,-780.005470261036,1427ae29e5c4ed561613e902f1f63301f41038d7cf9fdf54aa945c6a3e2bca60,30,-0.005518848542124033,27.2,0.8950756255312694,0.8950756255312694,0.9472995000321335,0.9895895508479119,1.017251017655599,1.0396521977231312,1.0516946626725028,1.063968801479279,1.0680206481758627,1.0821564296224309,1.0849738996281189,1.09351371064813,1.1083833916516792,1.1152271505454132,1.1302715546179094
rsi_20 <= 23,0.0073772455,98878,331,98547,16.62,-21.420582690858282,-10.263208086245868,64f5e1bb8a7d01ed3bc711ef82f8836c32f34a4dc5e2cbccb6c4442736ec4dbc,20,0.0,0.0,0.9287153945655972,0.9287153945655972,0.7903440424377631,0.8455211187431037,0.8991866421786933,0.9164415449324782,0.9415615731084279,0.9482377618251034,0.9656135193101425,1.0192187398941426,0.9873773488243796,0.9411847064486616,0.8699771294765508,0.8514831823506133,0.8403524141439237
adx_14 <= adx_30_sft_3,0.0072782785,98878,20127,78751,12.89,-4366.8499694061675,-511.62311669660994,234f8ad1c2baf91b95c9f1aef2798b533888ce55558d2a8e51c247014080fabc,30,-0.00359352957457304,27.13,0.7650470443069851,0.7650470443069851,0.7989380122050566,0.8255883368816963,0.8455720310045814,0.8792746161086978,0.9208289215299591,0.955557810496582,0.9866094916347415,1.012184397529061,1.0318306981334118,1.0400463243999247,1.0455846962006805,1.0506320965178482,1.0569289246677147
aarou_20 <= 20,0.0072694696,98878,30795,68083,12.77,-5421.530177967397,-712.3046258753166,da60be741621a42d93721696dcc6252cb06464cd161c4da151f0e18e03138794,30,0.018369290977716446,28.66,0.7865334749705508,0.7865334749705508,0.8286750223315607,0.8543740467372976,0.8833460380005791,0.9059326660889497,0.9334687496057953,0.9584827123369769,0.982471028399874,1.009860150255363,1.0418433778747156,1.0649947899448402,1.0889318084504418,1.109042928211919,1.1131274631483035
plus_di_5 >= 5,0.007262123,98878,91068,7810,12.49,-11093.639999404018,-1729.0051836374405,4f583626fd6f59b1b2e0825c720b1d1aad3858951a5b50964ea86a5c13485b5d,30,0.0065919687040150166,27.53,0.8556363736353149,0.8556363736353149,0.9125680739513296,0.9509501463097241,0.9804923371155088,1.0057227035387928,1.0293021779191334,1.047496806992701,1.064099638622781,1.0784249668081691,1.0932419249187824,1.1079373329391768,1.1222395386217285,1.135148453252742,1.1474482428730404
willr_14 <= -18,0.00725595,98878,80518,18360,12.53,-10415.391607132075,-1573.0077002719481,c087f74a8ef9fdefe2bfbfe4c42e7c177e68996d73089fae9a8de15f5638210d,30,0.0012758106458932161,27.47,0.8410443236415417,0.8410443236415417,0.8878166810498319,0.9193703695053675,0.934757634865351,0.9509073160454234,0.9696159806837314,0.9892849169818249,1.00576734264259,1.0226561261534977,1.0400684370653757,1.0547478443145775,1.0680118824243925,1.0750072815429643,1.0828102910697794
adx_10 <= adx_30_sft_3,0.007245239,98878,16697,82181,12.95,-3253.0728883452393,-366.09634331859706,234f8ad1c2baf91b95c9f1aef2798b533888ce55558d2a8e51c247014080fabc,30,-0.005231757648289204,26.93,0.7862379151964042,0.7862379151964042,0.8277196963992305,0.8428482397317107,0.8733028690571597,0.9109502523417377,0.9521746453539053,0.9836443477227207,1.0147803486706146,1.0407729805709152,1.0552525413613034,1.0612118806583357,1.0634167917046708,1.0697521447428502,1.0721206639723926
rsi_30 >= rsi_2_sft_3,0.0072301403,98878,49903,48975,12.65,-7867.479531692563,-1050.5859354070271,9c5304fe9d592b70a0c6b3286ed47e7bf2dda0b94ec7966217da111653dec0de,30,-0.0005822433158755302,27.42,0.8106397523957086,0.8106397523957086,0.8654781539308528,0.8916734043826222,0.9106942475567034,0.9293810837409041,0.9503479408923778,0.9699876339870177,0.9922392141019716,1.0057284883321134,1.026056459698585,1.0373060309209388,1.0535436641861533,1.0664709531561791,1.0820754340892071
plus_di_10 >= 14,0.0072229984,98878,78021,20857,12.54,-10237.451021506226,-1439.4673087915435,4f583626fd6f59b1b2e0825c720b1d1aad3858951a5b50964ea86a5c13485b5d,30,0.01112101599574089,27.7,0.847558183724568,0.847558183724568,0.90766285239195,0.9483041647347545,0.9803030650114009,1.0075894695304934,1.0325517769165231,1.055824333258434,1.0757592994811833,1.0930093178975009,1.1088564792825841,1.1241056385122803,1.1395019316968225,1.1519580724872132,1.164422451251101
aaro_10 <= -80,0.007195332,98878,14803,84075,12.98,-1789.3963882488001,-321.72683605601924,87b58f9896252e251c68e9159d326bea7ed912172d4942a46db4a6bfa531cebe,30,0.0049119750037789345,27.97,0.8386694524439041,0.8386694524439041,0.8926901718846701,0.9029474916780509,0.9044610288830796,0.923430349401903,0.9443189162469244,0.9764905076116724,1.0137626537944964,1.0221276789218816,1.0370552908996777,1.0678455876211261,1.0881881681518932,1.098113616071307,1.1209851604893548
plus_di_14 >= plus_di_5_sft_1,0.0071838005,98878,57378,41500,12.62,-7452.115812916277,-1159.7185217010701,e29890bc12ea37e8ab50982e55f5d20643af7c43a2ddc27569a065e219a2f597,30,0.0006726070423610508,27.47,0.8419973684709003,0.8419973684709003,0.8901571867644141,0.9206518855364035,0.9439196744333334,0.9605053240212199,0.9816403588118269,1.0000021266185235,1.0161384641929756,1.039753176900827,1.0647417699168555,1.079655153176898,1.1018281570068258,1.110841454186429,1.1331008897828234
rsi_20 >= rsi_10_sft_3,0.007178754,98878,50675,48203,12.65,-8752.023555923963,-1064.1629549593927,9c5304fe9d592b70a0c6b3286ed47e7bf2dda0b94ec7966217da111653dec0de,30,0.002370489062741399,27.55,0.8002707193069047,0.8002707193069047,0.8534067054828848,0.8894028240476299,0.9204780475928847,0.9448173344358903,0.9710924733088335,0.9938202767977015,1.0202565832428385,1.0431411127656134,1.0658092548801872,1.0793433788187252,1.0913585802142634,1.114979887488337,1.1377930255878894
plus_di_10 >= 9,0.0071724597,98878,91307,7571,12.49,-11961.429495088458,-1740.9411059055274,4f583626fd6f59b1b2e0825c720b1d1aad3858951a5b50964ea86a5c13485b5d,30,0.012857876718044281,27.61,0.8444386687044748,0.8444386687044748,0.8977643130017373,0.9366469077008653,0.9683086793304773,0.9946485269665997,1.0179468108524012,1.038492164816668,1.056719538546333,1.0746896502196632,1.0911774898592528,1.105923532516886,1.1205267216148447,1.1341141370924461,1.146756572626361
plus_di_10 >= 11,0.007164028,98878,86902,11976,12.51,-11429.784025649999,-1641.0074490414117,4f583626fd6f59b1b2e0825c720b1d1aad3858951a5b50964ea86a5c13485b5d,30,0.01255958154797554,27.65,0.8451008756890581,0.8451008756890581,0.900299569477644,0.9397797721877947,0.9715375089207116,0.9989727561433489,1.0226909036822307,1.04370238155408,1.0610927197855349,1.0784796810718358,1.0939669954467177,1.1092533337294221,1.124176414157771,1.1370993799777167,1.1494800777749825
aarou_5 <= aarou_14_sft_2,0.007156172,98878,56792,42086,12.62,-6632.3532613268035,-1031.4607120059882,11ecda3140789fc7bb03c4e9ce6db1e36d26d05f5895e9047d4b04d8e05db454,30,0.0022219549864530563,27.53,0.8603541576342952,0.8603541576342952,0.9222016990940061,0.9657555477251831,0.986007414165883,1.0051266318484837,1.0233253808450493,1.0435936068987195,1.056345994810678,1.0649068544025087,1.0806470267102801,1.091274235473819,1.1077036851998816,1.1271904666701753,1.1384256687045278
sma_50 <= Low_sft_1,0.0071230168,98878,39524,59354,12.71,-2534.526563023479,-526.1909181863448,984863a5cb13aec2699710705080435de7dea983a917ddee35d0db64a2bad484,30,0.0018351696198806167,27.55,0.9241081753299419,0.9241081753299419,1.0089165597903207,1.0675911523757455,1.110831971697286,1.1487601215607168,1.1724670105941746,1.1976310770479313,1.2134322425442334,1.224166716757337,1.2374258437471177,1.252734495170872,1.2792523557178956,1.2965479702970342,1.3161337419436698
willr_14 <= -20,0.0071167755,98878,79094,19784,12.54,-10239.278191701716,-1550.6084025297969,c087f74a8ef9fdefe2bfbfe4c42e7c177e68996d73089fae9a8de15f5638210d,30,0.001342937583103776,27.47,0.8404365127142661,0.8404365127142661,0.8869595547019048,0.9173639747974152,0.933648430582196,0.9491395733472167,0.9683908819015012,0.9878234272617601,1.004373387758391,1.0226239378943793,1.0393412531547224,1.0535850041152268,1.0668702913590455,1.074026177688487,1.0815645580659474
willr_14 <= -24,0.0071160346,98878,75472,23406,12.55,-9586.125684502393,-1488.6292771582375,c087f74a8ef9fdefe2bfbfe4c42e7c177e68996d73089fae9a8de15f5638210d,30,0.0029730761889368296,27.52,0.8422231536748199,0.8422231536748199,0.8900775178075777,0.9213413223840528,0.9371419298873677,0.9533143651913755,0.9721065145204593,0.9919129336982095,1.0099120511011417,1.0271883431215674,1.0428875471609456,1.0561076581144622,1.0709220202702636,1.0792764698361565,1.0853582210501425
aaro_5 <= aaro_30,0.007086262,98878,51090,47788,12.64,-5786.609901280576,-886.7117347019594,03178e4886fc07979b0c314ad9c68ba2f86b07645c5f6bfdb6bc96b9669a3c24,30,-0.004472550470381975,27.25,0.8616953062287596,0.8616953062287596,0.9078776925237981,0.9454115402032363,0.9651335345485244,0.9841054633940873,1.0082569122620089,1.0287061014798378,1.0382389034928996,1.0506133666544666,1.0729328529784332,1.0871792693569184,1.107854462540946,1.1256035171322252,1.1416843730931827
rsi_20 >= rsi_2_sft_3,0.0069724694,98878,49961,48917,12.65,-7980.01708998924,-1058.6123150330022,9c5304fe9d592b70a0c6b3286ed47e7bf2dda0b94ec7966217da111653dec0de,30,-0.000986466882750392,27.4,0.8100299078930316,0.8100299078930316,0.8628124749683213,0.884617651331519,0.904282535812577,0.9221598619256967,0.9430098138578727,0.9626275869855646,0.9853182644101078,0.9994513401224657,1.0228999061294857,1.0348084749852553,1.0510754394435229,1.0657351347386919,1.0814648976857297
adx_10 >= 17,0.0069496906,98878,87876,11002,12.5,-11579.132269729136,-1685.269114310664,4118d96628e9d7109ca1b25b71d8f7665de5864ad974c7631ea4a76d380fc96f,30,-0.01063117291778326,27.28,0.8423401151147063,0.8423401151147063,0.8988794053743231,0.9394117791035022,0.9682207052491478,0.9909128177083254,1.0133190377559365,1.0310941248770882,1.0444570820677683,1.0594334594989836,1.0745393438398492,1.088593209612954,1.1023539939026403,1.1161240061250883,1.1287555444127628
stdev_30 <= stdev_5_sft_2,0.006930347,98878,4369,94509,13.48,-676.5769507404912,-89.8051824152135,76cc05d7e847d59489f80a379ae9909f097acc0055c98dd465d85c99099ff3c8,30,0.010248678736388683,29.57,0.8373307697484201,0.8373307697484201,0.9180685106324885,0.9673159255634938,0.9553760773819762,0.9345533780341551,0.9326707136162944,0.9749828754504951,0.9870815743464195,0.9828610057347353,0.9762578171759764,0.9747701336503901,1.0373783316283824,1.0386553806454228,1.040719932254098
plus_di_20 >= plus_di_14_sft_2,0.006892334,98878,51051,47827,12.64,-7680.10797593249,-1036.2534660744495,e29890bc12ea37e8ab50982e55f5d20643af7c43a2ddc27569a065e219a2f597,30,0.012430439703166485,27.98,0.8219429152112148,0.8219429152112148,0.8804815344152302,0.9182600419012276,0.957240474830303,0.9883159815798704,1.0102503947018064,1.0269561756960421,1.054040010027162,1.0820257275912926,1.1062942686739274,1.1279997961776975,1.1379527368987432,1.1639057600107579,1.188080136472685
plus_di_10 >= plus_di_5_sft_2,0.00686102,98878,54159,44719,12.62,-7586.248709628589,-1077.3882712516788,e29890bc12ea37e8ab50982e55f5d20643af7c43a2ddc27569a065e219a2f597,30,-0.004958915524184704,27.24,0.8323202492421324,0.8323202492421324,0.8854205519537064,0.9258188237450854,0.9551562534639162,0.9730719941556061,0.9971951664443365,1.0073023117553983,1.0267807739827135,1.0478036393193213,1.0684238881354577,1.0882389929786938,1.1003108658287377,1.112672912457118,1.1370914947694344
aaro_20 <= -90,0.006856051,98878,6792,92086,13.25,-507.77081915485905,-172.492575714954,87b58f9896252e251c68e9159d326bea7ed912172d4942a46db4a6bfa531cebe,26,0.0105367386713624,28.03,0.8962727428754104,0.8962727428754104,0.9511008655703028,1.002578478844493,0.9787966682634391,1.006144079040831,1.037815323073231,1.070354058653133,1.0992817035076174,1.1153376940849191,1.123365806556397,1.165408035397001,1.1823183159572201,1.1716886830112556,1.169359756480719
minus_di_5 >= 21,0.006844746,98878,48464,50414,12.65,-5161.47462765473,-969.0546575701082,a06e18f5f366aa3040f30d3f53c74e6c3d30e6b8f15e9282eabbaa7fe9dd85a0,30,0.022536326199769974,28.47,0.8613164658596072,0.8613164658596072,0.9190221097034388,0.9559280552821352,0.98534376085263,1.0126612040000973,1.0336837275930466,1.048894899838344,1.0689566470309022,1.099638049403947,1.120155735602341,1.1425258675489578,1.1625651962115322,1.1720924066200267,1.189612314250147
sma_10 >= Open,0.0068262904,98878,50681,48197,12.64,-7058.921526496095,-1030.0539906239574,4e49187dd2ecfc8ed6f19c1bb32ee3b3851abe32a765f332ea6026515c0fc382,30,-6.198871415108442e-05,27.44,0.8274385424062022,0.8274385424062022,0.8727284742889008,0.9111211170508758,0.9336867137385544,0.9445803370778854,0.9586758680596159,0.9699571844946066,0.9847762454686815,1.0079412259366158,1.0223627012799976,1.0361820662219459,1.04641320871086,1.057095634782772,1.0701316937548564
mema_10 >= High_sft_1,0.0068159946,98878,26354,72524,12.79,-4113.726209146194,-586.1631158330274,b49daa998de516ee8744d85f0961964bee1fbf801ca0904e585341376b8b86ae,30,0.008773624897003174,28.09,0.8053325545863238,0.8053325545863238,0.8462077482878292,0.889398454861838,0.8985328477138792,0.9276120234972643,0.9541153126193381,0.9723192916595595,0.9995730849837798,1.0267369210120891,1.0496443115466558,1.0719002682894365,1.0934890182189394,1.1167638069728658,1.1536577574749192
willr_10 <= willr_30_sft_2,0.0067781988,98878,48835,50043,12.64,-3656.080249967181,-749.3991937469837,1427ae29e5c4ed561613e902f1f63301f41038d7cf9fdf54aa945c6a3e2bca60,30,-0.005790302529931068,27.18,0.9048848518049095,0.9048848518049095,0.9560459352939998,0.9970549455192571,1.0237146793831935,1.0476102306209623,1.057437258596394,1.0723096352274455,1.0817097581225323,1.0974842219108125,1.0984918483424257,1.1080145274439452,1.1257675989742972,1.1356572887551006,1.1501889828222203
mema_20 >= High,0.0067655956,98878,37669,61209,12.7,-5442.783910692798,-813.4260021544251,b49daa998de516ee8744d85f0961964bee1fbf801ca0904e585341376b8b86ae,30,0.010116549208760262,28.02,0.8136139834270963,0.8136139834270963,0.8361951834877078,0.8588790586582002,0.8719144973213009,0.8895411728955995,0.9031989207050776,0.9205535956385322,0.9363337862274034,0.9584910873225742,0.9847837106046549,1.006275339626113,1.0265198723827316,1.0414503641244997,1.058949962254781
sma_10 >= sma_50,0.0067571993,98878,47043,51835,12.65,-4371.844710379342,-710.3041239942613,724f0edc848b1caa180dcda4bf9f5a94c2dcd0eddd874575510f7c410089d747,30,-0.0031276096124202013,27.3,0.8904467848296637,0.8904467848296637,0.9623008558872325,1.0169889104601513,1.0600178969125413,1.092167116205593,1.119371857300368,1.1386703255787682,1.1541640050251414,1.166225051764621,1.176602907032696,1.190315141555931,1.2107237960947608,1.2333778185866298,1.2537096780801766
aaro_5 <= -100,0.0067362906,98878,9567,89311,13.1,-727.1854656175628,-172.1237193132547,87b58f9896252e251c68e9159d326bea7ed912172d4942a46db4a6bfa531cebe,30,0.006159501615911722,28.28,0.8963396558816265,0.8963396558816265,0.9547278513315601,0.9404887198318992,0.9358034681476493,0.9388742094905026,0.9267988342536005,0.9488257922153739,0.9416824357432537,0.9804363083677653,0.9989185783183222,1.0033213505833865,1.0141434419216933,1.0266611501704654,1.0407167395114356
bb_upper_2_20 <= Low,0.00673235,98878,683,98195,15.08,158.91268843971193,22.48057116927521,dbb570f8106d6c3d6f292085aaa378b98a5659545b5ba59380ac7a9e0cfee8bf,30,0.0,0.0,1.221180211770856,1.221180211770856,1.3411055036945103,1.4601205433362037,1.5934748147387607,1.5317223708481384,1.5953611826940381,1.6714908521300915,1.7910334232491667,1.6740689838452136,1.6918050585971578,1.6500649420811848,1.5808230921432807,1.7803821427896807,1.9373989163293788
willr_14 <= willr_30_sft_1,0.0067151403,98878,49423,49455,12.64,-3953.5926572831777,-775.3577292861664,1427ae29e5c4ed561613e902f1f63301f41038d7cf9fdf54aa945c6a3e2bca60,30,-0.0036311375442892313,27.28,0.8992203381887847,0.8992203381887847,0.9452698879239664,0.990350700251709,1.013130830189172,1.042978400230397,1.0603001155933065,1.0716419241981532,1.0804189985251673,1.098452391068125,1.099482851943426,1.1095982981258918,1.122220187902774,1.1329203549720603,1.1434928109984486
rsi_20 >= rsi_14_sft_1,0.006687166,98878,50804,48074,12.63,-8548.684131940416,-1058.7026073035304,9c5304fe9d592b70a0c6b3286ed47e7bf2dda0b94ec7966217da111653dec0de,30,3.9754435420036316e-05,27.45,0.8057946699083597,0.8057946699083597,0.8494636379869842,0.8872181036308976,0.9181239807940961,0.9417584828381713,0.962371339462478,0.9854373860267949,1.0075098721810765,1.0304777704273984,1.0537279994617605,1.0721346342699873,1.0824918499983476,1.1003243931439284,1.1238834290514508
sma_20 >= sma_50,0.006661588,98878,47313,51565,12.65,-4515.058098278958,-726.6653922661062,724f0edc848b1caa180dcda4bf9f5a94c2dcd0eddd874575510f7c410089d747,30,-0.005399975925683975,27.19,0.8863072334186963,0.8863072334186963,0.9531086735494781,1.0047129150707839,1.0380259433702919,1.0618172849230776,1.0823660292358614,1.1031583428856313,1.1204622761215335,1.1396832422208865,1.1560892076917924,1.1746918994841409,1.1941795866544582,1.214706517547013,1.2339211077833547
rsi_10 >= rsi_2_sft_3,0.0066493135,98878,49939,48939,12.64,-7369.14311556195,-1019.3722727141503,9c5304fe9d592b70a0c6b3286ed47e7bf2dda0b94ec7966217da111653dec0de,30,-0.0034779582638293505,27.29,0.825958315017456,0.825958315017456,0.8762534800581926,0.9009216858937056,0.9262096535044596,0.9460541196417241,0.9652990765435456,0.9840170822715426,1.003576204790391,1.0155545807695383,1.0360222518599942,1.0517957497727037,1.0658267587008816,1.0788524953878031,1.0949250515143192
plus_di_5 <= plus_di_20_sft_3,0.0066479784,98878,58627,40251,12.6,-7631.72188916912,-1177.2155086383573,bd972efc927c87708f479b3c989a305bfeb89b6aa0381d01606955fa59f6baca,30,0.0030381856486201286,27.56,0.8401095330932652,0.8401095330932652,0.8807749807890998,0.9127185702741689,0.9325753561141145,0.9571903919302853,0.9817148676163848,1.002569433179886,1.0209737782444481,1.0403174143281182,1.0575129712107458,1.079731100086747,1.1012253925177826,1.1130593252865315,1.1203101452499742
willr_20 <= willr_30_sft_3,0.0066373823,98878,49554,49324,12.64,-4388.763303372671,-770.1994377140145,1427ae29e5c4ed561613e902f1f63301f41038d7cf9fdf54aa945c6a3e2bca60,30,-0.0007733425591140985,27.41,0.8874171060051534,0.8874171060051534,0.9322900174693591,0.9695670447239202,0.9956212670841116,1.0089724721808628,1.0203794650996028,1.0300963118683246,1.0479806898882122,1.066049770614716,1.075787537792751,1.0905364898456513,1.1125039389561435,1.1302342320217735,1.143954600566837
minus_di_20 <= 22,0.0066312985,98878,50183,48695,12.63,-7188.235653407031,-887.1394478589937,cee77ee220a5e77fe95d20a730179fabcb0f2e40106664424787bbccffac6b44,30,-0.027684422209858894,26.23,0.8410522579037527,0.8410522579037527,0.8972422080615308,0.9373536217622136,0.9707406935110098,0.9971329198230366,1.01671049410586,1.0373187713635408,1.0538743335608292,1.0650593090620373,1.0736319033906803,1.08305773985731,1.0972362955099915,1.1094753808398632,1.1174864536678928
mema_50 <= Low_sft_2,0.006618509,98878,37383,61495,12.7,-2457.6363805254077,-514.6849968791139,f2e93f04b3d2a46ee10823902064b64ae41106b8f01252b29032fe26a3290c3e,30,0.006462183780968189,27.81,0.9223632797913277,0.9223632797913277,1.0006746494183607,1.0626493746136727,1.1094239918424398,1.1470852587133575,1.1816375523940852,1.2109967158546244,1.23000506757226,1.2501808962873615,1.260338912733351,1.2800952753563324,1.3042714719705708,1.3207602034345738,1.3382611880885549
willr_14 <= willr_30_sft_3,0.006606839,98878,48938,49940,12.64,-4297.887980639029,-781.1266204420608,1427ae29e5c4ed561613e902f1f63301f41038d7cf9fdf54aa945c6a3e2bca60,30,-0.002538540633395314,27.33,0.8887620458511064,0.8887620458511064,0.9452916726665402,0.9803438313778725,1.0124880515272694,1.031963420414979,1.045304360798287,1.0622190139315273,1.0754579117431435,1.0852291171137636,1.0897598154455699,1.1020028872235594,1.1168493376475834,1.1304026093632902,1.1422889577167956
bb_lower_2_30 <= bb_lower_2_30_sft_3,0.0065930923,98878,46976,51902,12.65,-6129.030603751984,-1003.5261666441365,1b1f7d2955b86143cbe65db86c488966f4bce7b7721643a6a4f3f03e8b4d5ec5,30,0.004650448448956013,27.66,0.8450296709887664,0.8450296709887664,0.891174376475556,0.9266852028543157,0.9563730987819115,0.9694180617129231,0.9867474100406916,0.9996521876601685,1.010789836269794,1.0267536493055336,1.0478776790271493,1.073982230579842,1.0961220050662985,1.1062878655744228,1.1148890385368946
minus_di_30 <= 11,0.0065918714,98878,3922,94956,13.49,-1207.4107910875464,-80.73431036069087,cee77ee220a5e77fe95d20a730179fabcb0f2e40106664424787bbccffac6b44,28,-0.030306898057460785,20.35,0.785483878616714,0.785483878616714,0.8146697519681211,0.8161589825176977,0.8200994604983353,0.8116789439108802,0.7900426238210725,0.7517040728427833,0.747510936254627,0.7894472991838631,0.8275725430789412,0.8728531491485957,0.9100148684357118,0.9283197143674845,0.916481327745573
adx_30 >= 12,0.006549986,98878,77067,21811,12.53,-10918.281009889793,-1525.1260492708243,4118d96628e9d7109ca1b25b71d8f7665de5864ad974c7631ea4a76d380fc96f,30,-0.010931040160357952,27.19,0.8320624889351879,0.8320624889351879,0.8849880022672714,0.9207938285488169,0.9494492073900863,0.974628478904578,0.9991062431961258,1.0177761492276123,1.0339160622118913,1.0525733685137826,1.0691965250721036,1.0838331490099287,1.0982870119286847,1.1109255025173124,1.123660842710586
stdev_14 >= stdev_20_sft_1,0.0065393234,98878,31355,67523,12.73,-3571.5195537976106,-618.355973978636,a092dbfa6dbefd1d342d1a211503f33f5c7745cd5359e4d4115f2b75459bc7b9,30,0.0047554271295666695,27.76,0.8680244018812189,0.8680244018812189,0.913614166212903,0.9481914990212333,0.977533831913601,0.9941493072015063,1.0172575709977036,1.0457962526605664,1.0645606183815906,1.0650529334602468,1.077563009307007,1.0873595702998262,1.100482025611448,1.1169550122063947,1.129516801860769
aarou_5 <= aarou_14,0.0065256217,98878,67148,31730,12.57,-7940.401650776956,-1225.638535388738,11ecda3140789fc7bb03c4e9ce6db1e36d26d05f5895e9047d4b04d8e05db454,30,-0.004695849493145943,27.3,0.8602346613021165,0.8602346613021165,0.9227868716562799,0.9635478015304492,0.9914502736670973,1.0103229935891607,1.026938688908619,1.0462122895425385,1.065001038643588,1.0756034271138877,1.0914239074550918,1.1042997019614251,1.1182093412358103,1.1329774752447936,1.1462125631728965
rsi_20 <= 22,0.006480033,98878,280,98598,16.43,-52.250890839495696,-10.625708084924554,64f5e1bb8a7d01ed3bc711ef82f8836c32f34a4dc5e2cbccb6c4442736ec4dbc,20,0.0,0.0,0.8171784863758389,0.8171784863758389,0.7240030831495385,0.7860288823786199,0.8223085935952743,0.8289883873066402,0.8608787096212466,0.8475676336232377,0.8808259717693877,0.9527464455234442,0.9277537334708521,0.8792328053834596,0.7971548536894776,0.7799215260206157,0.7858849751041626
rsi_20 <= rsi_20_sft_2,0.0064675095,98878,50712,48166,12.63,-4867.75804332428,-906.4087834684178,f60792ba6ac5baece5de7ac90117c85055d233a86016db65a9b1851d8a518ee9,30,0.005174835212528706,27.67,0.8766860135379719,0.8766860135379719,0.9205801807737688,0.9548474793559992,0.975042475694456,0.9849041062494358,1.0000312545194852,1.022998950086088,1.0365954534582333,1.0583820276938536,1.0717568462229372,1.0846105823322671,1.1057450847100148,1.1159196734396193,1.1211551631401941
bb_upper_2_20 <= Close_sft_3,0.006379564,98878,1209,97669,14.31,-86.16214779228903,-16.318661094090203,4aa098b95dabd7168bbfce38d1fe5bd4350fa2d5da10de71df5da0c41bf16fa2,26,0.005587334278970957,28.54,0.9271063322855868,0.9271063322855868,0.9338759943126387,1.1355855841220992,1.056353153206908,1.0634357351271158,1.019704391315571,1.0665642436914822,1.096734407265295,1.1150253058283104,1.1121274538945076,1.0991604991008894,1.1428503797349632,1.1348655702790575,1.1133377326119969
rsi_30 <= rsi_30_sft_2,0.006357902,98878,50670,48208,12.62,-4776.221932585639,-905.5736574487819,f60792ba6ac5baece5de7ac90117c85055d233a86016db65a9b1851d8a518ee9,30,0.0046091568656265736,27.65,0.878155594668825,0.878155594668825,0.9178465528616201,0.9522980227547315,0.9726899104287828,0.9845592043306418,1.0003233876400286,1.0224284005208648,1.036109198793468,1.0582246951942968,1.0699407463584583,1.0826481172669555,1.1022344037140215,1.1111235726934525,1.1164867556774496
adx_10 <= adx_20,0.006338481,98878,16531,82347,12.88,-3484.3819915574422,-351.36716578347114,234f8ad1c2baf91b95c9f1aef2798b533888ce55558d2a8e51c247014080fabc,30,0.00030842440901324153,27.48,0.7747232407538,0.7747232407538,0.8290808624692566,0.8671094210893767,0.9165588147107318,0.9642275285222027,0.9927557359165398,1.0162495637329074,1.0471684563538748,1.0676815207884807,1.083855737193583,1.0921518466560327,1.0951896496885019,1.1004245876475836,1.1117413506383393
aarou_10 <= aarou_20_sft_1,0.006335634,98878,64644,34234,12.57,-7739.925393563489,-1161.6576655692916,11ecda3140789fc7bb03c4e9ce6db1e36d26d05f5895e9047d4b04d8e05db454,30,-0.0018340947572141886,27.39,0.8561065194669475,0.8561065194669475,0.9134410662692316,0.9615464409867254,0.987028180723083,1.0141897802243722,1.0360949718747101,1.0606974786621197,1.0732013081337284,1.0854208394141387,1.0942642577630373,1.1045969435241687,1.1133453439119096,1.1262681470829936,1.1353876153909297
minus_di_14 >= minus_di_14_sft_3,0.006333916,98878,43046,55832,12.66,-4389.76625895963,-806.0050860924603,a7c5a511f18bc4bc65b530c22aedd665cbba6e43036caf921c03925c9eff7340,30,0.0021966653876006603,27.56,0.8706463546313721,0.8706463546313721,0.9060966529732732,0.9329578636278678,0.9508538468361544,0.9647772716526594,0.9792024079938318,0.9913237278756842,1.009686274025633,1.0402060409646208,1.0525387001004032,1.0680876696420547,1.0862711850420634,1.0904787325710736,1.1074411221911362
bb_lower_2_20 <= bb_lower_2_20_sft_3,0.006328028,98878,47743,51135,12.63,-6126.533752412787,-986.9208379043339,1b1f7d2955b86143cbe65db86c488966f4bce7b7721643a6a4f3f03e8b4d5ec5,30,0.002855790313333273,27.58,0.84573997365553,0.84573997365553,0.8973061154880981,0.9400777291259125,0.9686713241716963,0.9897044443920127,1.0119483854368565,1.0323592854182284,1.0389616957686796,1.0507552264482343,1.0634867620608717,1.0777511739239314,1.0975485925553783,1.1183903946676883,1.1296571621898246
minus_di_10 <= minus_di_5_sft_2,0.0063108215,98878,47190,51688,12.64,-6868.971728643627,-929.6659195368411,6ead8d4aff114cb978d2a5e9b1dcb95b84dfa27fd6f0f40b385ac29b242b16ea,30,0.0032550536561757326,27.6,0.8278247689877352,0.8278247689877352,0.8684818513953804,0.9040367118617424,0.935582984111938,0.9591452354502791,0.9806258838130729,1.0027558555522738,1.0241771978415206,1.0336322514250182,1.0520565622514293,1.0737826962149917,1.091289559521733,1.1092379322783161,1.1330393686883815
plus_di_14 >= 9,0.0063042413,98878,93952,4926,12.47,-12955.716985718791,-1840.8467790826762,4f583626fd6f59b1b2e0825c720b1d1aad3858951a5b50964ea86a5c13485b5d,30,0.02197294309735298,27.67,0.8356262968485921,0.8356262968485921,0.8921542777897119,0.9310333967471263,0.9603540521695276,0.9862214285157718,1.009851554180628,1.0302318913581061,1.0491119499470625,1.0678519126750508,1.085065260551112,1.1003518567470219,1.1144738707939341,1.127885387054225,1.1409017448923682
rsi_10 >= rsi_5_sft_2,0.0062768133,98878,50149,48729,12.62,-7502.624472533964,-1011.4367462685914,9c5304fe9d592b70a0c6b3286ed47e7bf2dda0b94ec7966217da111653dec0de,30,-0.0011042557889595628,27.4,0.8253874221240337,0.8253874221240337,0.8651516331641971,0.9042790216748882,0.9280756865659303,0.9471726125437048,0.9682899270378222,0.9915865057409153,1.0118386841801907,1.0289206602394843,1.053019793685734,1.0735975711884962,1.0868183278790027,1.1041771542512824,1.1304693870437759
aarou_10 <= aarou_20_sft_2,0.006259094,98878,61118,37760,12.58,-7389.902015091048,-1096.7562215944563,11ecda3140789fc7bb03c4e9ce6db1e36d26d05f5895e9047d4b04d8e05db454,30,0.0010358773870393634,27.48,0.8542186092562712,0.8542186092562712,0.9116488779627641,0.9608209285651347,0.9840208564220397,1.0097009660087484,1.0314080145558584,1.0570546465626471,1.0699152940247483,1.079981467355949,1.0907233979256499,1.101437883063329,1.1131257330960753,1.1288094300297362,1.1356190076778048
minus_di_5 <= 8,0.006259049,98878,14715,84163,12.91,-909.6843227173085,-207.16825826976128,cee77ee220a5e77fe95d20a730179fabcb0f2e40106664424787bbccffac6b44,30,-0.014233571477234364,25.93,0.938260562711483,0.938260562711483,1.009001292747654,1.0793564495393175,1.1352692067409915,1.1530314533308608,1.1737803585589703,1.1658749262683785,1.1601887306752932,1.1611932231800952,1.160926358620452,1.1762436209063167,1.187751359714645,1.1896973895360885,1.2020960427317635
minus_di_14 <= 6,0.006256689,98878,1946,96932,13.87,-847.503113901359,-66.03187027711101,cee77ee220a5e77fe95d20a730179fabcb0f2e40106664424787bbccffac6b44,6,-4.3080755858682096e-05,15.16,0.7478090444414077,0.7478090444414077,0.7900871145587788,0.7824787705760424,0.7333349731268657,0.6602292840469607,0.6120220997846381,0.5795446873069172,0.5840125094370686,0.6286477619277756,0.6945697058836376,0.7239075380105626,0.7397969122589083,0.7442388210656222,0.7171817178976735
rsi_14 >= rsi_2_sft_3,0.006247763,98878,50032,48846,12.62,-7814.455165963474,-1055.4901027239976,9c5304fe9d592b70a0c6b3286ed47e7bf2dda0b94ec7966217da111653dec0de,30,-0.0030031069181859493,27.31,0.814890951388546,0.814890951388546,0.8651886978964538,0.8873635301282461,0.9065940766876168,0.9232285525555395,0.9464895562244915,0.963483569979072,0.9823360628997652,0.9957468061800219,1.0188809017142353,1.0337831859567201,1.0493712253892935,1.0634580389329749,1.0799825600729687
plus_di_14 >= plus_di_10_sft_1,0.006230849,98878,51299,47579,12.62,-7242.096647889569,-1032.9020643493277,e29890bc12ea37e8ab50982e55f5d20643af7c43a2ddc27569a065e219a2f597,30,0.005625737830996513,27.69,0.831525954727444,0.831525954727444,0.8775619663504779,0.9162600007089038,0.9435444959796243,0.9685451528219665,0.9973740112305554,1.0132455994305058,1.0343054313298439,1.0574834257418626,1.0817074329320482,1.1007179125045805,1.1143105499792985,1.12427112424704,1.1531705632866704
plus_di_30 >= plus_di_20_sft_3,0.006223435,98878,53307,45571,12.61,-7704.987829344359,-1039.8030277801372,e29890bc12ea37e8ab50982e55f5d20643af7c43a2ddc27569a065e219a2f597,30,0.01554662175476551,28.09,0.8284890940340676,0.8284890940340676,0.8898698310385061,0.9397712279516741,0.9762071461024313,1.0058271825232055,1.0354822235111942,1.0581546981294574,1.080889950672823,1.1019563857712495,1.1245011922269816,1.1392199847891724,1.1515463300981037,1.1733106665767776,1.1830391702255336
minus_di_5 <= 6,0.0062203393,98878,10071,88807,13.03,-541.7138359418168,-117.17178217106994,cee77ee220a5e77fe95d20a730179fabcb0f2e40106664424787bbccffac6b44,30,-0.013711238279938698,25.63,0.9488148816411962,0.9488148816411962,1.0308927354744568,1.1129796956619058,1.171179472688455,1.196574202655607,1.2218929404163308,1.204434937998745,1.1969672293565272,1.2004486059840138,1.2093064306748165,1.2320998533594667,1.2352807134247223,1.2412427086134086,1.2418917086718526
mema_5 <= High_sft_1,0.0062058805,98878,83372,15506,12.51,-9778.025796668586,-1623.3327854364761,272a901e1625028460b95370368ae350ea9835e10fc1933b41122586149e5de3,30,0.0004120339290238917,27.45,0.8595619617474054,0.8595619617474054,0.9178174025945541,0.9539389585859064,0.9835495633431078,1.0029237895260301,1.0203342290930753,1.0377641813780316,1.0496198912420964,1.0626455470313902,1.0758264428770876,1.0876518213438469,1.103312844358279,1.1174186299513644,1.1246284778043165
willr_14 <= -11,0.006204436,98878,86797,12081,12.49,-11385.045118896847,-1680.6189539921106,c087f74a8ef9fdefe2bfbfe4c42e7c177e68996d73089fae9a8de15f5638210d,30,0.0035032627638429403,27.5,0.8401590530821372,0.8401590530821372,0.8889490739657967,0.92186560022684,0.9416759786280817,0.9614520732655775,0.9823043990711214,1.0022699015862053,1.0193897811356714,1.0377642330253933,1.0541959977636064,1.0696624671423418,1.0841385683959468,1.0956260695396094,1.1047333870406686
adx_5 >= adx_5_sft_2,0.006202044,98878,50038,48840,12.62,-5617.007221778401,-946.4783553442612,fd7b69234972b511c2e03a174ce4b77d38140d5e70cabc298bd88fa9bb05adbf,30,0.00408455403521657,27.63,0.8656365073321447,0.8656365073321447,0.9165151429939787,0.9643367233191417,1.0059966537866654,1.0278726391093582,1.0500837551965523,1.0660679080463074,1.0863154563760224,1.1013609409998497,1.1143860901037987,1.1291928518454222,1.1452599605370517,1.160010579704427,1.176552466896466
day_of_month >= 6,0.0061965906,98878,83332,15546,12.51,-9717.694941636575,-1613.4235942513915,666161afb56bd50fe398018469fe957621e37839d10a56fca5818303205ef700,30,-0.002578294835984707,27.4,0.8621219808590159,0.8621219808590159,0.9166155898207815,0.9528403967807514,0.9782114923543168,1.0008399527760492,1.0212049962228529,1.036001166630882,1.0493243707686513,1.0634116257887176,1.075718809680284,1.0876028390814372,1.0995391345544143,1.109626171756027,1.1206414081400384
mom_15 <= mom_15_sft_2,0.0061904164,98878,50257,48621,12.62,-4920.835535524543,-877.6605263995734,99b230403b43b61a62d1e1bb62b812e1617b1ac927f76ee434dad8be358b43f3,30,9.068133658729494e-05,27.45,0.8742633709551297,0.8742633709551297,0.9203665195290478,0.9534402959222373,0.9852931875351569,1.0003266112391782,1.0209567429701445,1.0355966877339953,1.0463132446793875,1.0675715180530314,1.0789512308880624,1.082993900862385,1.0943386761246865,1.1017072232156377,1.1136572120929051
minus_di_20 <= 4,0.006187808,98878,361,98517,15.79,-282.81832261383533,-31.363999397661246,cee77ee220a5e77fe95d20a730179fabcb0f2e40106664424787bbccffac6b44,4,0.0,0.0,0.6859273649740502,0.6859273649740502,0.6716912877525434,0.5662092512174609,0.4688324371939488,0.3594363152985503,0.35891874043646577,0.4185896912983288,0.42800767428491004,0.5292906154839907,0.6152668944934208,0.6457627743870967,0.6080421399511255,0.5811804655423121,0.5529462055351675
minus_di_5 >= 20,0.0061785765,98878,51185,47693,12.62,-5629.867775567,-1022.1281788244232,a06e18f5f366aa3040f30d3f53c74e6c3d30e6b8f15e9282eabbaa7fe9dd85a0,30,0.02296433225274086,28.43,0.8571796484188258,0.8571796484188258,0.9158433282809166,0.9514953644878013,0.9763721125189403,1.0019567327746268,1.0245124877883187,1.0425526788634887,1.0622930389218306,1.0929318631125526,1.1131684280597196,1.1341414474744225,1.154922207784228,1.1658145635293395,1.1839445668295088
minus_di_14 <= 7,0.0061460934,98878,2885,95993,13.59,-909.5572721391218,-72.89533333393047,cee77ee220a5e77fe95d20a730179fabcb0f2e40106664424787bbccffac6b44,8,-0.005415817257016897,15.91,0.7928613768624645,0.7928613768624645,0.7979642869222683,0.8119124390836147,0.7985540868175766,0.7332864810430691,0.6710691139981111,0.6223123303014669,0.6006898812191998,0.624025656479262,0.6724462731691894,0.7230555862608652,0.7438314609438826,0.7483937829041777,0.7380730612386285
sma_10 >= Close_sft_2,0.0061420966,98878,50650,48228,12.62,-7093.810645665156,-1022.1910260479563,9d05ebf4a4df1374ab70d34fd4bb0bb7068613b3ea4d9f34537ac27b7aeadf15,30,-0.0010817941511049867,27.4,0.8288601380301183,0.8288601380301183,0.870548713802833,0.9041273377325179,0.9354573819602408,0.9531779488210526,0.9720629760310441,0.9826655347295085,1.0041586642843416,1.020674844630953,1.036982214884232,1.0548088642859652,1.0633799793686793,1.0755302512327496,1.0914259131383897
aaro_10 <= -90,0.006091171,98878,9616,89262,13.03,-950.3382183211193,-195.3196682829439,87b58f9896252e251c68e9159d326bea7ed912172d4942a46db4a6bfa531cebe,30,0.0037400126457214355,27.95,0.8617792304115357,0.8617792304115357,0.9338333294960725,0.9512689641661844,0.9520399618000512,0.9772440808076042,1.0037233920315034,1.0525160191803533,1.080426127645629,1.0672684878209664,1.0969837561628737,1.1252905680036154,1.1425094468119443,1.149404423880384,1.174894793088432
stdev_5 >= stdev_10_sft_2,0.0060878596,98878,25424,73454,12.76,-3117.97835211287,-523.6045255026547,a092dbfa6dbefd1d342d1a211503f33f5c7745cd5359e4d4115f2b75459bc7b9,30,0.0015764553099870682,27.56,0.8609217156044909,0.8609217156044909,0.9133908436650614,0.9771521264534611,1.0281036589080819,1.0459284783786817,1.04272867785921,1.0631896339315239,1.091210813359382,1.1175077118287535,1.1308195651485569,1.137833946378609,1.1409268225405158,1.169037277753835,1.1960435691216724
rsi_10 <= rsi_10_sft_2,0.0060799764,98878,50779,48099,12.61,-4637.219102240222,-931.2335340993086,f60792ba6ac5baece5de7ac90117c85055d233a86016db65a9b1851d8a518ee9,30,0.00379707058891654,27.61,0.8835894797318053,0.8835894797318053,0.9287300468182224,0.9648761720056156,0.9850101515623291,0.994134899234118,1.0091592473062336,1.026469041192681,1.0368992343210655,1.0592778276896273,1.0719012989616041,1.0868243213108582,1.10437963214719,1.1132747024689174,1.1177834584762116
sma_10 >= Close_sft_1,0.006066397,98878,50668,48210,12.61,-6987.698774152345,-1019.4069797472403,9d05ebf4a4df1374ab70d34fd4bb0bb7068613b3ea4d9f34537ac27b7aeadf15,30,-0.0008070137700997293,27.41,0.8291969772006597,0.8291969772006597,0.873866277332648,0.9123784878406145,0.9340738373112238,0.9488077957065957,0.9647690225568384,0.9775386138579507,0.989882444209042,1.0126776802395494,1.0254167408005552,1.041001107234857,1.051540110489007,1.0640253817054752,1.0785736884251
rsi_14 >= rsi_5_sft_3,0.0060490686,98878,50340,48538,12.61,-8460.427993230009,-1032.7402674467012,9c5304fe9d592b70a0c6b3286ed47e7bf2dda0b94ec7966217da111653dec0de,30,-0.004251493606716394,27.26,0.8036345357505584,0.8036345357505584,0.8540009301381147,0.8844885465983506,0.9081191404883233,0.9335485092598529,0.9567691678101804,0.9761917671043165,1.0010048692247342,1.0195039075186296,1.0455475313516336,1.0635184332236651,1.078311518114505,1.0978361673590806,1.115179520774432
minus_di_20 <= 6,0.006027972,98878,1031,97847,14.35,-413.5255328658968,-51.705982815954485,cee77ee220a5e77fe95d20a730179fabcb0f2e40106664424787bbccffac6b44,6,0.00016517315816599876,15.23,0.7936997485017203,0.7936997485017203,0.8000410177297471,0.7443307113495099,0.6596771494879561,0.5773956293442515,0.5018340512139722,0.47718395172321504,0.533499144193863,0.613734502966808,0.6580006161361331,0.7370986905874439,0.7529269915168525,0.7206784167607703,0.6714540830318051
willr_14 <= willr_14_sft_3,0.005972608,98878,51486,47392,12.61,-4687.533473458152,-898.4486613899644,1427ae29e5c4ed561613e902f1f63301f41038d7cf9fdf54aa945c6a3e2bca60,30,0.001982614863663912,27.53,0.8850033943565416,0.8850033943565416,0.9410673379621395,0.978067377364161,1.0033930659178991,1.0215228600919835,1.0300697050717185,1.0472791817596714,1.064273090410441,1.081043643001958,1.0925277713130317,1.1113453642281201,1.1287737274672403,1.1366224655107064,1.1446972306449736
atr_5 >= atr_5_sft_2,0.005967438,98878,40756,58122,12.65,-4081.198701564471,-735.6467579590753,532171b4b026df3b7d23c8264137467a8cc80a53ca41565a8c760a4fc7c55907,30,0.0046293847262859344,27.69,0.8844965197313819,0.8844965197313819,0.9505437708039712,0.9909907283778047,1.035268905770292,1.0595871846157527,1.083884416146579,1.1028305572541437,1.1223262671981538,1.1346555793438473,1.1474063525752543,1.1596167902996304,1.1646864900680471,1.1810330519319894,1.1956934042978329
mema_10 >= mema_50,0.0059609916,98878,46021,52857,12.63,-4745.516499694231,-725.3022148169548,da871536f9280a0159baee359a9496c73c67bcc656bfb6cada940a1228de3547,30,0.000798214809037745,27.48,0.8801203234799847,0.8801203234799847,0.9579879856569565,1.0169611404846788,1.0657305379957172,1.1081501472725945,1.142554645435069,1.1741538981438044,1.2032169718232368,1.225239685902584,1.2416885959852384,1.2562067301876993,1.2732620924543285,1.2899951426855187,1.3106123563290608
adx_14 <= 9,0.00595668,98878,530,98348,15.09,63.889324421063066,-4.799397949165723,3c92cb65188a6807549ad02f373e5063a01a53cbce3d2b8fe4af860199995f57,22,0.0,0.0,1.180300963942085,1.180300963942085,1.378444838355437,1.242722910700334,1.2999311495177286,1.567634736860949,1.6325879524273332,1.7359290504714413,1.8345158705431863,2.1136445779420754,2.161031927501127,2.1158276890525025,1.8182417357574534,1.7711247308819775,1.780325330446957
willr_14 <= -7,0.005955601,98878,90074,8804,12.48,-12306.760534989215,-1758.937171162892,c087f74a8ef9fdefe2bfbfe4c42e7c177e68996d73089fae9a8de15f5638210d,30,0.002089086687192321,27.47,0.8348306363240742,0.8348306363240742,0.8833356124015431,0.9185896498432724,0.9382615726754829,0.9600184294370221,0.9804031961817963,0.9992754145243423,1.015432231155189,1.0349465374395994,1.0520674557394611,1.0682937840348794,1.0836184422225363,1.093931367789199,1.1040347914888158
minus_di_5 >= minus_di_5_sft_2,0.005954038,98878,39409,59469,12.66,-3245.2209491981766,-746.1037992940473,a7c5a511f18bc4bc65b530c22aedd665cbba6e43036caf921c03925c9eff7340,30,0.003343449905514717,27.63,0.8958208916537956,0.8958208916537956,0.9469525628448315,0.9718625214357213,0.9830976149329708,0.9967936279770948,1.0031818079212644,1.023206577745686,1.0359106856535867,1.0629391776866417,1.080860278323651,1.0887620566522098,1.1042269083845158,1.1078442283028256,1.118655377444738
minus_di_20 >= minus_di_20_sft_3,0.0059352736,98878,42921,55957,12.64,-4601.597170962581,-806.4169320009169,a7c5a511f18bc4bc65b530c22aedd665cbba6e43036caf921c03925c9eff7340,30,0.003628927981480956,27.63,0.8636989543661286,0.8636989543661286,0.8966853320394194,0.9214712440549271,0.9420999154317727,0.9594590456105903,0.9776812263238273,0.9940128325450924,1.0115476830878285,1.043720958982012,1.0568397401090308,1.0715940031402815,1.0909456035576706,1.0991463912774018,1.1154864438615264
willr_14 <= -6,0.0059308195,98878,90851,8027,12.48,-12503.33551059476,-1770.3174039791556,c087f74a8ef9fdefe2bfbfe4c42e7c177e68996d73089fae9a8de15f5638210d,30,0.0019920100457966328,27.47,0.8339121254370859,0.8339121254370859,0.8825891469738956,0.9185326353192952,0.9393302931202558,0.9614303173902229,0.9817719536017337,1.0006305498980743,1.016414106606491,1.0352951397298773,1.05198659588378,1.067760435083575,1.083554172093067,1.0932685033110676,1.1033634219341415
minus_di_10 <= 2,0.0058880392,98878,401,98477,15.46,-140.67603905219585,-19.777399590697314,cee77ee220a5e77fe95d20a730179fabcb0f2e40106664424787bbccffac6b44,4,0.0,0.0,0.8414211078023565,0.8414211078023565,0.8323481693540503,0.7390994648988349,0.6465074994211084,0.526529649505477,0.4807757497708053,0.4931733564702547,0.48804036916710397,0.575827305001096,0.682539145273387,0.7621364676539344,0.7491887924875653,0.6802985241055873,0.6337146922711271
aarou_10 <= aarou_20,0.005860118,98878,70351,28527,12.54,-8563.580857200632,-1268.058616682356,11ecda3140789fc7bb03c4e9ce6db1e36d26d05f5895e9047d4b04d8e05db454,30,-0.005291671026498079,27.29,0.8548094034102613,0.8548094034102613,0.9123598428216506,0.9598589574269905,0.9887165862807961,1.0130371080950349,1.0382526964234207,1.0623545654348745,1.0762076134206862,1.0887090925755227,1.098040619904735,1.1086546701568183,1.1186387572915224,1.1277946495749345,1.1401837679526132
bb_lower_2_30 >= Close_sft_2,0.0058531105,98878,2297,96581,13.67,-364.9675530575623,-56.231009718132555,0e70b8a8d55e4ec73841ad3e8c9b127c0a23132eee3ba0a11c3e072e280aafa3,30,0.00460241362452507,28.78,0.8134399586830645,0.8134399586830645,0.9267777944621561,0.968300777108324,0.9315023206775561,0.9498907580288501,0.9862810754689098,0.9537044499121505,0.921919706571054,0.9379479746504337,0.9569721826124494,1.0207852806493765,1.0401745164904943,1.0741223650242628,1.0937402915665018
bb_lower_2_10 <= bb_lower_2_10_sft_3,0.005834303,98878,48500,50378,12.61,-6737.653078724744,-980.7802139578052,1b1f7d2955b86143cbe65db86c488966f4bce7b7721643a6a4f3f03e8b4d5ec5,30,-0.0005346221150830388,27.42,0.8318906556102795,0.8318906556102795,0.8848959995850386,0.9270029726780752,0.9481253423009671,0.9636285108283166,0.9706632737587066,0.9870035949995986,1.0107577235545757,1.0317673543997519,1.0469151784936497,1.0592234210166165,1.0718573019007034,1.0926057711847297,1.114052905154481
sma_20 >= High,0.0058233715,98878,39201,59677,12.66,-5755.092517399648,-814.9172498742628,2a2a894e2395475f18aac8b58b172590d4e9304b0f81f0d6018fc944d30d4b38,30,0.007983611896634102,27.88,0.8113282407229521,0.8113282407229521,0.8412848916943724,0.8786295671849899,0.8945013893122192,0.9119030543120632,0.9241509540581776,0.9428517049320785,0.9619389361334353,0.9887758046739793,1.0109990125613693,1.0287214306587755,1.0474424053749702,1.0634603873096418,1.0821098866295242
bb_lower_2_30 <= bb_lower_2_10_sft_3,0.0058204574,98878,81009,17869,12.51,-10647.64466066075,-1524.0886832583128,1b1f7d2955b86143cbe65db86c488966f4bce7b7721643a6a4f3f03e8b4d5ec5,30,-0.005057475995272398,27.34,0.8409625774763958,0.8409625774763958,0.8944741198061144,0.9369600677246972,0.9708872830700684,0.9965274761411067,1.0248165907344835,1.0430566843208036,1.0589736796289728,1.0745050325280416,1.0911463159891,1.1053235722595653,1.1181493410728107,1.1332277738033207,1.1467481349012003
adx_14 <= adx_20_sft_2,0.005791686,98878,22370,76508,12.77,-4183.344656379559,-502.19959633181134,234f8ad1c2baf91b95c9f1aef2798b533888ce55558d2a8e51c247014080fabc,30,-0.0025693047791719437,27.23,0.7904940661723735,0.7904940661723735,0.8414561293484137,0.8771863208727738,0.9037576954308321,0.9397595711928622,0.9748073022645998,1.0027691281486508,1.0275821437647492,1.0455132215015908,1.052862589402517,1.0626947965997466,1.066374548430904,1.074742969288184,1.0858575789629377
plus_di_10 >= 8,0.005789678,98878,93044,5834,12.47,-12326.734914356122,-1790.5783469597955,4f583626fd6f59b1b2e0825c720b1d1aad3858951a5b50964ea86a5c13485b5d,30,0.014729511924088001,27.61,0.8424485417554283,0.8424485417554283,0.8961003131242382,0.9362436673721939,0.9680652404038239,0.9933483543520986,1.0163616596564116,1.0362676612534458,1.0545095290269797,1.0721609520002133,1.0880520239230078,1.1029800094217717,1.1176669708363907,1.1315041954426361,1.144167092861038
willr_14 <= -8,0.005769208,98878,89290,9588,12.48,-12106.57001202324,-1742.5877442234923,c087f74a8ef9fdefe2bfbfe4c42e7c177e68996d73089fae9a8de15f5638210d,30,0.003172351513057947,27.49,0.8357941821686488,0.8357941821686488,0.8851444365821917,0.9198066005086225,0.939290716069972,0.9609847839478517,0.9814269826345717,1.000496195257685,1.0169287225318533,1.0364018356141886,1.0538774142936655,1.0700377294391046,1.0859091935782021,1.095740026673144,1.1057928142275164
plus_di_5 <= plus_di_10_sft_3,0.005767765,98878,58434,40444,12.58,-7092.575173719456,-1158.803511520542,bd972efc927c87708f479b3c989a305bfeb89b6aa0381d01606955fa59f6baca,30,-0.0018518043216317892,27.38,0.8512475536797355,0.8512475536797355,0.8937331132397891,0.9215486984317939,0.937922282341676,0.9578782715608846,0.9798763427776055,0.9969756756649115,1.0087380375125494,1.0209681014535257,1.038925240119826,1.056967309229975,1.0774358538534776,1.087124344400111,1.0989297850694777
rsi_14 <= rsi_14_sft_2,0.0057583814,98878,50789,48089,12.6,-4608.170428264708,-914.998139333984,f60792ba6ac5baece5de7ac90117c85055d233a86016db65a9b1851d8a518ee9,30,0.004443468991667032,27.64,0.8837192881977828,0.8837192881977828,0.9294874909534259,0.9645708468531478,0.9847947582683217,0.994350159445688,1.0073935366691031,1.0263092397399667,1.0366837829731246,1.0594447712347792,1.0730293803442306,1.08776235040425,1.107535203263966,1.1176096906548567,1.1221314604601036
plus_di_20 >= plus_di_10_sft_3,0.0057540145,98878,54441,44437,12.59,-7753.088588934884,-1035.9459550981628,e29890bc12ea37e8ab50982e55f5d20643af7c43a2ddc27569a065e219a2f597,30,0.00791426282376051,27.76,0.8292262196538309,0.8292262196538309,0.8817636408963655,0.9258789021071109,0.9566203688335978,0.9828839772469774,1.0060227090686558,1.0257079555780195,1.0513930200025308,1.0772467469793843,1.099512714020313,1.1190070236012206,1.1303505265781915,1.157374568685975,1.1784312138703399
bb_upper_2_20 >= bb_upper_2_20_sft_1,0.0057478133,98878,47803,51075,12.61,-5470.9364942915545,-863.6712060756181,2b12f1a24b5e2be255bd7327d40ce3105a7cd48cdc1cc2d1ac037ab6015a19a3,30,0.0003400644054636359,27.46,0.8667645363460482,0.8667645363460482,0.9267634732425586,0.9719061103235783,1.0155291553396941,1.0440719538262346,1.0668452919431122,1.086699416841201,1.1019094961578146,1.1161271422238455,1.1301881714260176,1.1346873856836823,1.1444130449846406,1.1637017561847276,1.1849552203631348
minus_di_14 <= 8,0.0057426603,98878,4034,94844,13.34,-1043.180597097613,-76.75708819895226,cee77ee220a5e77fe95d20a730179fabcb0f2e40106664424787bbccffac6b44,28,-0.027274254709482193,21.1,0.8159948761849175,0.8159948761849175,0.8191203088400257,0.8540739668860345,0.848951020156999,0.8189909534461011,0.7782938233771388,0.7387156341137845,0.7358265515982642,0.7516474251046288,0.7825500012101317,0.8383477322045462,0.8553059920802832,0.8648704718071105,0.8620908543219795
plus_di_5 <= plus_di_10_sft_2,0.0057168454,98878,60751,38127,12.57,-7175.728720853648,-1187.5769662469538,bd972efc927c87708f479b3c989a305bfeb89b6aa0381d01606955fa59f6baca,30,-0.003076474880799651,27.34,0.8554380435622221,0.8554380435622221,0.8954326926080505,0.9290878250039827,0.9422810022302814,0.9611606876210639,0.9811686941484272,1.0004082753173134,1.0122967625902597,1.027498841436204,1.042712977561363,1.0602555826592674,1.081126373350868,1.0945960202314025,1.1023600034616063
sma_5 <= High_sft_1,0.005715746,98878,84572,14306,12.5,-10099.775536811369,-1627.0811689864204,96dbcbed1df94b1ba010b345e5b1a9039b5cdd6019405ebbb50c28754007bf82,30,-0.0037191924639046192,27.38,0.8570409175966931,0.8570409175966931,0.9178398824497809,0.9533151684148875,0.9813023403604662,1.0019002518247813,1.0193439871998513,1.0352699128255252,1.0486248784842387,1.0616523048244417,1.076069106722981,1.0872478613625545,1.1025173226327127,1.1177334236515528,1.1248893495693129
minus_di_14 <= 19,0.0057141148,98878,37233,61645,12.66,-4847.810589795043,-646.6698125356561,cee77ee220a5e77fe95d20a730179fabcb0f2e40106664424787bbccffac6b44,30,-0.03244245424866676,25.58,0.8616099026645695,0.8616099026645695,0.9240603670594669,0.965048303951072,0.9950704495282546,1.0179252004412618,1.028296757791042,1.0345216554301415,1.037622828573481,1.0300966782953056,1.0307887694764744,1.0317988870134092,1.039338285869389,1.048565193038674,1.053981229821466
plus_di_5 >= 21,0.0057076244,98878,47929,50949,12.61,-4298.643529727735,-809.2236337699724,4f583626fd6f59b1b2e0825c720b1d1aad3858951a5b50964ea86a5c13485b5d,30,0.00167422229424119,27.52,0.8985494056201421,0.8985494056201421,0.9653417759046328,1.0033691534583022,1.041269977316837,1.0713247147457596,1.0931878229553473,1.1060445293516459,1.1252342753345377,1.1391465797613447,1.1555169470426558,1.1662114390660465,1.175101263779955,1.1889420194520444,1.2010325814693115
plus_di_30 >= plus_di_5_sft_2,0.0056950087,98878,58613,40265,12.57,-8636.702952967225,-1207.171047571428,e29890bc12ea37e8ab50982e55f5d20643af7c43a2ddc27569a065e219a2f597,30,0.007228501606732607,27.71,0.8212298620382196,0.8212298620382196,0.8720348436958743,0.9042181877679217,0.9345836541775048,0.9593422131786487,0.9878634776106946,1.0138408736895,1.0350009921139456,1.0575027745311056,1.082370682440916,1.1012520764741918,1.115091455104755,1.124538851787701,1.1463660464536323
minus_di_5 <= 7,0.0056786314,98878,12343,86535,12.91,-691.4648773980007,-161.15567561874923,cee77ee220a5e77fe95d20a730179fabcb0f2e40106664424787bbccffac6b44,30,-0.015807095915079117,25.58,0.9455868890301615,0.9455868890301615,1.026723516902428,1.1047166413140403,1.1627733448239368,1.1862737353625437,1.1976172365646167,1.1836564541527603,1.1756362132961395,1.1716259653923327,1.1777034266247017,1.1888599067547767,1.190520044082788,1.2003687418686404,1.2099961325568536
aaro_5 <= -80,0.0056538256,98878,19612,79266,12.79,-2192.8832754541363,-379.7170776796338,87b58f9896252e251c68e9159d326bea7ed912172d4942a46db4a6bfa531cebe,30,0.006678343750536442,28.04,0.8533679033774856,0.8533679033774856,0.9044671393347677,0.9375320893382498,0.9484597781530585,0.9404591452181152,0.9452252671261779,0.9628301057629028,0.9771169840188345,0.9987813101824065,1.023351180442017,1.0446923325396023,1.0607405621226151,1.0700782420532358,1.0935257790928026
mema_5 >= Low_sft_1,0.0056499126,98878,84570,14308,12.49,-12143.420548494916,-1722.3290532116225,e7e0f1d344c8e3b4344908a65185f87340bab0bfe5216b7073401aaebfc88a19,30,-0.00883740745484829,27.28,0.8318766763111428,0.8318766763111428,0.887550113356529,0.926908388957,0.9562464181820973,0.9804136832217726,1.000350336414248,1.0219055156219614,1.0381258986038278,1.0526196702821924,1.0666593172309076,1.079039191566933,1.0876576950585404,1.0986366289903373,1.1141315482760992
plus_di_20 >= 10,0.005633695,98878,94649,4229,12.46,-13365.323768413022,-1877.8135642353955,4f583626fd6f59b1b2e0825c720b1d1aad3858951a5b50964ea86a5c13485b5d,30,0.024714654311537743,27.68,0.8310467605815307,0.8310467605815307,0.8856913489341626,0.9246810668824617,0.9548260960503154,0.9813267979575911,1.005979870328189,1.027254964587658,1.0471385046115813,1.065993517436286,1.082647555099665,1.0972566017794747,1.110902099712429,1.123442929216387,1.1360979896420584
plus_di_20 >= plus_di_5_sft_3,0.005612787,98878,57461,41417,12.58,-8044.4767687450185,-1127.4354228611992,e29890bc12ea37e8ab50982e55f5d20643af7c43a2ddc27569a065e219a2f597,30,0.003760729916393757,27.59,0.8305135955881018,0.8305135955881018,0.8818933768245499,0.9152678927397099,0.9409896267396126,0.9653151151983526,0.9908421492535805,1.0104891190023657,1.0363900939329915,1.063889909474279,1.0825223732552822,1.1023180835384976,1.1104800455677248,1.1294943623389886,1.1461853053464204
plus_di_30 >= plus_di_5_sft_3,0.0055817645,98878,58450,40428,12.57,-8555.950186412458,-1173.8093200255898,e29890bc12ea37e8ab50982e55f5d20643af7c43a2ddc27569a065e219a2f597,30,0.007626669015735388,27.73,0.8227081181904413,0.8227081181904413,0.8699775168146461,0.9085832571895406,0.934979720453596,0.9605814015207442,0.9884345678689029,1.010082392853433,1.0365578881070667,1.0633011610859662,1.0824809133819495,1.1014402653934172,1.1116547231655065,1.1313441321366573,1.14635281327902
plus_di_14 >= plus_di_5_sft_2,0.0055793887,98878,56634,42244,12.58,-8046.238256432259,-1139.2684375203607,e29890bc12ea37e8ab50982e55f5d20643af7c43a2ddc27569a065e219a2f597,30,-0.0016568556893616915,27.38,0.8290612661918134,0.8290612661918134,0.8799140421017183,0.9113257419673846,0.939047236652133,0.9603750719301845,0.9832348930739718,1.001639052216319,1.0227649496783149,1.0457375438501224,1.0696051212411326,1.0900937372051656,1.1060351110677977,1.1132423786836687,1.136738836647213
aaro_20 <= -95,0.0055791973,98878,4502,94376,13.26,-283.4872868587263,-111.27766484401218,87b58f9896252e251c68e9159d326bea7ed912172d4942a46db4a6bfa531cebe,28,0.010500957258045673,29.1,0.9128396527745084,0.9128396527745084,0.9861767678081024,0.9941389780517527,0.9429781585755217,1.0134922124837487,1.0420336626163627,1.0835219868745083,1.0839755054144349,1.112038966527504,1.1234033798042977,1.16833831432658,1.1969197559813407,1.2033229814730453,1.1835683288028416
minus_di_14 <= 3,0.0055781663,98878,384,98494,15.36,-301.244878240861,-29.228399366947997,cee77ee220a5e77fe95d20a730179fabcb0f2e40106664424787bbccffac6b44,4,0.0,0.0,0.687128969533157,0.687128969533157,0.6778333017601773,0.590043468745766,0.4941563260616128,0.38884690069879424,0.36137258636801456,0.3988984381661307,0.4207918805756869,0.5378054769643639,0.6373773295489736,0.6808447866016488,0.6685890232221678,0.6342123791846065,0.587277787478605
willr_14 <= -13,0.0055269543,98878,84884,13994,12.49,-11206.836394439833,-1649.3625360711594,c087f74a8ef9fdefe2bfbfe4c42e7c177e68996d73089fae9a8de15f5638210d,30,0.002642681822180748,27.49,0.8387776368209308,0.8387776368209308,0.8883618468641726,0.9195576565559384,0.9375005879579333,0.9565979776643712,0.9771831720332613,0.9970612744658933,1.0136644508190908,1.0310647748493293,1.047563370067231,1.0645562316786834,1.079291738057879,1.0912425641738217,1.1000078957839936
minus_di_14 <= minus_di_10_sft_2,0.0055257794,98878,52818,46060,12.59,-8315.285605253706,-1040.5654214535462,6ead8d4aff114cb978d2a5e9b1dcb95b84dfa27fd6f0f40b385ac29b242b16ea,30,0.003141092136502266,27.58,0.8179049194345166,0.8179049194345166,0.8652607330120297,0.9053640657876596,0.9381908809677414,0.9650457357356311,0.9964001283545028,1.0176088338582783,1.0378335155197278,1.0510170552717621,1.0657151271627905,1.087592560646045,1.104912067135943,1.1261540985969158,1.1468778580325336
day_of_month <= 8,0.005523462,98878,19968,78910,12.78,-501.34097378403885,-297.0899051111919,49cbc20e8e123e9500d17c94d10e8476c9be751f3936e646ba3355acc5fd09d7,30,0.03877299651503563,30.88,0.9669158551659414,0.9669158551659414,1.0682490862174077,1.1498095832754223,1.2205804227907149,1.282127080319928,1.3377583323933095,1.3887685393923292,1.4339945632518756,1.477502321598787,1.5166790996678796,1.55467321773079,1.5921220971034111,1.628448509901375,1.6623294940435362
rsi_5 >= rsi_2_sft_2,0.0055158846,98878,49814,49064,12.6,-6215.581895334771,-961.9874413724683,9c5304fe9d592b70a0c6b3286ed47e7bf2dda0b94ec7966217da111653dec0de,30,-0.00015496367996092886,27.44,0.8519571579112629,0.8519571579112629,0.9037293914036347,0.9357972725751619,0.961684867016813,0.9816481160250415,1.0014083408034409,1.0199110776045643,1.0397460707114974,1.0495657428010525,1.066603817150991,1.0854576294644498,1.0862932699152035,1.0962333588033355,1.11921902852576
aarou_30 >= aarou_14_sft_2,0.0055157775,98878,60292,38586,12.56,-7755.919991905602,-1162.1472046334602,0f031b3780e6467809600593d6806420193325d9573f332c17b627db66a26893,30,-0.004650677554309368,27.28,0.8463432175053234,0.8463432175053234,0.903922779809699,0.9336350919238092,0.969734877772978,0.9970814341082657,1.0169161504872521,1.0316034482167575,1.0465068551299532,1.0554444413988837,1.0621213719615867,1.072470258280778,1.0872250305374125,1.0974209553609955,1.112981699181826
adx_5 >= 24,0.005509265,98878,88826,10052,12.48,-10895.64527444469,-1694.513698618175,4118d96628e9d7109ca1b25b71d8f7665de5864ad974c7631ea4a76d380fc96f,30,-0.0055673676542937756,27.36,0.8528524585993779,0.8528524585993779,0.9073416612473393,0.9491225919673342,0.9813857909733205,1.0029049603000322,1.0214863002812142,1.0394202916579887,1.0556081736096283,1.069986985670001,1.084175194705662,1.0955583523886823,1.1080660559572284,1.1190550531023462,1.1297597246008937
aaro_14 <= -92,0.0054675178,98878,6607,92271,13.09,-574.5453768283746,-130.72438490012428,87b58f9896252e251c68e9159d326bea7ed912172d4942a46db4a6bfa531cebe,30,0.005147367715835571,28.3,0.8804335593783945,0.8804335593783945,0.9025638517133155,0.9045266400487574,0.9388052610660986,0.9960491827342849,1.000115976144869,0.9996605839660035,1.0299704384045316,1.0278362824280327,1.028719586560434,1.0382803152499263,1.0768152127457864,1.103118218801519,1.1501044704684926
mom_10 <= mom_5_sft_3,0.00541985,98878,50769,48109,12.59,-5453.206471139453,-977.5694732567863,99b230403b43b61a62d1e1bb62b812e1617b1ac927f76ee434dad8be358b43f3,30,0.005553854163736105,27.69,0.8612314042995662,0.8612314042995662,0.8939000193408527,0.9215704962197047,0.9381049185403911,0.9601329404701354,0.978575158014445,0.9957563483554774,1.0113146111028337,1.028217477301259,1.0402185622368123,1.0619497277479226,1.084440997477433,1.085488045557492,1.0943997028714636
aarou_30 <= 0,0.005393102,98878,9535,89343,12.96,-1661.4674426933198,-211.25917573026527,da60be741621a42d93721696dcc6252cb06464cd161c4da151f0e18e03138794,30,0.011603356339037418,29.03,0.7921199684828054,0.7921199684828054,0.8346527116932124,0.8441095752473549,0.8816438591493165,0.9179358559709844,0.9702472296892249,0.9992353969358393,1.0435437759101462,1.0793230599005847,1.1020768009535162,1.1040450148499221,1.1185939539295413,1.1156934591472027,1.1208287663494194
mema_10 >= Close_sft_2,0.005372462,98878,50743,48135,12.59,-7873.296663116064,-1056.7887585083154,1e15dac9f18b8bc737934702402ffb02b545ee7fbda8772d4c0156705e9d2a44,30,0.0002547095064073801,27.46,0.8132993567135655,0.8132993567135655,0.8556838798482979,0.8832882288644812,0.9127760039599542,0.9329075312752282,0.9480431775712824,0.9668400281323561,0.990358818127999,1.008162708073302,1.0244447714446896,1.0396901197043464,1.0450245697049247,1.058728058088611,1.0780870065139285
willr_14 <= -9,0.005343615,98878,88462,10416,12.48,-11955.214781608582,-1729.646830728947,c087f74a8ef9fdefe2bfbfe4c42e7c177e68996d73089fae9a8de15f5638210d,30,0.00241143349558115,27.48,0.8360406193365285,0.8360406193365285,0.8852265669055027,0.9200263928894948,0.9395232918064935,0.9602723276910461,0.9803391452898775,0.9998845415404989,1.0161550215299622,1.0350592678064723,1.052876413954269,1.0691917238031343,1.0847081278581907,1.0944251153176157,1.1045059372126498
willr_14 <= -16,0.005342046,98878,82452,16426,12.5,-10728.03051174313,-1610.7897109866972,c087f74a8ef9fdefe2bfbfe4c42e7c177e68996d73089fae9a8de15f5638210d,30,0.002502980176359415,27.49,0.8403898632900925,0.8403898632900925,0.8892346769935704,0.9211222849110114,0.9383302595679925,0.9568100285333,0.9762527576600069,0.9946107629954564,1.010847282926742,1.0272252682633454,1.0440679193526035,1.060453089209472,1.0754315797942873,1.0845697276847375,1.0924802422383482
sma_10 >= High_sft_2,0.005340852,98878,26524,72354,12.71,-4015.3249847064144,-538.1921622746158,2a2a894e2395475f18aac8b58b172590d4e9304b0f81f0d6018fc944d30d4b38,30,0.005601729266345501,27.86,0.8139215559277795,0.8139215559277795,0.8737473998352192,0.9020023097545933,0.9233670225438368,0.9540666850373869,0.9854741491908735,1.0005865245262515,1.0275291009792167,1.0525964921332156,1.0799617109750483,1.0860655612005434,1.0969674235463782,1.1197557993395575,1.1358807253764194
sma_20 >= High_sft_1,0.0053375224,98878,38324,60554,12.64,-6383.854095749001,-831.4514612149942,2a2a894e2395475f18aac8b58b172590d4e9304b0f81f0d6018fc944d30d4b38,30,0.009024838916957378,27.95,0.7901779186146347,0.7901779186146347,0.8293116368935761,0.8701040315996768,0.8818587019577153,0.8975782968885656,0.9163186662928025,0.9364350129993038,0.9620644493836379,0.9864878196323518,1.0126895726235756,1.0307336017861752,1.0494761660246166,1.0666648055520267,1.089405825279623
aaro_5 <= aaro_20,0.0053260145,98878,52143,46735,12.58,-6666.744686805119,-981.2177949968755,03178e4886fc07979b0c314ad9c68ba2f86b07645c5f6bfdb6bc96b9669a3c24,30,0.0007440077606588602,27.48,0.8451031900873244,0.8451031900873244,0.9010199963161097,0.94354176469987,0.9731216821594502,0.9953907403089723,1.0108616546094598,1.0297099362186866,1.0445537717091626,1.0624843922701555,1.0793345885123589,1.091431874108395,1.1032059880321763,1.1238622949381718,1.1412071095316105
plus_di_5 >= 20,0.0053242757,98878,50556,48322,12.59,-4955.456737528351,-887.0939166407697,4f583626fd6f59b1b2e0825c720b1d1aad3858951a5b50964ea86a5c13485b5d,30,0.0024456174578517675,27.55,0.8890875631346652,0.8890875631346652,0.9556219782737377,0.9948084938691014,1.033547247643712,1.0658935008115225,1.0875660209396236,1.1034963384272254,1.1207274192260648,1.1353478219717614,1.1525929120763296,1.165108136407957,1.1740164692170552,1.1868125910880452,1.1986136311307276
willr_20 <= willr_30_sft_1,0.0053188964,98878,50307,48571,12.59,-3969.1002161059987,-777.3947234497173,1427ae29e5c4ed561613e902f1f63301f41038d7cf9fdf54aa945c6a3e2bca60,30,-0.0012567586963996291,27.39,0.8998221894160817,0.8998221894160817,0.9420813343209359,0.9876700081655456,1.0088716217470974,1.0356220867259938,1.0511005937898787,1.0637362504669101,1.0752497899366538,1.09827721102627,1.109293220537768,1.124486603070975,1.1428245684135774,1.1597561881477636,1.1723001112672091
adx_20 >= 13,0.005318464,98878,84111,14767,12.49,-11169.702924058412,-1619.3906990289179,4118d96628e9d7109ca1b25b71d8f7665de5864ad974c7631ea4a76d380fc96f,30,-0.010059771127998829,27.26,0.8408299978401442,0.8408299978401442,0.8921173592116494,0.9294521787716563,0.9572619612978952,0.9811508572948636,1.0038851212856401,1.0241117254212255,1.0407331915226907,1.055069308920799,1.0699888495594985,1.0836974598702633,1.0977183730339355,1.1114418392672658,1.1249533795866933
plus_di_5 >= 6,0.0053146686,98878,88932,9946,12.48,-10935.371451742649,-1680.9917997725206,4f583626fd6f59b1b2e0825c720b1d1aad3858951a5b50964ea86a5c13485b5d,30,0.005099134985357523,27.52,0.8548234261372994,0.8548234261372994,0.9129966575962167,0.9505322812199153,0.9794182646538647,1.0050592510070093,1.027919737753933,1.046463878593821,1.0638329573903302,1.079363424321696,1.0934874356126938,1.1072363115869028,1.1211273361114737,1.1338327642525714,1.146839096862549
minus_di_5 >= minus_di_5_sft_3,0.005305717,98878,43260,55618,12.62,-3662.3081230726393,-791.3594437168504,a7c5a511f18bc4bc65b530c22aedd665cbba6e43036caf921c03925c9eff7340,30,-0.00021368444140534848,27.43,0.8936212117483735,0.8936212117483735,0.9393069855233708,0.9606838110882602,0.9827307466282132,0.9917833150578227,1.0018865614610077,1.0140616197136527,1.0313114110792632,1.058931656254964,1.0726802504603907,1.0835373799811732,1.0982547306336212,1.1036486062733313,1.12090104298545
aarou_20 >= aarou_20_sft_1,0.005259563,98878,24983,73895,12.72,-3436.1763114790665,-520.8806598055526,0f031b3780e6467809600593d6806420193325d9573f332c17b627db66a26893,30,0.005133847706019878,27.84,0.8417257022312044,0.8417257022312044,0.9222906048989589,0.9587391719095189,1.0178966360987625,1.0532126255483882,1.081472270600496,1.0993437772482069,1.120846656398351,1.128402019299993,1.1573135433838622,1.1752345276293366,1.1956625642909513,1.2039909326718836,1.2276047804354768
aarod_30 >= aarod_30_sft_3,0.0052537667,98878,26614,72264,12.7,-3091.546093512079,-515.2741505526647,010ce60baf3de2cf8c4bcfd243c9185441a26efa8e16690af1f746cc88b42f78,30,0.0013697873800992966,27.55,0.8587824135788681,0.8587824135788681,0.9196989557575924,0.9502948219716342,0.9677236295873134,0.9967295032759852,1.0047370279786871,1.0217120662666137,1.0498542009300267,1.0670370104043578,1.0980577287686364,1.1097706745938263,1.1246364437655967,1.159701884410449,1.1789771381470782
minus_di_10 <= 15,0.0052537317,98878,24744,74134,12.72,-1995.1911552188808,-407.1765095838855,cee77ee220a5e77fe95d20a730179fabcb0f2e40106664424787bbccffac6b44,30,-0.026683270931243896,25.38,0.9162480901260021,0.9162480901260021,0.9698623837927955,1.0201371175151628,1.0630698014467264,1.0809049055616418,1.0911224615326507,1.0891154791134292,1.0839791167409487,1.072720909621546,1.0781725404696825,1.0853670128684996,1.093651744839119,1.1045392867709984,1.1117924565499147
mema_50 <= Low_sft_1,0.005211671,98878,37714,61164,12.64,-2932.2526753326674,-540.8785696951745,f2e93f04b3d2a46ee10823902064b64ae41106b8f01252b29032fe26a3290c3e,30,0.006225151009857655,27.8,0.9092356044402904,0.9092356044402904,0.996769062210997,1.0560782626031353,1.1043925534927874,1.1478165991939964,1.178959517686167,1.2154985392712145,1.2406496450081097,1.2580976288169285,1.2689940298560487,1.2788829328146083,1.3022643076752585,1.3223570298969551,1.3377409926050123
willr_14 <= -14,0.0052111666,98878,84162,14716,12.49,-11006.472507744013,-1632.584574077162,c087f74a8ef9fdefe2bfbfe4c42e7c177e68996d73089fae9a8de15f5638210d,30,0.001833638409152627,27.48,0.8400242966038635,0.8400242966038635,0.8895940154050461,0.9210769242307069,0.9400936986531857,0.9590468985705531,0.9789722398516996,0.9979490140130374,1.0146990986717168,1.0318023997464556,1.0487604897436573,1.0654686310145898,1.0803355780598936,1.0913156405637754,1.0997459794229114
willr_10 <= willr_30_sft_3,0.0051687765,98878,48692,50186,12.59,-4121.615090957868,-777.4537601447955,1427ae29e5c4ed561613e902f1f63301f41038d7cf9fdf54aa945c6a3e2bca60,30,-0.004691378679126501,27.23,0.8931167793471121,0.8931167793471121,0.9423406226733845,0.9802736542213188,1.0083465692732076,1.031165075774335,1.0444921835330854,1.0606579300545638,1.071636069304895,1.0871927528673964,1.0892489214813408,1.1021430357823283,1.1181325366596235,1.1322450897046905,1.143753406540653
aarod_14 >= aarod_14_sft_3,0.0051552574,98878,38275,60603,12.63,-3911.567541461479,-706.9308371946754,010ce60baf3de2cf8c4bcfd243c9185441a26efa8e16690af1f746cc88b42f78,30,-0.006446590181440115,27.08,0.8736025127349305,0.8736025127349305,0.9031035814631918,0.9295567867146717,0.9576021658140125,0.9855366171081822,1.0083214883837721,1.025999103991731,1.0359668472776842,1.053308334981303,1.0654827643151341,1.0833264997927516,1.0943896350659916,1.1069724413768323,1.1163041573241859
bb_upper_2_30 <= Low_sft_2,0.005132923,98878,261,98617,15.71,120.82934040436521,4.6350087343671476,dbb570f8106d6c3d6f292085aaa378b98a5659545b5ba59380ac7a9e0cfee8bf,30,0.0,0.0,1.5368163068880833,1.5368163068880833,1.547287867340228,1.4030283899082956,1.3026159995201316,1.4163869405164857,1.4452929778674046,1.6015037904105467,1.6128784365189124,1.6606872694517067,1.648050168688263,1.6970015437879262,1.9036436187379104,2.006266652457574,2.0748804432107346
minus_di_10 <= 3,0.00511164,98878,888,97990,14.19,-482.1110557001084,-58.22208380282973,cee77ee220a5e77fe95d20a730179fabcb0f2e40106664424787bbccffac6b44,24,0.0,0.0,0.730229389316239,0.730229389316239,0.748125198796924,0.7169624958432124,0.7153086550869143,0.6381813526396883,0.5901573833087266,0.5551979822532497,0.5687856319035507,0.6401893234368304,0.7058496796999548,0.762619713276285,0.7551015566118612,0.7292821408685205,0.6738719719358448
willr_5 <= willr_30_sft_2,0.005099276,98878,48363,50515,12.59,-3588.917457622953,-741.6649934891175,1427ae29e5c4ed561613e902f1f63301f41038d7cf9fdf54aa945c6a3e2bca60,30,-0.0009154939907602966,27.4,0.9061769248760411,0.9061769248760411,0.9592028166570672,1.001002836358667,1.02560413894924,1.0395568616281494,1.0491398827872394,1.0635964127470872,1.0742527922615872,1.0957255926120022,1.1052866536211143,1.1210629114683917,1.141972350569351,1.1502490415735847,1.1661995495666333
aarod_20 >= aarod_14_sft_3,0.0050990963,98878,55438,43440,12.57,-6751.89987124904,-1066.3882235189012,010ce60baf3de2cf8c4bcfd243c9185441a26efa8e16690af1f746cc88b42f78,30,-0.007211525924503803,27.16,0.8533813531483647,0.8533813531483647,0.8988295602754023,0.9363140172896479,0.9667710750969409,0.9874180453172615,1.0093403040944084,1.031593497571112,1.044596561798324,1.0567830490792354,1.0655551799680707,1.0827679095192004,1.0970466742488507,1.1098863932257663,1.1178685893152067
willr_10 <= willr_14_sft_3,0.0050780224,98878,50540,48338,12.58,-4255.13108067316,-884.2533772073439,1427ae29e5c4ed561613e902f1f63301f41038d7cf9fdf54aa945c6a3e2bca60,30,-0.0028413492254912853,27.32,0.8940310206368778,0.8940310206368778,0.947247450685933,0.9798773954410541,1.0077566191015517,1.0305617342860467,1.0432065146287022,1.05988535369442,1.0755027161540534,1.0898835344396074,1.0980827189410298,1.111346521057151,1.1275739330394146,1.1394732132066072,1.1469395242241014
adx_5 >= adx_5_sft_3,0.005064768,98878,49382,49496,12.59,-5712.8598626437715,-960.1460386468898,fd7b69234972b511c2e03a174ce4b77d38140d5e70cabc298bd88fa9bb05adbf,30,0.00245422450825572,27.55,0.8620134449430525,0.8620134449430525,0.9188665410297142,0.9702574135768518,1.0049013679947725,1.024043080625186,1.0482702563238528,1.0614346666293946,1.0805167443026946,1.0957464617532071,1.1065156420496856,1.1228379472793644,1.1389974235960272,1.1549808435995759,1.1689618033076337
minus_di_10 >= minus_di_10_sft_2,0.005063315,98878,39732,59146,12.62,-3875.498135543835,-770.8162109390396,a7c5a511f18bc4bc65b530c22aedd665cbba6e43036caf921c03925c9eff7340,30,0.0023843932431191206,27.57,0.8757049373470408,0.8757049373470408,0.9246304929804003,0.9530749794325969,0.9698589480929365,0.9777924204256663,0.9841211923679769,1.000202392852369,1.013318980303577,1.0423551090173406,1.062666434256969,1.0725900672990794,1.0889310494315954,1.0960297043495923,1.110459491533501
mema_10 >= Open,0.00504334,98878,51044,47834,12.58,-7743.027013723081,-1070.6253581698693,e056f67ffdc4fcdd46304a8987eda83c67de4a08c6d89f02fc25cc7938d2eaf8,30,0.0019051533890888095,27.53,0.813391281632436,0.813391281632436,0.857091094251742,0.8934223544097548,0.9191184569864921,0.9383177850140156,0.9519844902364825,0.96134646478451,0.9783626060361927,1.0014893514484446,1.0178747776043022,1.0347648694883222,1.0461720873038294,1.056394946454207,1.0725942149851038
adx_14 >= 15,0.0050160233,98878,85740,13138,12.48,-11468.534325248493,-1648.5318322876992,4118d96628e9d7109ca1b25b71d8f7665de5864ad974c7631ea4a76d380fc96f,30,-0.004959975369274616,27.36,0.8397911851617441,0.8397911851617441,0.8960648933095614,0.9376838651915589,0.9697580573939676,0.9959607280802645,1.0193330545974013,1.0401413166158535,1.0558838870650462,1.0708826194031966,1.0851784048465887,1.0997230076337399,1.1133286537796308,1.1269430320593323,1.1397853133180307
aaro_5 <= aaro_20_sft_3,0.005015397,98878,51096,47782,12.58,-6329.033580872259,-951.8164742553854,03178e4886fc07979b0c314ad9c68ba2f86b07645c5f6bfdb6bc96b9669a3c24,30,-0.00046541017945855856,27.42,0.8486674285042584,0.8486674285042584,0.9031793254742776,0.9436971131501131,0.964285247075236,0.9812680644623216,0.9985223725833243,1.0182379928626135,1.0368121450079382,1.0539725529186992,1.0666481397527878,1.0803549569307247,1.0962067335825747,1.1165275826401135,1.133728878573661
plus_di_10 >= plus_di_5_sft_1,0.0050075008,98878,55942,42936,12.56,-7341.4954651103735,-1111.4333140447925,e29890bc12ea37e8ab50982e55f5d20643af7c43a2ddc27569a065e219a2f597,30,-0.0017030048184096813,27.38,0.8413169430763028,0.8413169430763028,0.8877636667586218,0.9227878066915787,0.9467912564057996,0.9635747236106321,0.9885673413415682,1.0068402145477744,1.022211034539276,1.0461205040901747,1.0694043119793986,1.081835891854441,1.1023539243980314,1.1107555105450682,1.134150331386976
minus_di_14 <= 5,0.0050000655,98878,1239,97639,13.88,-616.3889351077378,-59.78417088738934,cee77ee220a5e77fe95d20a730179fabcb0f2e40106664424787bbccffac6b44,6,-0.001510252826847136,14.69,0.7434547247682166,0.7434547247682166,0.8043054631304304,0.7652374293599492,0.7016926074095443,0.6197295135493687,0.5629755835251856,0.5178058591028855,0.552574582894951,0.6102956180380978,0.6850564957102909,0.7416205988647333,0.7710911677862766,0.7593785566925684,0.7121465626117996
aaro_14 <= -78,0.0049875383,98878,13839,85039,12.83,-1476.6144385768253,-273.2912015271504,87b58f9896252e251c68e9159d326bea7ed912172d4942a46db4a6bfa531cebe,30,0.0016916249878704548,27.63,0.8530490250116938,0.8530490250116938,0.889001614640483,0.9041570425332829,0.920396808301628,0.9376270116428136,0.9543220420871249,0.9558221175305319,0.957215739602492,0.9757663622671738,0.9921320383383763,1.0068364907949066,1.029302543614333,1.0510629419958655,1.0872289703192726
willr_14 <= -10,0.0049626892,98878,87699,11179,12.48,-11690.942524789516,-1707.7562817751023,c087f74a8ef9fdefe2bfbfe4c42e7c177e68996d73089fae9a8de15f5638210d,30,0.0026530390605330467,27.49,0.8377702165761008,0.8377702165761008,0.8864301904118774,0.9199177496908703,0.9403760409996804,0.9609810312170821,0.9817024021868915,1.001708401668154,1.0186524124809215,1.0370865970091265,1.0543382107459272,1.069725105761679,1.0844511341035763,1.095803668571221,1.1049848741293051
willr_14 <= willr_5_sft_3,0.004925302,98878,51978,46900,12.57,-5281.953748666366,-939.6615988176636,1427ae29e5c4ed561613e902f1f63301f41038d7cf9fdf54aa945c6a3e2bca60,30,0.0016645012656226754,27.52,0.871103830255426,0.871103830255426,0.9260060841284944,0.9699690201629829,0.9905299669821137,1.014366246440172,1.0259730784786605,1.0446642768813037,1.0558960790983665,1.0690975388379385,1.0781073495473374,1.099181729090014,1.122897633085427,1.1350829000597091,1.139413718625462
aarod_20 >= aarod_5_sft_3,0.0049132034,98878,57108,41770,12.56,-7040.67343455603,-1111.8395802636805,010ce60baf3de2cf8c4bcfd243c9185441a26efa8e16690af1f746cc88b42f78,30,0.004989758133888245,27.64,0.8516764314967008,0.8516764314967008,0.8960600325221363,0.9244052680830402,0.9549783383676727,0.9833969854066171,1.00340302026078,1.0215516218387273,1.037019572863877,1.0540558956559023,1.0720069466612008,1.0933636299958727,1.10371933378878,1.1102255035947612,1.1229414522742924
willr_14 <= -15,0.00490998,98878,83269,15609,12.49,-11041.812048250667,-1642.4673216778974,c087f74a8ef9fdefe2bfbfe4c42e7c177e68996d73089fae9a8de15f5638210d,30,0.002665353938937187,27.5,0.8378557697237135,0.8378557697237135,0.8866540760042915,0.9175930689549906,0.9357431104923835,0.9540474342563857,0.9738921657029141,0.9922685799601948,1.0090915282722985,1.0261018565032394,1.0429459083118648,1.059583989931676,1.07455379117514,1.0843490756488519,1.0935663933546877
minus_di_10 <= 16,0.004892411,98878,28256,70622,12.67,-2806.2978716660414,-474.8614420420854,cee77ee220a5e77fe95d20a730179fabcb0f2e40106664424787bbccffac6b44,30,-0.0261786300688982,25.6,0.8961970301309693,0.8961970301309693,0.9484028486458776,0.9983783890018776,1.0368009671395546,1.0535251811721777,1.0637328248877307,1.0673629360814811,1.064844562232577,1.0543556626167583,1.0579716394514271,1.0638497202841217,1.0763412932002,1.0839130014648928,1.0947326023990418
plus_di_30 >= 12,0.004888844,98878,94002,4876,12.46,-13221.701448334486,-1856.1273735881477,4f583626fd6f59b1b2e0825c720b1d1aad3858951a5b50964ea86a5c13485b5d,30,0.02943560667335987,27.74,0.831066727357952,0.831066727357952,0.8866645973171113,0.926409039466747,0.9577917911815871,0.9855130144278946,1.010200530634095,1.0312173531906519,1.0503435352403607,1.0685719571128633,1.0845572138824122,1.098996804443764,1.1129667311454863,1.1248783610239874,1.13701118375249
willr_10 <= willr_30_sft_1,0.004876582,98878,48988,49890,12.58,-3883.2994056795105,-789.8554272651891,1427ae29e5c4ed561613e902f1f63301f41038d7cf9fdf54aa945c6a3e2bca60,30,-0.00452046375721693,27.24,0.900552137905603,0.900552137905603,0.9492866800992523,0.9940642692790129,1.017284074772891,1.0435767678543852,1.0621739872468812,1.0734061240558068,1.0866321294734729,1.107918688054447,1.1071737617190398,1.1184097124077013,1.1367027676407662,1.1501634982831488,1.162876873706402
day_of_month >= 8,0.0048464416,98878,82941,15937,12.49,-9675.971348379207,-1606.0435942598851,666161afb56bd50fe398018469fe957621e37839d10a56fca5818303205ef700,30,-0.00573852751404047,27.33,0.8620650055507756,0.8620650055507756,0.9165736152364176,0.9527608615556177,0.9779830188243894,1.0005006509854228,1.0207830677039922,1.0355134729547464,1.0486548508389442,1.062577648613504,1.0747778667099563,1.0865388044919715,1.0983035549249816,1.108225455026991,1.1191073194700751
mema_50 <= Close_sft_3,0.0048436006,98878,46127,52751,12.59,-3531.2299416055444,-677.5147770208496,7bbedcb317d5c12750ad9ed3d218721554e71f07d9c51daeb72ddac27b693913,30,-0.0022952668368816376,27.34,0.9080588577934697,0.9080588577934697,0.9801995103055311,1.0363921050680882,1.0792675771864628,1.1140175596377053,1.1478970689779893,1.1744649817920751,1.1907072434466504,1.2028822092914455,1.2134877435995752,1.2303749608080834,1.2481905790287933,1.2619479921748067,1.2807096823852941
minus_di_20 <= 5,0.004816331,98878,632,98246,14.4,-417.94278381951153,-51.08939916911186,cee77ee220a5e77fe95d20a730179fabcb0f2e40106664424787bbccffac6b44,4,0.0,0.0,0.706510359033336,0.706510359033336,0.5813404569319964,0.5008000569969169,0.398855712982805,0.3421047592205474,0.3168540625522429,0.35054682413065746,0.4064313229614434,0.47041621805923967,0.5404382553905605,0.6215692163002332,0.6074015671280228,0.5773210110685031,0.5468160603354703
minus_di_30 >= minus_di_30_sft_3,0.0048075877,98878,42754,56124,12.6,-4612.808465921065,-804.2851581482682,a7c5a511f18bc4bc65b530c22aedd665cbba6e43036caf921c03925c9eff7340,30,0.0030282344669103622,27.6,0.8616468107036817,0.8616468107036817,0.8959783749481666,0.9220379321877491,0.9461331731425321,0.9651223736953736,0.9791861365334559,0.9959775843057312,1.0139940079851253,1.044315726330299,1.057158996894548,1.0740310829756299,1.0922392531105092,1.0982296667833655,1.115364651219901
sma_5 >= Close_sft_1,0.004804923,98878,50302,48576,12.57,-6239.755612207591,-976.0135664822083,9d05ebf4a4df1374ab70d34fd4bb0bb7068613b3ea4d9f34537ac27b7aeadf15,30,0.0014802166260778904,27.51,0.8488355546866488,0.8488355546866488,0.8955406542945936,0.9337461024921292,0.9538414264195918,0.9720934996537427,0.9905099618902462,1.0075641305086238,1.019127323508201,1.041042242075762,1.0558917701229604,1.0714841205275225,1.0845613202672797,1.08691964900972,1.1025359667492678
minus_di_5 >= 18,0.004798416,98878,56897,41981,12.55,-6707.720408407571,-1122.9851573412525,a06e18f5f366aa3040f30d3f53c74e6c3d30e6b8f15e9282eabbaa7fe9dd85a0,30,0.02295638993382454,28.32,0.8482163521710916,0.8482163521710916,0.9122406078166305,0.9474368414885653,0.9713512528841207,0.9946770808818193,1.0195652974685243,1.0409731803198359,1.0615429078941552,1.0930813758703548,1.1133862752010821,1.1330951909591465,1.1495327087761291,1.1603851388532613,1.1781193899785016
mema_10 >= mema_20,0.0047885943,98878,47631,51247,12.58,-5212.793689760889,-756.0037915824869,da871536f9280a0159baee359a9496c73c67bcc656bfb6cada940a1228de3547,30,-0.0025988267734646797,27.32,0.8756846238113958,0.8756846238113958,0.9516955900961866,1.003327328139961,1.0439380847274107,1.0767168908171694,1.1036370060860101,1.1277134214525775,1.1475893868868052,1.1581882888460837,1.1636749933640498,1.1720721153547253,1.1825561381121539,1.1986115547207636,1.2165940825457924
rsi_5 <= rsi_5_sft_3,0.004670541,98878,49925,48953,12.57,-3753.7742266700043,-867.5874265528255,f60792ba6ac5baece5de7ac90117c85055d233a86016db65a9b1851d8a518ee9,30,0.003813030431047082,27.61,0.9051402731069496,0.9051402731069496,0.9448674208707538,0.9681162997074323,0.9902595971232527,1.0088512284291375,1.0194118578861695,1.0339682208386611,1.0463151249415088,1.0634846510864266,1.0770823284540179,1.091993818979515,1.1124684353302916,1.113936515433836,1.1258632335652008
minus_di_10 >= minus_di_10_sft_3,0.004658928,98878,43119,55759,12.59,-4419.2149606978355,-816.0594279410288,a7c5a511f18bc4bc65b530c22aedd665cbba6e43036caf921c03925c9eff7340,30,0.0022403516341000795,27.56,0.8707786814282016,0.8707786814282016,0.9152344846348501,0.9417609785398894,0.9622236604508888,0.9744398450548172,0.9868591842765383,1.000015128497962,1.0182161563185337,1.04876340626541,1.0614348383471586,1.0760023368219067,1.0914681852272994,1.0976321702644294,1.1155113016777929
willr_20 <= willr_30_sft_2,0.0046567875,98878,49806,49072,12.57,-4333.924145023262,-786.7462653160474,1427ae29e5c4ed561613e902f1f63301f41038d7cf9fdf54aa945c6a3e2bca60,30,-0.0039537339471280575,27.27,0.8886916441628333,0.8886916441628333,0.9341611364029551,0.9795790382892213,1.0074843858715161,1.0216307556604332,1.0373870908398979,1.0490343406898361,1.0550379334565756,1.075063194245401,1.0825851658094723,1.0950843583351135,1.1166766455708321,1.1260642653191673,1.1423211259848667
stdev_10 <= stdev_14,0.004637955,98878,68125,30753,12.52,-8990.314394871766,-1349.647021657649,76cc05d7e847d59489f80a379ae9909f097acc0055c98dd465d85c99099ff3c8,30,-0.0006785746081732213,27.42,0.8403825210594343,0.8403825210594343,0.8915423832251519,0.9298828144200673,0.9612361303695398,0.9971126366116916,1.0217804055947883,1.0372617323025195,1.0527565751663237,1.071516240987518,1.0852915783115111,1.1039042530663667,1.1216891660921569,1.129852357944963,1.1382355802204982
adx_10 <= adx_20_sft_1,0.004619526,98878,17606,81272,12.75,-3801.7183634855464,-378.47459189211077,234f8ad1c2baf91b95c9f1aef2798b533888ce55558d2a8e51c247014080fabc,30,-0.0015376186929643154,27.3,0.7670143023216405,0.7670143023216405,0.8238847748355849,0.864474329176341,0.9098161413392629,0.956566596839973,0.9841100451223627,1.0070351831558777,1.0327720065633792,1.055729529074041,1.072554310255151,1.0783157479238559,1.0818662228364466,1.0867498869154342,1.098946445125334
bb_lower_2_30 >= Low_sft_1,0.004605577,98878,8305,90573,12.92,-1348.9944768445794,-215.6839412367117,4e26baca5a6303a13016cf43f2fb7e5c7be993260b396d0848e5bc87608a1ef6,30,0.0038156441878527403,28.01,0.8044186149752349,0.8044186149752349,0.8571246163680692,0.9046605681099635,0.9048395099185167,0.9069420610320377,0.9194392245267912,0.9051057922948655,0.9133179924356468,0.9221379565515897,0.937374550985155,0.9532674528842805,0.9803023694623713,0.9957442337903512,1.0057908965010331
day_of_month >= 2,0.0045905677,98878,98112,766,12.43,-10913.015148077382,-1862.1283995617487,666161afb56bd50fe398018469fe957621e37839d10a56fca5818303205ef700,30,0.01143296342343092,27.49,0.8662678831456835,0.8662678831456835,0.9241908819933912,0.9633875387292756,0.9917371243984373,1.0168276685091966,1.0392013238190898,1.0559015391243471,1.0704816568202196,1.085545338659348,1.0987923163137858,1.1116604461499329,1.1244140509309979,1.1358159024524714,1.1479424030582537
plus_di_5 >= 19,0.004570908,98878,53322,45556,12.56,-5392.653612622118,-938.0784177736787,4f583626fd6f59b1b2e0825c720b1d1aad3858951a5b50964ea86a5c13485b5d,30,0.0021285053808242083,27.53,0.8853587330025411,0.8853587330025411,0.9517714070484822,0.9916916211681424,1.0270704060042164,1.0573573079722922,1.079355165503378,1.097642392953308,1.1142769986243166,1.1297409541981023,1.1459220720128955,1.158402670999252,1.1668720920737599,1.1810941846897716,1.1948940628289253
plus_di_5 >= 24,0.004542649,98878,40305,58573,12.6,-3178.281169857277,-677.3751936560293,4f583626fd6f59b1b2e0825c720b1d1aad3858951a5b50964ea86a5c13485b5d,30,0.002228613244369626,27.56,0.9117842788467434,0.9117842788467434,0.9797282424031022,1.0199063135865916,1.0630818324653917,1.0898935014335613,1.1128903980585094,1.1232662574805532,1.1375548085965637,1.1532315088839629,1.1710676409705878,1.1792555373695979,1.1872289208527416,1.2064126261088637,1.224607821680735
aarod_30 >= aarod_5_sft_3,0.004535152,98878,53101,45777,12.56,-7028.039247705186,-1075.2478408759562,010ce60baf3de2cf8c4bcfd243c9185441a26efa8e16690af1f746cc88b42f78,30,0.007566355634480715,27.76,0.8421414515293917,0.8421414515293917,0.8943656809797239,0.9305730675733546,0.9577372862832676,0.992112334096575,1.0152826289238572,1.0308513986799108,1.048173362016001,1.0616987344647477,1.0814918824885373,1.0953784461342309,1.1000140060850467,1.106084109237656,1.1151448830005055
aaro_5 <= aaro_20_sft_2,0.0045279665,98878,51305,47573,12.56,-6485.732483170097,-952.7452313321774,03178e4886fc07979b0c314ad9c68ba2f86b07645c5f6bfdb6bc96b9669a3c24,30,-0.0004364855703897774,27.43,0.8458536223569247,0.8458536223569247,0.9029266435265183,0.9436437250339346,0.9627295611733755,0.9841863578512703,0.9997312628266567,1.0184473729261403,1.03401822494069,1.0550914413767867,1.069580376834083,1.0827189790619935,1.0952541172583663,1.1181895198944811,1.1376125546030635
bb_lower_2_20 <= bb_lower_2_20_sft_2,0.0045223157,98878,48165,50713,12.57,-6267.004636260991,-1004.9363306031155,1b1f7d2955b86143cbe65db86c488966f4bce7b7721643a6a4f3f03e8b4d5ec5,30,0.0015937276184558868,27.52,0.842883076528874,0.842883076528874,0.8951130294289068,0.9389727308202233,0.9714062054594471,0.9872897206802123,1.0080150772503425,1.0273083946167922,1.0368231501535963,1.0472651009187088,1.0597196846401487,1.0739565053874849,1.0914613704244827,1.1148865625763538,1.128882162506904
minus_di_20 <= minus_di_14_sft_3,0.004521773,98878,52039,46839,12.56,-8681.364356292648,-1070.0250682902333,6ead8d4aff114cb978d2a5e9b1dcb95b84dfa27fd6f0f40b385ac29b242b16ea,30,0.00880267471075058,27.82,0.8090583453592612,0.8090583453592612,0.872375650919632,0.919542691444383,0.9481355129430801,0.9827873664491772,1.0120096434847883,1.0329894940591664,1.0549084823321841,1.0671659188864995,1.0919799188178783,1.1090705545722839,1.1247075908875943,1.1397775204322,1.1536902773403217
aarou_30 >= aarou_14_sft_3,0.004515832,98878,58023,40855,12.54,-7497.808785254417,-1103.3516582748125,0f031b3780e6467809600593d6806420193325d9573f332c17b627db66a26893,30,-0.004619849380105734,27.27,0.8448497651908143,0.8448497651908143,0.8981039272396946,0.9358719307793494,0.9661523670256995,0.9867974376457507,1.0083927078929493,1.0218454842185754,1.0331701753175657,1.0410678218002838,1.0491155909271639,1.0641253985411034,1.0763054423701048,1.0890620594554308,1.104051515802057
plus_di_5 >= 18,0.004485244,98878,56123,42755,12.55,-5836.6278994125605,-987.6637246046448,4f583626fd6f59b1b2e0825c720b1d1aad3858951a5b50964ea86a5c13485b5d,30,0.002611342119053006,27.55,0.8821314769868401,0.8821314769868401,0.9475662446285648,0.9855834647766171,1.0220155712510086,1.0508803033263665,1.074852276343829,1.093936976404876,1.1112850478329332,1.1263675239995685,1.1412105544882756,1.1514073083459295,1.160505897110388,1.1761803739379821,1.1862340573292756
willr_14 <= -12,0.0044845785,98878,85943,12935,12.48,-11401.210820254903,-1666.0917551008097,c087f74a8ef9fdefe2bfbfe4c42e7c177e68996d73089fae9a8de15f5638210d,30,0.0020837115589529276,27.48,0.8380626473445573,0.8380626473445573,0.8866049504087882,0.9181719852832259,0.9380177755446072,0.957786450656784,0.978792734016412,0.9994357988307989,1.0167068119640403,1.0348909218446387,1.0502311726741873,1.066751918402698,1.0804711900510102,1.092620296986521,1.102025711428658
minus_di_5 >= minus_di_5_sft_1,0.0044642496,98878,30261,68617,12.64,-1719.6585714069006,-540.7318633163522,a7c5a511f18bc4bc65b530c22aedd665cbba6e43036caf921c03925c9eff7340,30,0.0025026313960552216,27.61,0.926202944173646,0.926202944173646,0.9817851765180255,0.993141386124441,1.0002161454116512,1.020310896677792,1.027421862904934,1.047497651996409,1.0655515404385467,1.0871377278644139,1.1026512412963128,1.1070423134245821,1.132315822189187,1.141858943069016,1.1469038484387
rsi_20 >= rsi_14_sft_2,0.0044371127,98878,50455,48423,12.56,-8776.210541711855,-1061.9837815831706,9c5304fe9d592b70a0c6b3286ed47e7bf2dda0b94ec7966217da111653dec0de,30,-0.001602267031557858,27.37,0.8008064067663622,0.8008064067663622,0.8496980069465808,0.8827719416742995,0.9128081474980329,0.9436074318798796,0.9704634847189181,0.9959408713759446,1.0198104998717363,1.0399396098681246,1.064280168253665,1.0786108410505733,1.086282371421496,1.1049631088185694,1.1254399818343752
minus_di_20 <= 10,0.0044354736,98878,4673,94205,13.08,-1445.4167208749568,-96.6238312379428,cee77ee220a5e77fe95d20a730179fabcb0f2e40106664424787bbccffac6b44,30,-0.03252294287085533,20.93,0.7745303474560787,0.7745303474560787,0.7763736495618485,0.7822099441404783,0.7856238380019789,0.7547863371616155,0.7523665963809197,0.7241222882699994,0.7285066298467271,0.7612417519747198,0.7966717587644452,0.8529572693534379,0.881415622771531,0.9019519008722591,0.910019150388182
mema_10 >= Close_sft_1,0.0044347374,98878,50995,47883,12.56,-7813.727804049803,-1068.5042629451345,1e15dac9f18b8bc737934702402ffb02b545ee7fbda8772d4c0156705e9d2a44,30,0.0011998109985142946,27.5,0.8116172275127974,0.8116172275127974,0.852845481711718,0.8908946306756199,0.9141127907928422,0.9313843731292302,0.9494729360402729,0.9586151606693536,0.9719980833599859,0.9946241539965304,1.008855227988252,1.0258800910675145,1.0388423830196039,1.0502849235401608,1.0680030308138682
minus_di_5 >= 16,0.00442122,98878,62589,36289,12.53,-7716.740668740538,-1226.356818858665,a06e18f5f366aa3040f30d3f53c74e6c3d30e6b8f15e9282eabbaa7fe9dd85a0,30,0.022264376282691956,28.2,0.8424752948521721,0.8424752948521721,0.9062813922571127,0.9402429207917927,0.9617968941589862,0.9878507164714919,1.0116096606502982,1.0345241817610196,1.0556341564892817,1.08419088356886,1.1023408431967776,1.121228845922798,1.138064555447141,1.1524900846793702,1.1692277141625098
minus_di_10 <= minus_di_5_sft_3,0.0044106375,98878,48075,50803,12.57,-7509.232753241273,-988.7054593739158,6ead8d4aff114cb978d2a5e9b1dcb95b84dfa27fd6f0f40b385ac29b242b16ea,30,0.004618339706212282,27.66,0.8180064703345997,0.8180064703345997,0.8672712414032884,0.9096514780983262,0.9391967021908373,0.9682343119685183,0.9937396882656896,1.0165564924762927,1.03874803872582,1.0535647015623806,1.0701392898948103,1.0842067511579525,1.0993777419317607,1.1240213139895154,1.139024966615336
minus_di_14 >= minus_di_14_sft_2,0.004378418,98878,39828,59050,12.59,-4096.110343557782,-779.3779460966762,a7c5a511f18bc4bc65b530c22aedd665cbba6e43036caf921c03925c9eff7340,30,0.002413604175671935,27.58,0.868641647943115,0.868641647943115,0.9164453664110582,0.944759559715274,0.9655937430963898,0.9744703304730962,0.9826125963859117,0.998089722276649,1.0117381043491414,1.0421551058824015,1.0648154833112908,1.0763997201882072,1.092612597442806,1.0983043649861022,1.110954616499542
bb_lower_2_10 <= bb_lower_2_10_sft_2,0.0043707923,98878,48837,50041,12.56,-6786.026468556684,-986.0933807063557,1b1f7d2955b86143cbe65db86c488966f4bce7b7721643a6a4f3f03e8b4d5ec5,30,0.00270713004283607,27.57,0.8322940600464157,0.8322940600464157,0.8796688873810635,0.9212751937296069,0.9478745389641877,0.965371038852753,0.9765466627186032,0.991585804590735,1.0124701141424677,1.035302994788971,1.0550094937110686,1.0649721427985472,1.0771595207688822,1.097552282376453,1.1210264676101047
minus_di_5 >= 19,0.0043692887,98878,54090,44788,12.55,-6198.133915044607,-1072.3606312665652,a06e18f5f366aa3040f30d3f53c74e6c3d30e6b8f15e9282eabbaa7fe9dd85a0,30,0.022402312606573105,28.35,0.8519925653793422,0.8519925653793422,0.9103170275701379,0.9483922447994922,0.9721204829549456,0.9962270249396101,1.0161237714888167,1.033353282864275,1.054407940150446,1.0828237860205812,1.1036516715536726,1.126003360217592,1.1450850596521078,1.158429078418269,1.1759476055083753
rsi_10 <= 11,0.0043535554,98878,128,98750,16.41,-7.929891183390282,-5.724458045529899,64f5e1bb8a7d01ed3bc711ef82f8836c32f34a4dc5e2cbccb6c4442736ec4dbc,4,0.0,0.0,0.9507070465377663,0.9507070465377663,0.8592968352186667,0.8202769864102067,0.8166937338591974,0.8310412684862001,0.845870923797619,0.823434456273365,0.8333065646163634,0.8753950535290159,0.8868998361994853,0.8144853040885687,0.7762330034916536,0.7706741154815078,0.8021688742674442
bb_lower_2_30 <= bb_lower_2_30_sft_2,0.0043527894,98878,47334,51544,12.57,-6420.475916492964,-1038.9202835548567,1b1f7d2955b86143cbe65db86c488966f4bce7b7721643a6a4f3f03e8b4d5ec5,30,0.0032309829257428646,27.6,0.8379654542379065,0.8379654542379065,0.8852648520899151,0.9159883350960507,0.9482122038306766,0.9593840299831158,0.9790910498624763,0.9901973423134314,0.9974740411378394,1.0097767232367745,1.030114821764855,1.0495502748257688,1.075249098425599,1.0930621788141324,1.10185273050944
plus_di_10 >= 7,0.004332641,98878,94472,4406,12.45,-12400.529866780598,-1820.9676678265387,4f583626fd6f59b1b2e0825c720b1d1aad3858951a5b50964ea86a5c13485b5d,30,0.017489155754446983,27.61,0.8435001387713251,0.8435001387713251,0.8972329078145991,0.9371989256911918,0.9688890961583774,0.9941534232502868,1.0162028864902288,1.0357743159211332,1.053918101943408,1.0711886969920474,1.087647600163204,1.1026449876644497,1.1175182730055206,1.1309150041378497,1.144041461311925
sma_50 <= Close_sft_3,0.0043303794,98878,46846,52032,12.57,-3570.957593594225,-660.4936848889556,50a0e61b02a2d5c963e9603b4bade036c42f4965c5f54e99ff926c2165cc53b8,30,-0.006211791653186083,27.15,0.9082501726973841,0.9082501726973841,0.9745712212701825,1.027433163463268,1.0664709694340824,1.0995997401401116,1.1260047357174705,1.1453726398266164,1.1555515544843238,1.167923457312218,1.1816494455787216,1.1999084161549645,1.2205027819726944,1.239147945052536,1.258819486940083
rsi_2 <= rsi_2_sft_3,0.0043156045,98878,49730,49148,12.56,-3869.1063311204452,-890.1885479286648,f60792ba6ac5baece5de7ac90117c85055d233a86016db65a9b1851d8a518ee9,30,0.00320180575363338,27.59,0.9019119390888815,0.9019119390888815,0.9451240515019497,0.9745061732417027,1.0042526600472435,1.023953955763538,1.0410201843332472,1.058608054816875,1.0685029987255499,1.0877072706746485,1.0990423064140773,1.1129471211653983,1.132971300262149,1.141390893229739,1.1483247058277588
stdev_30 <= stdev_14_sft_1,0.004311429,98878,15827,83051,12.74,-1372.0195457347581,-270.0692600391194,76cc05d7e847d59489f80a379ae9909f097acc0055c98dd465d85c99099ff3c8,26,0.008119669742882252,27.14,0.8966177438130903,0.8966177438130903,0.9490259995699379,0.9711381993672417,1.0133865720339843,1.0399499739304277,1.0707538361410904,1.0776647188794781,1.07391273826603,1.066218615146283,1.0676428099340969,1.0729704635843273,1.0845781985148877,1.076806775848656,1.082765797672618
rsi_5 <= rsi_5_sft_2,0.004299381,98878,50755,48123,12.56,-4345.3697130826295,-941.3311580414229,f60792ba6ac5baece5de7ac90117c85055d233a86016db65a9b1851d8a518ee9,30,0.0008309112163260579,27.48,0.8915285674174555,0.8915285674174555,0.9394916146474129,0.9692335218604038,0.9905849688799169,1.00257670805277,1.0221860829568499,1.0359749329302677,1.045262398821926,1.065674815025888,1.0759562829920486,1.091235762730542,1.1118346010110494,1.1195015041514074,1.1221425228235207
plus_di_10 >= 5,0.0042771464,98878,96583,2295,12.44,-12707.115234953679,-1896.5995862810378,4f583626fd6f59b1b2e0825c720b1d1aad3858951a5b50964ea86a5c13485b5d,30,0.013074298389256,27.53,0.8426427146971333,0.8426427146971333,0.8976686928431522,0.9367037665418071,0.9678559328257749,0.9925407827552345,1.0133614825006092,1.0321659885393966,1.0494848244289308,1.066580214485182,1.0828345018860945,1.0982053462567245,1.1129383331729976,1.1262992121875606,1.1386086070873302
minus_di_14 <= 20,0.004255065,98878,41644,57234,12.58,-5634.467703211556,-734.8761333870716,cee77ee220a5e77fe95d20a730179fabcb0f2e40106664424787bbccffac6b44,30,-0.030303021892905235,25.86,0.8535891506905835,0.8535891506905835,0.9106105524996144,0.9541629168494975,0.9829735336944563,1.0061305846435986,1.022607070251326,1.0316678142382136,1.0365826006003018,1.0336060406440646,1.0339355975097488,1.0352511532096418,1.0437677641206593,1.056595407005901,1.0621890836723353
plus_di_5 >= 22,0.0042460277,98878,45288,53590,12.57,-3965.7695605985646,-773.0861398879861,4f583626fd6f59b1b2e0825c720b1d1aad3858951a5b50964ea86a5c13485b5d,30,0.001307290862314403,27.51,0.9012205186533282,0.9012205186533282,0.9648851836772715,1.004315132945522,1.0435663613057824,1.0746177713232066,1.0975133571235294,1.108262490280023,1.1244970446085685,1.1431142238379786,1.1574780542454535,1.1668219899363048,1.17427503486546,1.1876808608602127,1.2016091502473
minus_di_14 <= minus_di_5_sft_3,0.004241351,98878,46061,52817,12.57,-7154.203875540134,-930.2514695589052,6ead8d4aff114cb978d2a5e9b1dcb95b84dfa27fd6f0f40b385ac29b242b16ea,30,0.0055243284441530704,27.71,0.8166574587699054,0.8166574587699054,0.8601835747916688,0.8911933421929426,0.9192086641574827,0.9410499567435294,0.9671863156410124,0.9932490233059595,1.017635441237942,1.0358965902469524,1.0563497652483496,1.073337244294658,1.090452340712651,1.1145168627307436,1.1321674014697867
aarod_14 >= aarod_5_sft_3,0.0041451287,98878,57353,41525,12.53,-6585.128329563221,-1081.196837773794,010ce60baf3de2cf8c4bcfd243c9185441a26efa8e16690af1f746cc88b42f78,30,-6.848762859590352e-05,27.44,0.8605675991766363,0.8605675991766363,0.9009416723557733,0.9331090006255695,0.9605954413551133,0.9922190230709603,1.0147405928818356,1.0272681413164155,1.0398166795889139,1.0580067831969822,1.0762507982762357,1.0997761839472213,1.1089921553068394,1.1140652867929197,1.1290959048850089
rsi_5 <= 4,0.0041112388,98878,123,98755,16.26,-12.819530438282527,-5.491957991020172,64f5e1bb8a7d01ed3bc711ef82f8836c32f34a4dc5e2cbccb6c4442736ec4dbc,30,0.0,0.0,0.9264764485374056,0.9264764485374056,0.8645133992943876,0.8067211230876854,0.7224960316068367,0.762611621583532,0.7935021710162479,0.7618095661075632,0.7488388603431065,0.79709004978693,0.8309973794885199,0.8504187744323249,0.8619423080166095,0.8814490486747862,0.9341532127920679
adx_5 >= 21,0.0041005025,98878,93669,5209,12.45,-11807.220107149904,-1810.3517210127611,4118d96628e9d7109ca1b25b71d8f7665de5864ad974c7631ea4a76d380fc96f,30,-0.004300897940993309,27.4,0.8485962925089717,0.8485962925089717,0.9043881032919203,0.9447229705586937,0.9760406911522272,0.9989773321360975,1.0195772837144392,1.0387212796427645,1.0565452136273075,1.0715444598124648,1.0866616271205816,1.0991696254226708,1.1113232677355118,1.1216254913196086,1.1328796971066233
plus_di_5 >= 7,0.0040718885,98878,86681,12197,12.47,-10503.576523903917,-1600.250509683894,4f583626fd6f59b1b2e0825c720b1d1aad3858951a5b50964ea86a5c13485b5d,30,0.00588979572057724,27.54,0.8571892917509318,0.8571892917509318,0.9159034930144351,0.9531739092254833,0.9816712832391594,1.006542625198968,1.0302313630595168,1.0501503629074591,1.0676234741494557,1.0831101592157548,1.0972997988216184,1.109765711346136,1.1234288099926204,1.1364343360015512,1.149330381366531
aaro_5 <= aaro_20_sft_1,0.004070508,98878,51502,47376,12.55,-6477.423228981788,-954.1567381567511,03178e4886fc07979b0c314ad9c68ba2f86b07645c5f6bfdb6bc96b9669a3c24,30,0.0009668405982665718,27.49,0.8466486230450617,0.8466486230450617,0.9060371894433707,0.9440973974681277,0.9703851401663313,0.9925788084671258,1.0080568733534319,1.0266694447602764,1.0397817071376143,1.0594965901236002,1.076605662620362,1.0873900649667243,1.1009871855859321,1.1212124618674577,1.1388274517902437
mema_5 <= Low_sft_3,0.0039876224,98878,24599,74279,12.65,-1368.2816720958444,-417.5401118838563,f2e93f04b3d2a46ee10823902064b64ae41106b8f01252b29032fe26a3290c3e,30,0.011104820296168327,28.31,0.9243495984448524,0.9243495984448524,0.9757800164387941,1.01552835329099,1.023561849019712,1.026126635236993,1.026199805937187,1.049031690329654,1.0506681096992552,1.0696932558589665,1.070811278213898,1.0975357872944551,1.1132018569364646,1.1112695173813953,1.1350027160328282
stdev_5 >= stdev_5_sft_3,0.003969301,98878,47988,50890,12.55,-5162.796781399913,-920.256957782789,a092dbfa6dbefd1d342d1a211503f33f5c7745cd5359e4d4115f2b75459bc7b9,30,-0.0070866369642317295,27.12,0.8720449957417721,0.8720449957417721,0.9081099761173822,0.9542448366258566,0.9941404488384809,1.010110155486783,1.0188477119998385,1.0363243530345447,1.0534318328827987,1.071812902195411,1.0917583049587594,1.1074729152025289,1.1140435848196872,1.1249993078413005,1.1441739858126758
minus_di_20 <= 23,0.0039643184,98878,55320,43558,12.53,-8010.80532218573,-1005.6097943249333,cee77ee220a5e77fe95d20a730179fabcb0f2e40106664424787bbccffac6b44,30,-0.02755262888967991,26.35,0.8368400526417769,0.8368400526417769,0.8948284239320972,0.9342882566005297,0.9685649103683195,0.9924431510510003,1.0146177376761805,1.0343312403611873,1.0531743109188014,1.066591677830474,1.07837179215357,1.0911186370492076,1.106480384300191,1.1213652338276288,1.1298537225518899
willr_5 <= willr_30_sft_3,0.003958757,98878,48247,50631,12.55,-3576.084775261345,-733.7011723361502,1427ae29e5c4ed561613e902f1f63301f41038d7cf9fdf54aa945c6a3e2bca60,30,0.0009813038632273674,27.49,0.906131789096729,0.906131789096729,0.9578329417538233,0.9909954106908526,1.0151102587211878,1.0285672536003547,1.041098801410306,1.0546787605074135,1.0659589675379628,1.0886932775828941,1.0988723694650053,1.12002987015346,1.1409999215920201,1.1480617731418394,1.1644082829402245
mema_5 <= High_sft_2,0.0039473292,98878,78618,20260,12.48,-8904.408205543416,-1505.2563186409025,272a901e1625028460b95370368ae350ea9835e10fc1933b41122586149e5de3,30,0.000693064066581428,27.46,0.8611345254853603,0.8611345254853603,0.91647246975276,0.9516811688571233,0.9713481794379104,0.9873504783398894,1.0069972362803072,1.0214977043593876,1.033132074552221,1.0459994405437887,1.0580218785661073,1.0711871884005213,1.0898064396558838,1.0992005194355903,1.1062838585136892
minus_di_10 <= 17,0.0039241086,98878,31954,66924,12.61,-3509.518549025886,-539.5071109160854,cee77ee220a5e77fe95d20a730179fabcb0f2e40106664424787bbccffac6b44,30,-0.029645446687936783,25.53,0.8837023039161143,0.8837023039161143,0.9340608593194973,0.9836027798344636,1.0211006208045956,1.0395731674906263,1.0525258578058836,1.0572962838700564,1.059570945172496,1.0502769367972389,1.0502890275410375,1.0535864323613933,1.0644826700259218,1.070570332864511,1.0798029234276083
plus_di_14 >= 10,0.003923349,98878,92423,6455,12.45,-12781.422402034957,-1790.7846681805822,4f583626fd6f59b1b2e0825c720b1d1aad3858951a5b50964ea86a5c13485b5d,30,0.02142961136996746,27.7,0.8355040305198826,0.8355040305198826,0.8925939872142814,0.9307585763100628,0.9608789932992042,0.9874267119822985,1.0120992576533687,1.0334295956876223,1.0528226779432446,1.0711178344608079,1.0878127620367508,1.1027170954069845,1.11710486537062,1.130197072469285,1.1428550745967705
willr_14 <= willr_20_sft_3,0.0038954872,98878,50212,48666,12.54,-4921.554378829951,-871.0639096879386,1427ae29e5c4ed561613e902f1f63301f41038d7cf9fdf54aa945c6a3e2bca60,30,-0.0017974646762013435,27.37,0.8763422900635239,0.8763422900635239,0.9348715649620064,0.9688157635059091,1.0010674622017128,1.0215449305381434,1.0381706318018882,1.0544465824331501,1.0653837229604755,1.0799814103295018,1.0897500807412523,1.0994279875172206,1.1131092660712725,1.122804638641436,1.1320157326977558
aarod_10 >= aarod_5_sft_3,0.0038902424,98878,58338,40540,12.53,-6850.815450804829,-1121.9827508443268,010ce60baf3de2cf8c4bcfd243c9185441a26efa8e16690af1f746cc88b42f78,30,-0.000775282212998718,27.42,0.8578704712082205,0.8578704712082205,0.9028227437408067,0.9426460448095288,0.9697830238896968,1.0007269914111752,1.0209273346185193,1.0326428689327454,1.050120127440257,1.0638600784390526,1.080103245523829,1.104193651742939,1.1147269585638713,1.1179586707973048,1.1360635394643144
bb_lower_2_20 >= Low_sft_1,0.0038833155,98878,8222,90656,12.84,-1449.1831501542329,-220.16620441259874,4e26baca5a6303a13016cf43f2fb7e5c7be993260b396d0848e5bc87608a1ef6,30,3.9221253246068954e-05,27.45,0.7890077601357247,0.7890077601357247,0.7967591951689961,0.8530220889784917,0.8573249569048683,0.8494130706101014,0.8710889535208444,0.8746884372660496,0.8835924179227662,0.8998502319599059,0.9195753434727318,0.9292688383837706,0.9283087796084492,0.9270824885544288,0.9431350421324821
plus_di_5 >= 8,0.0038810626,98878,84312,14566,12.47,-10333.408789354362,-1554.0531110105512,4f583626fd6f59b1b2e0825c720b1d1aad3858951a5b50964ea86a5c13485b5d,30,0.006115160882472992,27.56,0.8561637566669388,0.8561637566669388,0.9167456200948284,0.9549023358603996,0.9832814864047953,1.0096440280533234,1.0332442078996518,1.0533904586984306,1.0720741810673042,1.0876928580826204,1.101672476817607,1.1133459952680063,1.1269593090906833,1.1404464773038017,1.1529556531684286
adx_30 >= adx_30_sft_1,0.003872339,98878,42779,56099,12.56,-4239.40131139994,-714.739316339459,fd7b69234972b511c2e03a174ce4b77d38140d5e70cabc298bd88fa9bb05adbf,30,-0.0037816446274518967,27.25,0.8804688710341454,0.8804688710341454,0.9524033017765569,1.0046920065183327,1.0427165435581398,1.064142058870188,1.0747585624428477,1.084516529311791,1.0967362085510846,1.1001073149582121,1.1095015884028843,1.1236757112741051,1.1425689136411952,1.160900018090511,1.1758009982122377
aarou_20 <= aarou_30,0.0038635551,98878,74792,24086,12.49,-9486.554128527354,-1405.4203324600894,11ecda3140789fc7bb03c4e9ce6db1e36d26d05f5895e9047d4b04d8e05db454,30,-0.009061007760465145,27.22,0.8485744433632136,0.8485744433632136,0.9049311343071013,0.9395210385251074,0.9654770689244603,0.9879558519027926,1.0088119884977087,1.024377243873979,1.0354425927982065,1.0463542666203025,1.0603702389977943,1.0755694164808907,1.0901958652496697,1.1045671582713656,1.115701851945546
aaro_20 <= -85,0.0038255788,98878,9226,89652,12.81,-793.7519182344549,-221.083657967436,87b58f9896252e251c68e9159d326bea7ed912172d4942a46db4a6bfa531cebe,26,0.011315230280160904,27.88,0.8794299767878783,0.8794299767878783,0.9362342996421393,0.9758870188258211,0.9665552424387844,1.0010217577572544,1.0416531112580363,1.0666645407530666,1.0995164258286028,1.130614295994165,1.1612790100552357,1.177299320372072,1.1828830886892574,1.1737606182465823,1.1560572336686432
rsi_14 <= 16,0.0038251856,98878,168,98710,15.48,-64.60719875211362,-9.455258096772013,64f5e1bb8a7d01ed3bc711ef82f8836c32f34a4dc5e2cbccb6c4442736ec4dbc,22,0.0,0.0,0.71366162839292,0.71366162839292,0.638234185651124,0.6957348086419982,0.7394612880257806,0.7258191466875487,0.7263089153249638,0.6942396437499625,0.7099106591896853,0.7822309459673579,0.8200566456848931,0.7976563901018361,0.756500969495329,0.7491248644620772,0.7429019707893073
mema_10 >= Low_sft_2,0.0038073368,98878,77092,21786,12.49,-10786.108217509285,-1576.6708170979982,e7e0f1d344c8e3b4344908a65185f87340bab0bfe5216b7073401aaebfc88a19,30,-0.00775639433413744,27.26,0.8341220810374155,0.8341220810374155,0.880183636478217,0.9113559061889809,0.9434388915663423,0.9676642938985345,0.9864056147385042,1.0045930324005317,1.0229209511085746,1.0389316709505634,1.0535796446940542,1.0664681882195013,1.0758097763606767,1.0862942292074185,1.1038247506479701
adx_5 >= adx_5_sft_1,0.003783019,98878,52007,46871,12.54,-5655.893020624059,-955.4674179626527,fd7b69234972b511c2e03a174ce4b77d38140d5e70cabc298bd88fa9bb05adbf,30,0.001666452270001173,27.52,0.8691504705624644,0.8691504705624644,0.9166473427342275,0.9600467644183871,1.0043686009831259,1.029723386307382,1.0498548959654923,1.0619941148320546,1.0763847603598646,1.0873364072606357,1.1037313663373567,1.1196979107038942,1.1363587929936299,1.1506810337276918,1.1655812747423853
atr_5 >= atr_5_sft_1,0.0037793329,98878,39238,59640,12.57,-3883.045901686056,-702.9038404311359,532171b4b026df3b7d23c8264137467a8cc80a53ca41565a8c760a4fc7c55907,30,0.0032500512897968292,27.62,0.8842763119132149,0.8842763119132149,0.9452409150299034,0.982316372556041,1.0173555330822224,1.0417874201373543,1.0620390572885394,1.0717058234235457,1.092975452780786,1.1125127159101496,1.1260871155576402,1.1338415551109262,1.1440139291119853,1.1547459885878466,1.172957871806836
minus_di_5 >= 17,0.0037617628,98878,59694,39184,12.52,-7235.14045137709,-1168.1179079277717,a06e18f5f366aa3040f30d3f53c74e6c3d30e6b8f15e9282eabbaa7fe9dd85a0,30,0.02238115295767784,28.25,0.8446423221355227,0.8446423221355227,0.9090774686141126,0.9446707403958776,0.9662578715229557,0.9902801850967644,1.0132962142670463,1.0368253098669993,1.058417779219234,1.08953423697155,1.1069635669718907,1.1271475414093117,1.1449997518231683,1.159207973443289,1.1764998760546603
plus_di_5 >= 17,0.0036882877,98878,58945,39933,12.52,-6254.152757248128,-1031.7594381273666,4f583626fd6f59b1b2e0825c720b1d1aad3858951a5b50964ea86a5c13485b5d,30,0.0038607437163591385,27.59,0.8793426867206928,0.8793426867206928,0.9441473827163746,0.9833530805509946,1.0178453430104548,1.0481025029976363,1.0705310733584108,1.0884497130899413,1.1053182997581326,1.12126624551618,1.137147635222694,1.146520353263472,1.1557218889976333,1.1720922358407238,1.1839953318712264
bb_upper_2_20 >= bb_upper_2_10_sft_3,0.0036824145,98878,76514,22364,12.48,-10732.281131810178,-1538.8562294309813,2b12f1a24b5e2be255bd7327d40ce3105a7cd48cdc1cc2d1ac037ab6015a19a3,30,0.005351545289158821,27.57,0.8318732841887249,0.8318732841887249,0.8841910525912733,0.9266088080406938,0.9592661418081689,0.9836006723918856,1.0077871304790684,1.025492759292509,1.0466652506310474,1.067415709615126,1.0859604364009752,1.1000006312499926,1.1136194783446716,1.1255768662699785,1.1437476446093167
mema_20 >= High_sft_1,0.0036685183,98878,36336,62542,12.58,-6450.634759844249,-852.1170278281716,b49daa998de516ee8744d85f0961964bee1fbf801ca0904e585341376b8b86ae,30,0.00994755420833826,28.03,0.777891516716507,0.777891516716507,0.8168165276776338,0.847814204118098,0.862776449078056,0.8767146836815455,0.8983810869806063,0.9209365319289625,0.9392175349992423,0.9653191540409013,0.9936458140105581,1.013265506172535,1.0329202481120179,1.0466141408029879,1.070998715588119
adx_14 >= 14,0.0036539324,98878,89122,9756,12.46,-12015.3392484057,-1713.9783641307877,4118d96628e9d7109ca1b25b71d8f7665de5864ad974c7631ea4a76d380fc96f,30,-0.006723803002387285,27.35,0.837839655356947,0.837839655356947,0.8948425318781404,0.9349088598071088,0.9659591669115827,0.9904160118834945,1.0141133389362598,1.0335273300437873,1.0482266000557816,1.0636515948909646,1.0771733321905637,1.0916781383689622,1.1058696805643993,1.1203696168556425,1.132273586479841
willr_14 <= willr_30,0.003652134,98878,56796,42082,12.52,-5712.968236030485,-944.8633093082026,1427ae29e5c4ed561613e902f1f63301f41038d7cf9fdf54aa945c6a3e2bca60,30,-0.015201057307422161,26.86,0.8800360348120185,0.8800360348120185,0.942231964304695,0.9837957278484285,1.0196678042103648,1.040974928023785,1.063971712657083,1.0815452286184633,1.08705728015555,1.093692189461101,1.0990953134407992,1.108572651201855,1.124294733215503,1.1367642114530967,1.151138311698004
minus_di_14 <= 4,0.0036500497,98878,777,98101,13.77,-557.4623239049688,-62.03728395127837,cee77ee220a5e77fe95d20a730179fabcb0f2e40106664424787bbccffac6b44,4,0.0,0.0,0.669293215185904,0.669293215185904,0.6685556580571583,0.5954259119145987,0.544772900177601,0.46171204152605755,0.4256894961174063,0.4253965398663369,0.46749382401380035,0.5454205195711104,0.6019788451752403,0.6676922614767199,0.6612407042238359,0.6568412234668728,0.5990211068512702
aarou_20 <= aarou_30_sft_1,0.0036359304,98878,69905,28973,12.5,-8764.139430400432,-1320.7131827013654,11ecda3140789fc7bb03c4e9ce6db1e36d26d05f5895e9047d4b04d8e05db454,30,-0.007239156868308783,27.24,0.8487612756474674,0.8487612756474674,0.9008755775134037,0.9324477096843135,0.9571141023943007,0.9787903584128111,0.9993028608556584,1.013417656032396,1.0239918789154767,1.037092237184944,1.0505195585801266,1.0651171381618578,1.0785440645441404,1.0940640727067033,1.1033215883118437
aaro_20 <= -100,0.003630129,98878,2312,96566,13.19,-59.668165984912775,-59.90481400671706,87b58f9896252e251c68e9159d326bea7ed912172d4942a46db4a6bfa531cebe,28,0.008382006548345089,29.37,0.9641793135412304,0.9641793135412304,1.0663287363652691,1.0162653856455768,0.9909853207320439,1.0772334517036484,1.0737834262659811,1.1850824705918337,1.1595743745029503,1.1768309007704736,1.1979303718062915,1.2068666118876006,1.283833642088112,1.3049219509753303,1.274435052703962
sma_5 <= sma_10,0.0036182054,98878,50337,48541,12.54,-6713.143727744097,-1031.3441612625174,9620e21a74658492f7af120824bf7d2062ca3a47b721c940ad3cc1d3bc8eb349,30,-0.00040601694490760565,27.43,0.8302906063619456,0.8302906063619456,0.8800091638207242,0.9087674245355202,0.9212897893912472,0.9426884671295204,0.9577185247752802,0.968784448276458,0.9860518479867044,1.0023186477292345,1.0180805613016968,1.0334168485334236,1.0455206281362641,1.0604639833013085,1.0700752275077823
plus_di_5 >= 23,0.003609337,98878,42781,56097,12.55,-3532.4585893860494,-717.8605946497555,4f583626fd6f59b1b2e0825c720b1d1aad3858951a5b50964ea86a5c13485b5d,30,0.0018198962789028883,27.54,0.9072500625090112,0.9072500625090112,0.9741461843973972,1.0133672202437072,1.0542431111883368,1.0861216632266855,1.1096679527626645,1.1231566802940505,1.1413070979700364,1.159753281281243,1.1754385680375024,1.18615183940832,1.194119091096256,1.2081475393886818,1.2225402193620223
stdev_10 >= stdev_14_sft_3,0.0035999944,98878,34562,64316,12.58,-3961.8149661638163,-671.3286330810297,a092dbfa6dbefd1d342d1a211503f33f5c7745cd5359e4d4115f2b75459bc7b9,30,0.0025896290317177773,27.6,0.8674692178391603,0.8674692178391603,0.933221911115969,0.98203108967054,1.0099971528682405,1.012941650584428,1.035709779617756,1.053972452679061,1.074806792874685,1.087439134454487,1.0999880365616508,1.1065246599594354,1.120303808403626,1.1379534246426273,1.1616908616038408
aarou_14 >= aarou_10_sft_3,0.0035752782,98878,48088,50790,12.54,-6948.798763636649,-946.8235478713177,0f031b3780e6467809600593d6806420193325d9573f332c17b627db66a26893,30,0.003232230432331562,27.59,0.8293212403308833,0.8293212403308833,0.8898847564323167,0.9338978944843591,0.973075358101531,0.9996334932131666,1.0322292808870646,1.0513930149713164,1.0681554904121628,1.0911887289005,1.101369453433734,1.1171591893151471,1.1259930974728352,1.1333799273557883,1.1559354352712754
aarou_20 >= aarou_10_sft_3,0.0035752677,98878,59718,39160,12.51,-8138.964176708923,-1164.4292456426192,0f031b3780e6467809600593d6806420193325d9573f332c17b627db66a26893,30,-0.0022968724370002747,27.36,0.8359107191176605,0.8359107191176605,0.8901310914522629,0.9311985930444555,0.9662564176906354,0.9934074518794995,1.0227492155017428,1.0354319028988255,1.049692139765798,1.0669840665853103,1.0724928973118921,1.0856669020337721,1.0909167967520141,1.1010362530015434,1.1217172821035757
mema_5 >= Close_sft_1,0.0035705478,98878,50005,48873,12.53,-6984.603245227496,-1021.6665853336599,1e15dac9f18b8bc737934702402ffb02b545ee7fbda8772d4c0156705e9d2a44,30,-0.0010806056670844555,27.4,0.8329017231659123,0.8329017231659123,0.8770897344981633,0.9167810020158661,0.9440079469260618,0.9621730738967134,0.9796152818751241,0.9956857990830029,1.0104485088471735,1.0284973386506346,1.0474043551872565,1.0619179804894878,1.074735621338672,1.0825779027674254,1.098616899934286
rsi_5 >= rsi_2_sft_3,0.0035540208,98878,49830,49048,12.53,-6970.016341816663,-992.3404554638764,9c5304fe9d592b70a0c6b3286ed47e7bf2dda0b94ec7966217da111653dec0de,30,-0.0034817433916032314,27.29,0.8359135092521713,0.8359135092521713,0.895522760093592,0.9219363599943127,0.9489512671858287,0.9740973174049399,0.9917228135252617,1.0101321779055408,1.0294525817570979,1.0394123384979543,1.0569593932817443,1.069110328613252,1.079525316072717,1.0933486606096061,1.1092550390468705
aaro_30 >= aaro_10_sft_3,0.003536645,98878,51274,47604,12.53,-6731.663183164147,-930.4448791922914,fa1fba1a54e25d7a96ab29b0d7c633f260580ef2319f10dc44e85c501c26793f,30,-0.0023638771381229162,27.34,0.8409027027609062,0.8409027027609062,0.8969611749359836,0.9347987016779407,0.969891042598352,0.9953550842019631,1.0237717168945293,1.0369692765948677,1.0453096926714844,1.061403758103825,1.075429759308189,1.0934907083227898,1.107895154557496,1.121100021335005,1.1382569024032674
sma_50 <= Low,0.0035312586,98878,39744,59134,12.56,-3344.2552166731184,-574.0169183303005,984863a5cb13aec2699710705080435de7dea983a917ddee35d0db64a2bad484,30,0.002648079302161932,27.59,0.9017322224255694,0.9017322224255694,0.9875363047146631,1.051344627621183,1.0983114456450507,1.1372254296171314,1.1610765144923456,1.1914011867620855,1.21072980269531,1.2197030880553803,1.2358235359034833,1.2470223483623577,1.2668810339762033,1.2926914893148092,1.3093106994332133
minus_di_10 <= 18,0.0035273873,98878,35631,63247,12.57,-4227.820837034187,-609.461698325802,cee77ee220a5e77fe95d20a730179fabcb0f2e40106664424787bbccffac6b44,30,-0.028838587924838066,25.73,0.8728567974029006,0.8728567974029006,0.9270368561994213,0.9720936898932374,1.0084361148207206,1.0243978030983918,1.0393860689460026,1.0466576727614667,1.0504051971710637,1.041919823166456,1.0428645888668935,1.0460818976243427,1.056433932191665,1.063599758950644,1.0746650197461294
aaro_30 >= aaro_10_sft_2,0.003519287,98878,51381,47497,12.53,-6789.164760064455,-949.7042994522635,fa1fba1a54e25d7a96ab29b0d7c633f260580ef2319f10dc44e85c501c26793f,30,-0.002652865368872881,27.33,0.8398461349035563,0.8398461349035563,0.9036927540436261,0.9339347434571967,0.9658176424802041,0.9986564731160664,1.023876794983256,1.0458925868897007,1.0593925524194645,1.0710910832009102,1.0895731586966175,1.106619684914885,1.1258260094683332,1.1362759181624156,1.1501657699942105
atr_10 <= atr_5_sft_2,0.003517525,98878,42616,56262,12.55,-4034.0392861173605,-771.6707899554531,6c56a6e37fe7066fac040219b9e7cfe2398571a456467cde7a8327153ebc94da,30,0.004945795051753521,27.7,0.8871232005335786,0.8871232005335786,0.9385767334930145,0.9751824212400009,0.9999934990189718,1.0324868755001064,1.0561990105577583,1.0749206228506212,1.087916979499349,1.0964974615226977,1.1116672476057607,1.1204001444592468,1.1322989415799498,1.146372345771773,1.155770736264177
bb_lower_2_10 <= Low_sft_3,0.0035132724,98878,91869,7009,12.45,-11081.741883822022,-1762.218245235621,b7ad82b511400bed7e0b17748ce288ee8f3f2ede56b33dfde9aebcf2610f7a03,30,0.005353095475584269,27.51,0.854305556223554,0.854305556223554,0.903259281137687,0.9414467899885597,0.9723886993464667,0.9981621151647886,1.0216383721013524,1.0376479218788062,1.054337804292389,1.0706555152363453,1.0857368480221732,1.100938501382861,1.1140068220854882,1.1257939620441861,1.141216988275944
stdev_14 >= stdev_14_sft_2,0.003510227,98878,47203,51675,12.54,-5771.163111370668,-908.3181313492096,a092dbfa6dbefd1d342d1a211503f33f5c7745cd5359e4d4115f2b75459bc7b9,30,0.003319984534755349,27.6,0.8553099262532335,0.8553099262532335,0.9124262079376155,0.953754212306619,0.9866812664429602,1.0029567345251023,1.0198063094874015,1.0395296030221837,1.0599411699079435,1.07477781860935,1.0859255127612932,1.0983614264690398,1.1174913141370801,1.1388836384983976,1.1562902842199436
aarou_20 <= aarou_30_sft_3,0.0034877216,98878,63959,34919,12.5,-8511.439994743469,-1220.3639065743992,11ecda3140789fc7bb03c4e9ce6db1e36d26d05f5895e9047d4b04d8e05db454,30,-0.006899676285684109,27.22,0.8392434401669231,0.8392434401669231,0.897287617838926,0.9297424565627661,0.9486769101701638,0.9656986303147661,0.9857939855402973,0.9973254342959667,1.0088158691949964,1.0226407019785315,1.0370072862028774,1.0499995684357306,1.0676957467733708,1.080395508890944,1.0876829833005408
bb_upper_2_10 <= High_sft_3,0.0034729308,98878,7394,91484,12.82,-915.3065698001883,-147.5875734611982,47a9751fea8d725fb5374946cd8b96bffe57ef928945364f4fe01eefa8efaa0d,8,0.003543032566085458,17.55,0.8689021553166211,0.8689021553166211,0.8863873398820981,0.9461263353168868,0.9333077995162086,0.9186904935292939,0.9127819578808066,0.9067255556153565,0.9141228414530893,0.925349360118617,0.9392464492902957,0.942342492872952,0.9406284200611066,0.9307751185868148,0.9386015747297948
sma_5 <= High_sft_2,0.003472454,98878,84326,14552,12.47,-9745.197095442654,-1609.780536044469,96dbcbed1df94b1ba010b345e5b1a9039b5cdd6019405ebbb50c28754007bf82,30,-0.0008453004411421716,27.43,0.8590678556787699,0.8590678556787699,0.912184004030676,0.9464596448321024,0.9665878300237795,0.9849287282499076,1.0034154958226578,1.0197811143348743,1.0315371438349012,1.0456394466749694,1.0594755812583734,1.0728803039461734,1.08816713751688,1.0993292395959324,1.1080915098985764
mom_2 <= mom_20_sft_1,0.0034226414,98878,48889,49989,12.53,-4382.813557245048,-723.0529917861131,99b230403b43b61a62d1e1bb62b812e1617b1ac927f76ee434dad8be358b43f3,30,-0.0075953006744384766,27.1,0.892117031215588,0.892117031215588,0.9533742333048633,1.000984914595054,1.0347838593207164,1.0641811245432953,1.0920361303688435,1.1083596423835047,1.1165519717623584,1.128871474151277,1.1330849355694026,1.1394041961945494,1.1565056844519648,1.1720917645537499,1.1831434199809183
willr_20 <= willr_20_sft_3,0.0034075426,98878,51444,47434,12.53,-4797.659455924553,-864.308822387502,1427ae29e5c4ed561613e902f1f63301f41038d7cf9fdf54aa945c6a3e2bca60,30,0.0007815735880285501,27.48,0.8811624760157272,0.8811624760157272,0.933932232244473,0.9701821985651712,0.995525229295289,1.0068346360415008,1.018317695814031,1.031274815752124,1.0421415172318156,1.0631047494706012,1.0728240381005694,1.0868222993021543,1.1095090526149047,1.1178090701007937,1.131565608943654
bb_lower_2_30 >= High_sft_1,0.003390722,98878,440,98438,14.09,-96.25370950275101,-16.934478911753104,a004533119ad88e37e81983efb1d0cbf2300c3e3cc59ba199ab847ba9c57f154,30,0.0,0.0,0.780168982378892,0.780168982378892,1.1000945478188484,1.150902375325399,1.207003665779582,1.1553789157067762,1.2247722990089718,1.247337456806686,1.2842797014594678,1.2444715673288442,1.1785858647419514,1.3139532850098834,1.4071292458802633,1.377035054092853,1.4661248571962007
minus_di_30 >= minus_di_30_sft_2,0.0033813226,98878,39707,59171,12.55,-4389.158054611973,-778.3636343461476,a7c5a511f18bc4bc65b530c22aedd665cbba6e43036caf921c03925c9eff7340,30,0.003302900353446603,27.62,0.8578565612858496,0.8578565612858496,0.901391372485108,0.930114368420408,0.9484500530410754,0.9688090577757562,0.9787293413402599,0.9956687892061848,1.010020331702419,1.0390516949802824,1.0572962366167402,1.067666246804138,1.0840907911333455,1.088615182656994,1.1031771592943693
adx_10 <= adx_14_sft_1,0.0033559194,98878,19947,78931,12.64,-4341.944189842165,-435.1029627285243,234f8ad1c2baf91b95c9f1aef2798b533888ce55558d2a8e51c247014080fabc,30,-0.005277277901768684,26.98,0.7602796954394953,0.7602796954394953,0.8024639216242462,0.8377228623277109,0.8727087191030929,0.9205831507199149,0.9603845784026384,0.9878375280364552,1.01636238217307,1.050781514899684,1.0627680737978888,1.0678919598934382,1.0795636200201166,1.0886524141756702,1.1008748445594128
aarou_20 >= aarou_20_sft_2,0.0033339174,98878,29194,69684,12.59,-3521.9387472905364,-569.0334245670601,0f031b3780e6467809600593d6806420193325d9573f332c17b627db66a26893,30,0.0029178026597946882,27.65,0.8582082533742059,0.8582082533742059,0.9222656941087514,0.9654700815300507,1.0234828584919613,1.048268501496506,1.072000835912441,1.0896799372109625,1.114509165853374,1.1327184055359758,1.1548491013752318,1.1662867502554537,1.1815886092954553,1.186880146024446,1.2125169835447116
willr_10 <= willr_20_sft_3,0.0033206076,98878,49611,49267,12.53,-4467.79276117976,-850.167118743906,1427ae29e5c4ed561613e902f1f63301f41038d7cf9fdf54aa945c6a3e2bca60,30,-0.003658200381323695,27.28,0.8866884525594301,0.8866884525594301,0.9392603592121959,0.9753754370964172,1.0022462857446854,1.0251273968177068,1.0442047127326168,1.0629201449101038,1.0755981390184082,1.0916306061420347,1.0998092491318108,1.107745278955641,1.121520123532222,1.1366149859397168,1.1467195428413046
minus_di_30 <= 6,0.0033110708,98878,464,98414,14.01,-299.615173663944,-44.64929890607891,cee77ee220a5e77fe95d20a730179fabcb0f2e40106664424787bbccffac6b44,4,0.0,0.0,0.7126917212171346,0.7126917212171346,0.6541967293165803,0.5298939310139406,0.41178402127243396,0.3161859211592791,0.3100908914803579,0.34770925181729295,0.4026832564359945,0.4560095296422863,0.5305844374933032,0.5937097383199234,0.5316957894013529,0.498314008157701,0.4893172680444556
stdev_5 >= stdev_10_sft_1,0.0033048687,98878,23867,75011,12.61,-3183.280343088016,-504.0196211325165,a092dbfa6dbefd1d342d1a211503f33f5c7745cd5359e4d4115f2b75459bc7b9,30,0.0008854551706463099,27.51,0.848637607702978,0.848637607702978,0.8929989936752537,0.9507459633083565,0.9997906653821164,1.019071138939634,1.0176539853006439,1.0434657117735342,1.0749301448153026,1.1067418232503365,1.1205386689223813,1.1311628397011297,1.1338885101487008,1.153005518726585,1.1827605831890415
minus_di_30 <= 8,0.0033016931,98878,1248,97630,13.38,-473.79134206986055,-42.04538424203929,cee77ee220a5e77fe95d20a730179fabcb0f2e40106664424787bbccffac6b44,4,0.0033016931265592575,13.38,0.7756471452611502,0.7756471452611502,0.7686392185837039,0.6880613802981284,0.5624906664668244,0.4753843298972071,0.413159119869858,0.4163924528596436,0.48483253475635213,0.5588399633346885,0.644386949150462,0.6748772746016425,0.6925845428926728,0.6457899779200738,0.6240698381363239
minus_di_5 <= 9,0.003290897,98878,17139,81739,12.66,-1156.7533397151274,-250.48877799826005,cee77ee220a5e77fe95d20a730179fabcb0f2e40106664424787bbccffac6b44,30,-0.017889147624373436,25.7,0.9308797162546021,0.9308797162546021,0.9961270311102919,1.0534202082067157,1.1041329662516726,1.1264649915740783,1.1370604993044018,1.1349833874191775,1.1266268665196044,1.1246544217856314,1.1276865915113898,1.137401654519133,1.1479114330315785,1.148906315703404,1.1642705291585533
minus_di_20 <= 9,0.003272076,98878,3379,95499,12.99,-1228.298430139781,-73.02848917712254,cee77ee220a5e77fe95d20a730179fabcb0f2e40106664424787bbccffac6b44,30,-0.03435174748301506,19.3,0.7564560271317032,0.7564560271317032,0.7653935973148486,0.7634707494547052,0.760236530857545,0.7317134093429563,0.6909311001348467,0.6542021359787162,0.6472421749963203,0.6790412354204874,0.7347574357440358,0.7895830889928669,0.810887776521479,0.834187523275279,0.8364261999910609
willr_5 <= willr_30_sft_1,0.0032658558,98878,48507,50371,12.53,-3297.205938964162,-737.0256132556897,1427ae29e5c4ed561613e902f1f63301f41038d7cf9fdf54aa945c6a3e2bca60,30,-0.00044033199083060026,27.42,0.9142356024612323,0.9142356024612323,0.9677085279701885,1.0082407338531096,1.032553723418419,1.0472048342840108,1.0666529887537073,1.0813361674503248,1.090749390660558,1.1119296175491251,1.1212777279391661,1.1417012130925692,1.1644605287231111,1.1721837744061983,1.1846375332825962
sma_10 >= Low,0.003264286,98878,68236,30642,12.49,-8856.439225999002,-1355.423438032165,7e47ad2f5aad8309cb5e81c51f9a75f0ebc795f902c6c62c65c20c0b4901b7f7,30,-0.008935396559536457,27.18,0.8397693482127166,0.8397693482127166,0.8826840117050748,0.9120799939470495,0.9347042300040553,0.9551383226704602,0.9707104477925059,0.9836557086989555,0.994381874948361,1.0094250504926316,1.0228682556622675,1.0370785062739232,1.0481399509573825,1.0566386971883017,1.0669253448466978
stdev_10 >= stdev_20,0.003260316,98878,19893,78985,12.63,-2368.9775444576226,-394.79156208584754,a092dbfa6dbefd1d342d1a211503f33f5c7745cd5359e4d4115f2b75459bc7b9,30,0.0026785621885210276,27.68,0.8620973216120393,0.8620973216120393,0.9201062429753806,0.9533458493293483,0.9740792742901012,1.000409509373844,1.0320522454840217,1.0656506726726511,1.083515879349966,1.081527473800101,1.080162240543814,1.0884874533112996,1.0946932287840911,1.1034931607228338,1.1176686911887286
plus_di_30 <= plus_di_30_sft_3,0.0032336146,98878,58431,40447,12.51,-7163.78879092071,-1156.1875571527125,bd972efc927c87708f479b3c989a305bfeb89b6aa0381d01606955fa59f6baca,30,-0.0012606828240677714,27.4,0.8469783007389806,0.8469783007389806,0.8904950038654134,0.918076462977668,0.9401804560174132,0.9605660627543136,0.9841108242509998,1.0030425446551254,1.0175314186695434,1.0319254094447414,1.0468291440518986,1.065469381640599,1.0846210247079,1.0903033509666349,1.1007167326021585
aaro_5 <= aaro_14_sft_2,0.0032100077,98878,50600,48278,12.52,-6762.013676105685,-1000.5889816435083,03178e4886fc07979b0c314ad9c68ba2f86b07645c5f6bfdb6bc96b9669a3c24,30,-0.002771915402263403,27.32,0.8383093343919265,0.8383093343919265,0.8946418077896635,0.9297394307649384,0.9421920875711021,0.9592629341175705,0.9745491119852777,0.9978467021248942,1.0150441769201168,1.0299551732721186,1.0521430218820254,1.0673657142531217,1.0793224025392454,1.0986166989368351,1.1094292348943426
minus_di_20 >= minus_di_20_sft_2,0.0032072272,98878,39858,59020,12.55,-4454.507139867266,-784.9708582822277,a7c5a511f18bc4bc65b530c22aedd665cbba6e43036caf921c03925c9eff7340,30,0.0036500529386103153,27.64,0.857107137893111,0.857107137893111,0.9014764148899009,0.9320700104070446,0.9514982260279331,0.9673568338332005,0.977652815015136,0.9939622344758404,1.0089490278608042,1.0387203320328153,1.0582211288907561,1.0686924174011416,1.087527285468395,1.0928767355959035,1.106511863013277
plus_di_14 >= plus_di_5_sft_3,0.0032064747,98878,56088,42790,12.51,-8027.10016417896,-1102.2868364572278,e29890bc12ea37e8ab50982e55f5d20643af7c43a2ddc27569a065e219a2f597,30,-0.001295163994655013,27.39,0.8280850343523697,0.8280850343523697,0.8810373978381418,0.9145246029638238,0.9399238076304649,0.9676537696361338,0.9873334634931132,1.0054762882919728,1.0313965947969863,1.057149026373723,1.0739429149054585,1.0943503054315638,1.1022814015473368,1.1230963438655002,1.1385688748482672
aarou_30 <= 4,0.0031850971,98878,14393,84485,12.67,-2730.024498249084,-319.7882046135928,da60be741621a42d93721696dcc6252cb06464cd161c4da151f0e18e03138794,30,0.012457679025828838,28.79,0.7720927913007445,0.7720927913007445,0.82565913296596,0.844326535493407,0.8744281290130371,0.9074606285051929,0.9590276934151181,0.9950266486921723,1.0316633578868997,1.06553945880666,1.0883165718245473,1.0938687642221714,1.1083822884508656,1.1077767041110145,1.116209307615088
adx_5 >= 23,0.0031732982,98878,90619,8259,12.45,-11282.326776874474,-1739.5007461615896,4118d96628e9d7109ca1b25b71d8f7665de5864ad974c7631ea4a76d380fc96f,30,-0.006170044653117657,27.36,0.8505766916328769,0.8505766916328769,0.9065904091291075,0.9465659181997383,0.9788816189969854,0.9996629168063059,1.0188719735740137,1.0385771368528005,1.0542197902469297,1.0686442468088364,1.0825866842701368,1.0946657399665392,1.1065033098754156,1.1184636474773535,1.1291004706968337
sma_10 >= Low_sft_2,0.003157567,98878,74613,24265,12.48,-10581.208423349028,-1505.6967859767174,7e47ad2f5aad8309cb5e81c51f9a75f0ebc795f902c6c62c65c20c0b4901b7f7,30,-0.010559029877185822,27.18,0.8303523389390454,0.8303523389390454,0.873186745768183,0.9062372239123171,0.9360967340579004,0.9558279973854444,0.974381730659015,0.9919940106069074,1.0078818753411278,1.023358809332598,1.0372549962173407,1.050124203362932,1.0605693450355498,1.070758000685985,1.0860826309851115
willr_5 <= willr_14_sft_2,0.003151484,98878,49754,49124,12.52,-4018.947067352299,-849.3289616219772,1427ae29e5c4ed561613e902f1f63301f41038d7cf9fdf54aa945c6a3e2bca60,30,0.0015886984765529633,27.52,0.8992405607162149,0.8992405607162149,0.9487647094186747,0.9894611255309123,1.0134120837871086,1.0262242104379697,1.0389261515621837,1.0560069607998648,1.0701729418401567,1.0929764510758977,1.0962233789412452,1.110702406077314,1.1291059618342272,1.1328935053732447,1.1427629988261818
mema_10 >= Low,0.0031068968,98878,71925,26953,12.48,-10015.110992743637,-1457.5941539581836,e7e0f1d344c8e3b4344908a65185f87340bab0bfe5216b7073401aaebfc88a19,30,-0.00696105370298028,27.25,0.8293510705536739,0.8293510705536739,0.8745246312445862,0.9029444614594199,0.9233998781774471,0.9444965895234103,0.964028535662874,0.9804814436953219,0.9977479763660162,1.0146650126281047,1.0253289748019716,1.0362117750092512,1.0459324150273457,1.0519700008446675,1.0604529910357505
plus_di_5 >= 16,0.0031050008,98878,61844,37034,12.5,-6904.683661492672,-1110.1074293481724,4f583626fd6f59b1b2e0825c720b1d1aad3858951a5b50964ea86a5c13485b5d,30,0.0043059298768639565,27.59,0.8728266577770268,0.8728266577770268,0.9392024337750826,0.9788678602145077,1.0117368436394356,1.0430697058265463,1.066096549801306,1.08355056490082,1.099808471116645,1.1149120564202448,1.1294467768471657,1.1410211172650389,1.1508006656091434,1.1656842370991556,1.176746072346694
aaro_14 <= -100,0.0031015126,98878,3316,95562,12.97,-281.2465140602935,-73.50978192887851,87b58f9896252e251c68e9159d326bea7ed912172d4942a46db4a6bfa531cebe,30,0.006788649596273899,29.07,0.8848295318838401,0.8848295318838401,0.9547964106703025,0.9512492001067798,0.9708773107064514,1.0379148546048174,1.0612185680000645,1.043142696597626,1.0785512158979724,1.0928535885260744,1.1162769647853128,1.1366795705062225,1.1520719632138356,1.2197459998719034,1.278253604782107
willr_14 <= willr_5_sft_2,0.0030981961,98878,52121,46757,12.52,-5105.455380711992,-917.045008487592,1427ae29e5c4ed561613e902f1f63301f41038d7cf9fdf54aa945c6a3e2bca60,30,0.0008365089306607842,27.48,0.8753097600615592,0.8753097600615592,0.9280232184720334,0.9719506601995805,0.9976689663973907,1.0154848480481315,1.0391153246646883,1.0572631980678278,1.0641637658982357,1.081300763678042,1.0907909435348748,1.1041456069976552,1.1330002760842315,1.1444115947735527,1.1517537208909001
minus_di_10 >= 24,0.0030914904,98878,39897,58981,12.54,-4299.068476442605,-820.3989928121082,a06e18f5f366aa3040f30d3f53c74e6c3d30e6b8f15e9282eabbaa7fe9dd85a0,30,0.02934841252863407,29.04,0.8572455365121263,0.8572455365121263,0.9003043906451905,0.9377541362039681,0.9656670426981663,0.9926246207908125,1.0167302228751087,1.0406122909394966,1.0612106501514607,1.090938215880942,1.1180001950724976,1.1457997338074422,1.1727202205084755,1.187402824526833,1.2106773578099896
bb_lower_2_30 >= Low_sft_2,0.0030660778,98878,6532,92346,12.8,-1077.5548618774337,-162.49457816104405,4e26baca5a6303a13016cf43f2fb7e5c7be993260b396d0848e5bc87608a1ef6,30,0.0005745913949795067,27.54,0.8044467254975244,0.8044467254975244,0.8560553407660694,0.8846482562216651,0.8804088955854781,0.8986660068976822,0.9148600808820789,0.8925782177398611,0.9057097755003685,0.9202577461602047,0.9298055056076938,0.9680621917663385,0.9793647273722478,0.99973485462511,1.0050395836885662
mema_5 >= Open,0.0030547958,98878,50266,48612,12.52,-6921.861947653,-998.97103025057,e056f67ffdc4fcdd46304a8987eda83c67de4a08c6d89f02fc25cc7938d2eaf8,30,0.0005680465255863965,27.47,0.8350588719573256,0.8350588719573256,0.8799706213669699,0.9186460358160712,0.9468033996711218,0.9626793223099234,0.9830903361951602,0.9990577585133671,1.0134735932118237,1.0328052763308613,1.0533705647943805,1.0627633890916555,1.0754292725038226,1.082081229125625,1.097102891186016
willr_5 <= willr_20_sft_2,0.0030464926,98878,49035,49843,12.52,-4152.486834019797,-833.8028557398648,1427ae29e5c4ed561613e902f1f63301f41038d7cf9fdf54aa945c6a3e2bca60,30,0.0005610629450529814,27.47,0.8937020585793958,0.8937020585793958,0.9435953530361353,0.985536735757687,1.010512068636342,1.029470121475729,1.0446210521577213,1.0585341560778039,1.0720134167235595,1.0941611688665545,1.1015388077445343,1.1174977236348134,1.1346912738633792,1.1387625704648252,1.1471747582982577
aarod_10 >= aarod_14_sft_3,0.0030144996,98878,46286,52592,12.52,-5594.045060776149,-846.6881331841068,010ce60baf3de2cf8c4bcfd243c9185441a26efa8e16690af1f746cc88b42f78,30,-0.0056848726235330105,27.17,0.8517310444684532,0.8517310444684532,0.8981347168607223,0.9312450763252721,0.959238580771279,0.9805096646500003,1.0081813808197637,1.0346301833917493,1.0551250479490235,1.070142498514313,1.0765889048169632,1.1000137310734197,1.1160479813477384,1.1267637047897678,1.139064579364011
plus_di_20 >= plus_di_14_sft_3,0.0030115435,98878,49716,49162,12.52,-7160.903051804094,-932.2402309076206,e29890bc12ea37e8ab50982e55f5d20643af7c43a2ddc27569a065e219a2f597,30,0.009812615811824799,27.88,0.8292071937975937,0.8292071937975937,0.8868421157127582,0.9340925630941318,0.9741165867490135,1.0015367362627796,1.0276881106312514,1.0520342717121463,1.0802836096896444,1.1041326419496178,1.1264403982669187,1.1434924164807316,1.1557410727212423,1.180432991166011,1.1936840492708647
adx_10 <= adx_20_sft_3,0.0029932144,98878,19993,78885,12.61,-4128.372753739721,-419.0368109890769,234f8ad1c2baf91b95c9f1aef2798b533888ce55558d2a8e51c247014080fabc,30,-0.005420847795903683,26.96,0.7714798582804983,0.7714798582804983,0.8279881438552398,0.8807259645100677,0.9210712350729571,0.9543336005636815,0.9740593301031446,0.9943298434788523,1.0184664844496147,1.0400262191857357,1.0550467434519402,1.0612238605046427,1.0658403960766865,1.0691811445866726,1.0807488271335488
mema_5 <= Close_sft_3,0.002981031,98878,49414,49464,12.52,-4446.407448077535,-910.0122692244622,7bbedcb317d5c12750ad9ed3d218721554e71f07d9c51daeb72ddac27b693913,30,0.006362271029502153,27.73,0.8855694368541942,0.8855694368541942,0.9297083392823398,0.9632466607085154,0.9763200741002502,0.9960259949586622,1.0085790864939672,1.0280059878107939,1.036744217402258,1.0531044319678264,1.0677725167390562,1.0830205033123215,1.1076320651195297,1.1062524627358152,1.1160826617827728
aarou_20 >= aarou_10_sft_1,0.0029395567,98878,66862,32016,12.49,-8515.94608666364,-1237.3857420768763,0f031b3780e6467809600593d6806420193325d9573f332c17b627db66a26893,30,-0.0030141582246869802,27.35,0.8474923953682356,0.8474923953682356,0.9066297363052147,0.9433476925352555,0.9735757828290241,1.005075619078212,1.0315252072549828,1.0555702902458974,1.0687496969727843,1.0818133951001456,1.0919762327221063,1.0988569445115097,1.1093753189472875,1.1153347844539816,1.1303266265793197
bb_lower_2_10 >= Low,0.0029309425,98878,13306,85572,12.66,-2006.2919220106642,-296.833690106032,4e26baca5a6303a13016cf43f2fb7e5c7be993260b396d0848e5bc87608a1ef6,30,-0.002445469843223691,27.17,0.8140071788399939,0.8140071788399939,0.8772902617282661,0.9047366592233456,0.9022222218978694,0.926416762109444,0.9367092747906015,0.960252369497738,0.9755753754243861,0.9885914118905904,0.987983663143094,1.0043721756099147,1.0308778688508518,1.0406422664316164,1.052980013482635
minus_di_14 <= 21,0.0029307476,98878,46136,52742,12.52,-6333.277988503132,-811.9883952001546,cee77ee220a5e77fe95d20a730179fabcb0f2e40106664424787bbccffac6b44,30,-0.02971053123474121,26.03,0.8492901478327896,0.8492901478327896,0.9060547515461342,0.9466369367996434,0.9751802673408169,0.9988438603917293,1.0172778171341146,1.0304729914312332,1.0407351800181526,1.0405673763658037,1.0423992267447197,1.046067204576783,1.0543325291557142,1.0674696846834566,1.0773471604764528
willr_10 <= willr_5_sft_3,0.002924973,98878,52184,46694,12.51,-4615.658674986098,-922.1404307162156,1427ae29e5c4ed561613e902f1f63301f41038d7cf9fdf54aa945c6a3e2bca60,30,0.001549729728139937,27.51,0.887466948664309,0.887466948664309,0.933424753626773,0.9780429199394396,1.0023337907389038,1.023585182423134,1.032256036487167,1.049417103056146,1.0629147657875775,1.0752756063629154,1.085327258517463,1.1018198623674291,1.1230237480358636,1.133863359162574,1.1388199808304234
sma_20 >= sma_100,0.002918756,98878,44858,54020,12.52,-3950.8173571250263,-709.5203036744715,724f0edc848b1caa180dcda4bf9f5a94c2dcd0eddd874575510f7c410089d747,30,0.004040317609906197,27.64,0.8911874256754807,0.8911874256754807,0.9667226436862149,1.0249090008098118,1.0697939890915098,1.1114929371832092,1.150297192647428,1.1849841866109496,1.2169347823888803,1.2447126640667108,1.2694477137233176,1.2907298536533574,1.3163228867201409,1.3376017716435462,1.3553575657712653
willr_30 <= willr_30_sft_2,0.002899921,98878,52002,46876,12.51,-4783.423879798527,-888.0393927838886,1427ae29e5c4ed561613e902f1f63301f41038d7cf9fdf54aa945c6a3e2bca60,30,-0.001312336535193026,27.39,0.8810105510217646,0.8810105510217646,0.9215105298196292,0.970258578026032,0.9912170103648487,1.0020755171234241,1.0148594256399979,1.0304496462394606,1.0364460193725025,1.060697015497955,1.0690165757580445,1.0870575520795414,1.1098422027401942,1.1174999719982168,1.1295866711168017
plus_di_5 >= 9,0.0028871484,98878,81745,17133,12.46,-10087.66723733685,-1505.1769171209962,4f583626fd6f59b1b2e0825c720b1d1aad3858951a5b50964ea86a5c13485b5d,30,0.004918626509606838,27.55,0.8556840822194773,0.8556840822194773,0.9163525647696075,0.9563972891598691,0.9843485891182514,1.0106583641952382,1.0331031744128358,1.053027918010904,1.0720256585997838,1.0873116198828714,1.1006853946891988,1.1111981280603191,1.1231699980108014,1.1367849610966845,1.1511961515612954
willr_14 <= willr_20_sft_2,0.0028853726,98878,50401,48477,12.51,-4308.616654271926,-834.1506828184938,1427ae29e5c4ed561613e902f1f63301f41038d7cf9fdf54aa945c6a3e2bca60,30,-0.002426405204460025,27.34,0.891419123989256,0.891419123989256,0.944003823720355,0.9884571540108174,1.0219935307836885,1.0461693426795307,1.064701227950064,1.0763927196522984,1.0795298301884888,1.0969216678564284,1.1018719601321303,1.1111776454716065,1.1267168294632497,1.1386287452651513,1.1502697125959391
adx_5 >= 22,0.0028810257,98878,92263,6615,12.44,-11501.147822541814,-1772.657630066009,4118d96628e9d7109ca1b25b71d8f7665de5864ad974c7631ea4a76d380fc96f,30,-0.004401055630296469,27.39,0.8501380601724675,0.8501380601724675,0.9049925174132851,0.9453649274307772,0.9776971259257525,1.0002847235830863,1.0208615607292313,1.0398904686440933,1.056519044051638,1.071314076275658,1.086045096639801,1.0989799917819922,1.1112320730485392,1.1228868360847755,1.1338101794860143
rsi_14 >= rsi_10_sft_1,0.00286997,98878,50250,48628,12.51,-8287.865090422143,-1073.2445538371685,9c5304fe9d592b70a0c6b3286ed47e7bf2dda0b94ec7966217da111653dec0de,30,-0.00476360647007823,27.24,0.809668092218409,0.809668092218409,0.8522519582270878,0.8900138240936591,0.9163664367479268,0.9387741935282173,0.9570506375326114,0.9785221651106013,0.999889261245037,1.0262552535253906,1.050594364132775,1.0666404269227632,1.0810710597568352,1.0937241040103605,1.1187564574896343
plus_di_14 >= 8,0.0028676158,98878,95184,3694,12.44,-13147.51710189644,-1867.2138310737428,4f583626fd6f59b1b2e0825c720b1d1aad3858951a5b50964ea86a5c13485b5d,30,0.018621565774083138,27.61,0.8350606489851788,0.8350606489851788,0.89120326837322,0.9290896781320909,0.9582579876200906,0.9837315844080585,1.0070272378862748,1.0269738937419122,1.0458299481439406,1.0641773093790157,1.081186616492464,1.0965887119859057,1.1111807296049951,1.1242839250290788,1.137273369954543
adx_30 >= adx_30_sft_2,0.0028674959,98878,42620,56258,12.53,-4355.717614678092,-718.6723990936953,fd7b69234972b511c2e03a174ce4b77d38140d5e70cabc298bd88fa9bb05adbf,30,-0.0036626062355935574,27.26,0.8770497641774488,0.8770497641774488,0.9560362290014298,1.0073708505293681,1.0440678789641844,1.0624812038522586,1.0703094784283906,1.0824794265859192,1.0952783283247005,1.1010074403812697,1.1125468826675644,1.1273243513725368,1.1470046372138758,1.163803643204544,1.1788234586871245
minus_di_10 >= minus_di_10_sft_1,0.002841111,98878,30513,68365,12.56,-2328.2924657671756,-563.8815715793025,a7c5a511f18bc4bc65b530c22aedd665cbba6e43036caf921c03925c9eff7340,30,0.0013114025350660086,27.53,0.9008609366049224,0.9008609366049224,0.9517719219242213,0.9718625084197624,0.9849863438235765,1.0038547738639998,1.0146122926979138,1.0332003657548083,1.050480306078911,1.0734576490648617,1.0931535431790431,1.0990973695578632,1.1252949656374442,1.1326342802474378,1.1379353360420361
aaro_30 >= aaro_5_sft_1,0.002836971,98878,50802,48076,12.51,-6836.724872288,-939.5490765503564,fa1fba1a54e25d7a96ab29b0d7c633f260580ef2319f10dc44e85c501c26793f,30,-0.007054538931697607,27.14,0.8378917558855444,0.8378917558855444,0.8938612606074676,0.9258179181693748,0.9445049615024805,0.973463421402342,0.9996920859528003,1.013706907724728,1.0225859537188984,1.0408285303449627,1.0617538657192855,1.072270997543071,1.0946665858956008,1.1137432835128254,1.1340243489016695
mom_2 <= mom_20_sft_3,0.002834734,98878,48628,50250,12.51,-4005.4330345177077,-704.4298840146948,99b230403b43b61a62d1e1bb62b812e1617b1ac927f76ee434dad8be358b43f3,30,-0.007476574741303921,27.11,0.8990871043598074,0.8990871043598074,0.9530116760070179,1.0000108968804313,1.0316400483093522,1.060118907979399,1.0815209279564617,1.0986342679183068,1.1096226839141283,1.119377696817724,1.1237906612659343,1.1381107104980674,1.1600143867248605,1.1735843172928142,1.1846854372744213
sma_5 >= Low_sft_2,0.0028200569,98878,84874,14004,12.46,-11339.018305603397,-1666.8536866275026,7e47ad2f5aad8309cb5e81c51f9a75f0ebc795f902c6c62c65c20c0b4901b7f7,30,-0.013429992832243443,27.2,0.843131766655765,0.843131766655765,0.8980127239193493,0.9395083329215627,0.9692391943909872,0.994688373509667,1.017807179879776,1.0358341617976885,1.0511429841983595,1.0655161633550434,1.0802445544144919,1.0924001525451086,1.1053408308062065,1.1174265928118359,1.1305849987382006
willr_10 <= willr_20_sft_2,0.0028051385,98878,49727,49151,12.51,-4154.153816145128,-837.6187480957014,1427ae29e5c4ed561613e902f1f63301f41038d7cf9fdf54aa945c6a3e2bca60,30,-0.005418647080659866,27.2,0.8946344224832993,0.8946344224832993,0.9478129996598929,0.9953944496089601,1.0263646598943672,1.0474382885321973,1.0657147385693535,1.0832285743009686,1.0917779604621451,1.1063071554524995,1.1113590148206,1.1172536920709497,1.1308145679197537,1.1416788478172366,1.1510388256216493
bb_upper_2_30 <= Low_sft_3,0.0028027734,98878,156,98722,14.74,-12.793401563540101,-2.104174961874377,dbb570f8106d6c3d6f292085aaa378b98a5659545b5ba59380ac7a9e0cfee8bf,30,0.0,0.0,0.907617572825097,0.907617572825097,0.9430867353771069,0.8969717351855969,1.1620915545311359,1.7477359612640135,1.7014300787580268,1.9354322012401286,1.701383749504289,1.8427631731896363,1.830984837956046,1.9062487073248375,2.2619179170490886,2.149597408920839,2.5886587786304682
minus_di_30 <= 5,0.0027833737,98878,268,98610,14.18,-209.33950901031494,-28.424199670087546,cee77ee220a5e77fe95d20a730179fabcb0f2e40106664424787bbccffac6b44,4,0.0,0.0,0.6598313371214233,0.6598313371214233,0.5577322640351521,0.5301337673801584,0.4227535229529553,0.34374088032326705,0.35826853668967223,0.4085660934636079,0.4073041240262717,0.5092511136067804,0.569541730387498,0.5692050727930944,0.542760657498245,0.49894916040225296,0.45834757010718125
stdev_20 >= stdev_20_sft_1,0.0027788365,98878,48112,50766,12.51,-6406.00551551495,-958.7843654668104,a092dbfa6dbefd1d342d1a211503f33f5c7745cd5359e4d4115f2b75459bc7b9,30,-0.003187991678714752,27.3,0.8431670903592178,0.8431670903592178,0.9024702098095929,0.943354511132958,0.9865730229822436,1.0121310620760187,1.0327605250444143,1.0440257052866107,1.0548300512985527,1.0685422697746954,1.0839707777613405,1.09522760504878,1.108991724249958,1.1220201332452107,1.1443571713932017
adx_10 <= adx_20_sft_2,0.0027428642,98878,18746,80132,12.61,-4046.6592476454243,-400.02946601295844,234f8ad1c2baf91b95c9f1aef2798b533888ce55558d2a8e51c247014080fabc,30,-0.004499930888414383,27.03,0.7651612278219058,0.7651612278219058,0.8198796906455411,0.8649897069583068,0.9090113095152884,0.9465869476693292,0.9679909437596892,0.9897632930777276,1.012049805018345,1.0366321520464254,1.0506470814440723,1.0616464831875196,1.0646168965163172,1.0667205893398817,1.079765060098975
mema_20 >= High_sft_3,0.0027418346,98878,33665,65213,12.54,-6278.1908482962,-786.7101173363699,b49daa998de516ee8744d85f0961964bee1fbf801ca0904e585341376b8b86ae,30,0.006201492622494698,27.83,0.7716144502633271,0.7716144502633271,0.8279677161986124,0.8490935363657417,0.8718620604401625,0.9029386818666225,0.9300072971020682,0.9527177441346872,0.9900019406885635,1.0172005833514426,1.0341624929459363,1.0483600209529582,1.0548535517055202,1.0824974931817157,1.0837643241769095
mema_20 >= Close,0.0027354055,98878,51210,47668,12.51,-6643.683656803919,-1060.9798405392212,1e15dac9f18b8bc737934702402ffb02b545ee7fbda8772d4c0156705e9d2a44,30,0.005145746283233166,27.67,0.8305161301863913,0.8305161301863913,0.8647644426408289,0.8803088756435316,0.8957045972282428,0.9106610100971202,0.9318562556477562,0.9448164621130898,0.961186288483462,0.9834103922212306,1.0025000580692536,1.0220258240328701,1.0384777062888684,1.0460931538799134,1.0569510767350327
willr_5 <= willr_30,0.0027218752,98878,51244,47634,12.5,-3990.8301606089735,-794.5884298483797,1427ae29e5c4ed561613e902f1f63301f41038d7cf9fdf54aa945c6a3e2bca60,30,-0.00779619300737977,27.11,0.9057147420038564,0.9057147420038564,0.9604838476320972,1.0019235580075534,1.03738886863379,1.0522617925369866,1.0714272793915645,1.0901427725191064,1.1028883034621444,1.1161765547832339,1.1261050233005692,1.140949621831213,1.1582220933389356,1.1683382045927122,1.1830830496708298
willr_10 <= willr_10_sft_2,0.002719074,98878,52066,46812,12.5,-4308.376728468658,-913.6982119008098,1427ae29e5c4ed561613e902f1f63301f41038d7cf9fdf54aa945c6a3e2bca60,30,-0.00043022941099479795,27.43,0.8952064541317603,0.8952064541317603,0.943447498661688,0.9893689832927175,1.0229493963836527,1.0356634887884437,1.0486445296815237,1.0651527608173295,1.0715626090836272,1.0944771677767593,1.101463074957564,1.1145476418500282,1.1374779384224567,1.1472081906810778,1.1556176100573452
willr_10 <= willr_30,0.0027074984,98878,53840,45038,12.5,-5100.727494102961,-879.8686970714989,1427ae29e5c4ed561613e902f1f63301f41038d7cf9fdf54aa945c6a3e2bca60,30,-0.014988305047154427,26.83,0.8873546839992632,0.8873546839992632,0.9459395282190013,0.9884635590440276,1.0244870343974832,1.0473089709539116,1.0707670809769103,1.0857483759507127,1.0985778496518825,1.1120669030294765,1.1154024496229693,1.1236937043643718,1.1425657760085355,1.1561722758926904,1.1699597565768178
plus_di_20 >= 9,0.0027051554,98878,95709,3169,12.43,-13518.872516375606,-1891.208969204199,4f583626fd6f59b1b2e0825c720b1d1aad3858951a5b50964ea86a5c13485b5d,30,0.02286956086754799,27.63,0.8305874911795257,0.8305874911795257,0.8853158502373658,0.9233555938504309,0.9534655486143893,0.9796008940194709,1.003794541135826,1.025192523342023,1.0450005923338705,1.0632609205166867,1.0797897195916606,1.0944628794763207,1.1080401023399225,1.1208749132737323,1.1333095954843941
rsi_14 <= 14,0.0026932708,98878,113,98765,15.04,-34.82913000823464,-6.773358017409918,64f5e1bb8a7d01ed3bc711ef82f8836c32f34a4dc5e2cbccb6c4442736ec4dbc,8,0.0,0.0,0.7841995249673674,0.7841995249673674,0.7545239126917251,0.8473647857550699,0.8309583245282605,0.7957505882299404,0.8002478534871369,0.7499354281507838,0.7166919501164615,0.7334698785910536,0.7840614178035873,0.7597170146287204,0.7221152256302535,0.7240797163430537,0.7143556710302751
minus_di_14 <= 2,0.0026868877,98878,135,98743,14.81,-225.8973440732807,-21.96959995198995,cee77ee220a5e77fe95d20a730179fabcb0f2e40106664424787bbccffac6b44,24,0.0,0.0,0.4269969130862477,0.4269969130862477,0.3505903300038771,0.38030484524673247,0.314371683182392,0.20608053113751246,0.24650358704909137,0.24721397439933648,0.3203822455731544,0.4777134134080282,0.5102804677062514,0.656033148108384,0.6148181312433917,0.514670186214191,0.45312672590688813
sma_50 <= Close_sft_2,0.002650741,98878,46881,51997,12.51,-4060.787217839794,-684.7060655628084,50a0e61b02a2d5c963e9603b4bade036c42f4965c5f54e99ff926c2165cc53b8,30,-0.005240526515990496,27.2,0.8968563063859794,0.8968563063859794,0.9731498887136949,1.030595014821953,1.0687800235278238,1.10159184214673,1.1303637971270544,1.1515703958423646,1.1645002199089567,1.1763659550065548,1.18637635898675,1.2016933378409156,1.2229374673166074,1.2409722535311343,1.2598189884279911
mom_5 <= mom_20_sft_1,0.0026133005,98878,48802,50076,12.51,-4721.943001302825,-769.1890287254137,99b230403b43b61a62d1e1bb62b812e1617b1ac927f76ee434dad8be358b43f3,30,-0.007374356500804424,27.11,0.8823139742983273,0.8823139742983273,0.9416471133275989,0.9820548156199645,1.0139077718545166,1.038445408433387,1.0586537794902646,1.07373890094962,1.0881275268765411,1.1018849089840053,1.1130926433771566,1.125321668543781,1.1356772983547998,1.1490103196693155,1.166107307797534
mema_5 <= Close_sft_2,0.0026074757,98878,49149,49729,12.5,-4171.602021317314,-871.1851707287569,7bbedcb317d5c12750ad9ed3d218721554e71f07d9c51daeb72ddac27b693913,30,0.004491619765758514,27.65,0.8931229422943983,0.8931229422943983,0.9549746101889737,0.993860246567725,1.0075993360814157,1.0290295760492685,1.0539155549146229,1.067594788222124,1.0775682408342244,1.0959226348703477,1.1053438415808219,1.1177144760139681,1.140528393077197,1.1465893657591608,1.1514339355807655
sma_10 >= Close_sft_3,0.0025916104,98878,50504,48374,12.5,-8005.789859214987,-1026.4727980360185,9d05ebf4a4df1374ab70d34fd4bb0bb7068613b3ea4d9f34537ac27b7aeadf15,30,-0.0033907832112163305,27.3,0.8115872199791067,0.8115872199791067,0.8699285398688081,0.9048084165440773,0.9340207940889237,0.9537353836015168,0.9721766068391261,0.9879617116724505,1.0117908671942135,1.0310284012061395,1.0520659361052442,1.061442734188143,1.0700131784736695,1.08605528423049,1.1015370875415358
rsi_20 <= 20,0.0025719332,98878,188,98690,14.36,-63.19733622542117,-9.1229580710351,64f5e1bb8a7d01ed3bc711ef82f8836c32f34a4dc5e2cbccb6c4442736ec4dbc,22,0.0,0.0,0.7229415200242573,0.7229415200242573,0.6640034080752534,0.7165426108187631,0.7243930016139788,0.7280008899329077,0.7424624320233335,0.7232363596578337,0.7317918680926382,0.781261374805912,0.8318909346894681,0.8064138167115246,0.7698765638094177,0.7673793623546089,0.758860709043052
bb_lower_2_30 <= bb_lower_2_30_sft_1,0.0025630044,98878,48559,50319,12.5,-6447.672594809604,-1061.02832577964,1b1f7d2955b86143cbe65db86c488966f4bce7b7721643a6a4f3f03e8b4d5ec5,30,0.00036340055521577597,27.46,0.8396808080265226,0.8396808080265226,0.8944887597533956,0.9205377860850854,0.9523167448292492,0.9671121154611076,0.9812681686678991,0.9967210510407583,1.0079664202600358,1.0212660342885589,1.040718026095274,1.062192336648375,1.0801377526859464,1.0994445265643815,1.1083316700972718
willr_20 <= willr_5_sft_3,0.0025606693,98878,51829,47049,12.5,-5338.8377817351475,-937.8806609540479,1427ae29e5c4ed561613e902f1f63301f41038d7cf9fdf54aa945c6a3e2bca60,30,0.0018409221665933728,27.52,0.8678494214904602,0.8678494214904602,0.9116825716197606,0.9504414124826281,0.9738817301570422,0.9930268799363922,1.005049047198733,1.020633441361179,1.0424288434926077,1.0592830742565935,1.0700715725850576,1.090949110074108,1.1111371016817162,1.1254882149069407,1.1293160873986656
minus_di_30 <= 10,0.0025476937,98878,2725,96153,12.92,-1158.6869756673696,-74.06920771644218,cee77ee220a5e77fe95d20a730179fabcb0f2e40106664424787bbccffac6b44,28,-0.03003937192261219,19.05,0.7278078401949877,0.7278078401949877,0.7314446465115879,0.745107821728187,0.7362108303557262,0.696447719741894,0.6623701493828021,0.6441953815178959,0.6663619250303355,0.7254229522020135,0.779979132306252,0.8291935508181679,0.8434710335727792,0.8556588113958916,0.8302927836046969
sma_5 >= sma_50,0.0025473607,98878,46967,51911,12.51,-4650.7245115197875,-719.607649856931,724f0edc848b1caa180dcda4bf9f5a94c2dcd0eddd874575510f7c410089d747,30,-0.00458661699667573,27.23,0.88422669344919,0.88422669344919,0.9591744074587082,1.01633809022855,1.0603683841870002,1.0955564283344625,1.126637268074079,1.1502827268133118,1.167718085388881,1.1776065311859003,1.1883472297484012,1.1983852110548603,1.212488205679281,1.232289283108061,1.2537844348852132
mema_5 <= mema_10,0.0025195195,98878,50892,47986,12.5,-6881.835266021609,-1063.2805137131581,97648559323ce4c42a3819223f880d09c20183d31e746db94faac95e3098a1b9,30,0.005111835431307554,27.67,0.8260650542282048,0.8260650542282048,0.8637530132819791,0.8914929574066828,0.9110244469518785,0.9336675380499011,0.953303032087562,0.9624534174604079,0.9759256474267631,0.996703915725665,1.0150063313117754,1.037427034327972,1.0556440390043387,1.0646465175723137,1.0757585754869419
mema_50 <= Close_sft_2,0.0025091937,98878,46159,52719,12.51,-4480.928006003856,-721.3971966245517,7bbedcb317d5c12750ad9ed3d218721554e71f07d9c51daeb72ddac27b693913,30,-0.0019672962371259928,27.35,0.8852816719070027,0.8852816719070027,0.9663829497618024,1.0250520618274392,1.0694150599758756,1.1092597414593268,1.1392741413490544,1.1723207813485468,1.1936214311332771,1.2121298472485054,1.2189309820112704,1.2331557910107915,1.2484672117218794,1.2646015159311252,1.2803903919885629
mema_10 >= Close_sft_3,0.002502641,98878,50564,48314,12.5,-8035.684103407851,-1032.6592213971744,1e15dac9f18b8bc737934702402ffb02b545ee7fbda8772d4c0156705e9d2a44,30,-0.0011904033599421382,27.39,0.8132756790394258,0.8132756790394258,0.8697656993639922,0.9091294136062884,0.9403386091359991,0.9627449729999098,0.9855210170228983,1.0040920714770853,1.026353498654062,1.0471749689404826,1.063523740050558,1.0752021998678387,1.0860569576333514,1.105702680632521,1.1200925701720807
aarod_30 >= aarod_30_sft_2,0.0024883272,98878,22996,75882,12.57,-2377.001901992894,-400.7749073644882,010ce60baf3de2cf8c4bcfd243c9185441a26efa8e16690af1f746cc88b42f78,30,0.0025623131077736616,27.65,0.8742695314498571,0.8742695314498571,0.956261354822639,0.9906453560491865,1.009330994467283,1.02704805747863,1.04282924369734,1.0503780145485715,1.081923560429064,1.0967595511767962,1.1252604916959223,1.1456311694938714,1.1525804443120506,1.1829440602732006,1.2047403010271158
atr_14 >= atr_10_sft_3,0.0024768105,98878,49754,49124,12.5,-6712.6990350771675,-987.8476982163338,532171b4b026df3b7d23c8264137467a8cc80a53ca41565a8c760a4fc7c55907,30,0.0007727820193395019,27.48,0.8405633464566514,0.8405633464566514,0.8877190882772433,0.9297243640137662,0.9637108569707931,0.988900817225461,1.0060464733807672,1.0269519148068629,1.0516039050775432,1.068090171337292,1.0786484717572744,1.0858465445931804,1.08588522017366,1.097445504920035,1.1070196042787495
adx_10 >= 16,0.002451192,98878,90550,8328,12.44,-12015.160078319594,-1740.7084443547792,4118d96628e9d7109ca1b25b71d8f7665de5864ad974c7631ea4a76d380fc96f,30,-0.01186433993279934,27.28,0.8404875372250927,0.8404875372250927,0.8973890081211909,0.9369925647340105,0.96723194031999,0.990353858438984,1.013710703222179,1.0329126242109823,1.0485770674262438,1.06235890294751,1.0774684492845896,1.0903929420130138,1.1043158554298915,1.1161170906119644,1.128651564728116
willr_10 <= willr_10_sft_3,0.002449637,98878,51320,47558,12.5,-4515.608490513154,-912.156213915463,1427ae29e5c4ed561613e902f1f63301f41038d7cf9fdf54aa945c6a3e2bca60,30,0.00046548229875043035,27.46,0.8890806186720562,0.8890806186720562,0.938958151744049,0.9787771672501293,1.0016864433844341,1.023149702769807,1.0351904189622232,1.0529944752397338,1.0648174500688146,1.0820743361419873,1.0880877019592063,1.1016321768704762,1.1230824199720224,1.1347746415268498,1.1486065571628474
aarod_30 >= aarod_5_sft_2,0.0024396451,98878,53303,45575,12.49,-6911.232688824922,-1031.0428426124563,010ce60baf3de2cf8c4bcfd243c9185441a26efa8e16690af1f746cc88b42f78,30,0.009231057949364185,27.83,0.8454520970982644,0.8454520970982644,0.8954823635209678,0.9355659520781114,0.9618483904067526,0.9857781103749164,1.0162731849129014,1.0369193250394273,1.05022739572187,1.0651212625655115,1.0845800458759935,1.0991357496616743,1.106419993694899,1.1128097364686511,1.1168118985297781
mema_50 <= Low,0.0024313424,98878,38052,60826,12.52,-3746.4891557842348,-566.5807523791009,f2e93f04b3d2a46ee10823902064b64ae41106b8f01252b29032fe26a3290c3e,30,0.0058064330369234085,27.77,0.8866823690284358,0.8866823690284358,0.978727250996792,1.0473242686037438,1.0975302763567083,1.1417101379826189,1.1755113286083818,1.2075359406245119,1.2368234364870132,1.2568652177129174,1.2714116766183985,1.2798670476066294,1.2959130074069989,1.3200654004678123,1.3360332367044132
willr_14 <= willr_14_sft_2,0.002427226,98878,52064,46814,12.49,-4545.547157670528,-899.8510330373465,1427ae29e5c4ed561613e902f1f63301f41038d7cf9fdf54aa945c6a3e2bca60,30,0.0019096604082733393,27.53,0.8892676630017309,0.8892676630017309,0.9435456075922136,0.9887799513387686,1.0160546291434682,1.0336861687693542,1.0509419524653028,1.068939764072334,1.0757837207484833,1.0943526465758826,1.0989195242253131,1.1099634110005319,1.1331403888366434,1.140134499521801,1.1473839176947918
willr_30 <= willr_30_sft_3,0.0024152764,98878,51397,47481,12.49,-5034.957031010996,-891.5009066621424,1427ae29e5c4ed561613e902f1f63301f41038d7cf9fdf54aa945c6a3e2bca60,30,0.0017750106053426862,27.52,0.8744783558578887,0.8744783558578887,0.9263966300323587,0.9610403709203265,0.981515303212658,0.9939137221557388,1.0026699712080507,1.0160466311291516,1.0331256594686495,1.053433746218428,1.069908502568976,1.0887516281456906,1.1133946397451684,1.1275934296514516,1.1409776454888583
aaro_10 <= -100,0.0023973407,98878,4793,94085,12.77,-648.2443823517306,-109.45300847227918,87b58f9896252e251c68e9159d326bea7ed912172d4942a46db4a6bfa531cebe,30,0.002803330309689045,28.0,0.8125606234186153,0.8125606234186153,0.8736434870367309,0.8883362762641989,0.876660359500351,0.8959645268005183,0.9132818535761283,0.9674764796724591,0.980723304244505,0.9735056898006256,1.0021062174018374,1.0050080308400768,1.02788896955247,1.0237818577251188,1.0779031468688614
sma_10 >= Low_sft_1,0.002394354,98878,71330,27548,12.47,-9782.851394903013,-1429.4880428875404,7e47ad2f5aad8309cb5e81c51f9a75f0ebc795f902c6c62c65c20c0b4901b7f7,30,-0.009730087593197823,27.18,0.8331491491892122,0.8331491491892122,0.873041920971152,0.9039235487956241,0.9292130561334346,0.9483304328138872,0.9664416242312152,0.9814292196711126,0.9937990545209989,1.0107633713185447,1.0262253353696174,1.0379892384644853,1.0448876316586624,1.054379168605504,1.065622792963816
sma_5 <= Close_sft_3,0.0023712441,98878,50243,48635,12.5,-4833.886690235847,-921.4986650794672,50a0e61b02a2d5c963e9603b4bade036c42f4965c5f54e99ff926c2165cc53b8,30,0.004752946551889181,27.65,0.8773354082669758,0.8773354082669758,0.9247588167534576,0.9588286817941495,0.973751734055148,0.9881514970454441,1.006871720295655,1.0265139706085515,1.0366113355201678,1.0523100134203347,1.0680477806796302,1.0814297614339154,1.101404198831997,1.105025969692662,1.114152402750747
plus_di_20 <= plus_di_20_sft_3,0.0023616394,98878,58060,40818,12.48,-7562.755146240485,-1175.4248343025465,bd972efc927c87708f479b3c989a305bfeb89b6aa0381d01606955fa59f6baca,30,-0.0022799354046583176,27.36,0.839144764629812,0.839144764629812,0.8837209083268653,0.9116632658895941,0.9330908182357911,0.9548086280929893,0.9769713439637009,0.9958374003235937,1.0094673710845332,1.0252265392213014,1.0420028523119924,1.058714811569011,1.0786192234592988,1.085220476490191,1.096537582637443
plus_di_14 >= plus_di_10_sft_2,0.0023601493,98878,48489,50389,12.5,-7469.191802291444,-972.004556696993,e29890bc12ea37e8ab50982e55f5d20643af7c43a2ddc27569a065e219a2f597,30,0.003455841215327382,27.6,0.8178425942331224,0.8178425942331224,0.8722048369228178,0.9108747830223299,0.9477086849568878,0.9788619588411601,0.9989698680514993,1.0124616407760316,1.0350339051206667,1.06242104188117,1.0868255617020697,1.1039812738571129,1.1174279345064029,1.1388077604970452,1.1642577795290643
rsi_10 <= 10,0.0023591935,98878,101,98777,14.85,9.711469367728569,-3.7234580546792126,64f5e1bb8a7d01ed3bc711ef82f8836c32f34a4dc5e2cbccb6c4442736ec4dbc,4,0.0,0.0,1.0815069996053341,1.0815069996053341,0.9629611195430715,0.9839008356587063,0.9354593781833749,0.9168878277686698,0.9462937869625938,0.9405004644072605,0.9173769236307212,0.9882844007151037,0.9867336192500622,0.9382196155547721,0.8929897183666904,0.9291897613942146,0.9832670971642719
adx_30 >= adx_30_sft_3,0.0023437275,98878,42503,56375,12.51,-4457.295738329653,-716.496109825981,fd7b69234972b511c2e03a174ce4b77d38140d5e70cabc298bd88fa9bb05adbf,30,-0.004162374883890152,27.23,0.8738684613081723,0.8738684613081723,0.9500120180604006,1.0003185339127243,1.03427367743506,1.0497564616093822,1.0603885309492505,1.072505125540378,1.0794554635112175,1.0873118916595488,1.1013682183929752,1.118015706308229,1.137903802836436,1.1574580312546912,1.1715124615317996
minus_di_5 >= 15,0.0023254436,98878,65493,33385,12.47,-8478.390379293684,-1303.021565844545,a06e18f5f366aa3040f30d3f53c74e6c3d30e6b8f15e9282eabbaa7fe9dd85a0,30,0.02211691252887249,28.15,0.8354429621976033,0.8354429621976033,0.8995178737854996,0.9349274501827519,0.9576870658339147,0.980976587941239,1.0038184592699806,1.0271624029267798,1.049056025703901,1.0748602292996756,1.0914034655770815,1.1103067291619972,1.1247613438715645,1.1404264380598381,1.1559677792910321
aarou_10 >= aarou_5_sft_3,0.002268331,98878,58717,40161,12.48,-7401.208428732469,-1144.4162388176992,0f031b3780e6467809600593d6806420193325d9573f332c17b627db66a26893,30,-0.0016078120097517967,27.39,0.8492063649300362,0.8492063649300362,0.8933082329236312,0.9267588521710848,0.9681068742047486,0.9959529092004252,1.0188687296637027,1.0367109661541205,1.055662777378561,1.0744190650703962,1.081472012285682,1.0960251930746037,1.1086642397870947,1.123163903896242,1.1364350083091777
aaro_5 <= aaro_10,0.00224338,98878,54642,44236,12.48,-6020.467401962792,-1063.3815486242675,03178e4886fc07979b0c314ad9c68ba2f86b07645c5f6bfdb6bc96b9669a3c24,30,-0.0005223536281846464,27.42,0.8678826011147767,0.8678826011147767,0.9225390494588104,0.9565458815016017,0.9779138373352295,1.0012850498181067,1.0124587445090059,1.0214291060409748,1.0394622024530236,1.0601606504862455,1.0815562204694078,1.095380805223735,1.1061467131933909,1.1221519538960307,1.137724571098779
aarou_14 >= aarou_5_sft_1,0.0022329914,98878,63060,35818,12.47,-8008.172093438276,-1189.3789348207429,0f031b3780e6467809600593d6806420193325d9573f332c17b627db66a26893,30,-0.002724222606047988,27.35,0.8497295994389479,0.8497295994389479,0.9116286797296219,0.947081026707839,0.9685773760101711,0.9938796889210778,1.0166782470285312,1.0367878444223648,1.055023033624176,1.0666465506564449,1.0790591962742881,1.0893643444584669,1.105852423858164,1.1178343394605559,1.1346956026016313
bb_upper_2_30 <= bb_upper_2_20_sft_2,0.0022231378,98878,28628,70250,12.53,-3781.910602742666,-592.6072309027368,3aa49a56ba366f74cacb6b40add631875fca9bf88d1abae08516bfe7d1357af1,30,-0.006842742674052715,26.97,0.8383085384087995,0.8383085384087995,0.8750306801671778,0.9123194675987057,0.9286293046837647,0.9593230088702032,0.9976244654146283,1.020030011938732,1.0312201150541578,1.0483133680321235,1.04772886355728,1.0530288270488863,1.0598832014034103,1.0601899397157089,1.0703592909648683
willr_20 <= -23,0.0022098739,98878,76927,21951,12.46,-10449.830916872863,-1518.517882557353,c087f74a8ef9fdefe2bfbfe4c42e7c177e68996d73089fae9a8de15f5638210d,30,0.0025324539747089148,27.51,0.8309106937610606,0.8309106937610606,0.8752687000777192,0.9063075526625359,0.9230866651577675,0.9431145121015221,0.9630414748739624,0.9824344640703897,1.0005391450928431,1.0223747153575957,1.0375327903527012,1.0510028432659955,1.064432977530997,1.070426505092431,1.0763562972970484
mom_2 <= mom_15_sft_3,0.0022071493,98878,48807,50071,12.49,-4447.0433024313315,-800.3573787856658,99b230403b43b61a62d1e1bb62b812e1617b1ac927f76ee434dad8be358b43f3,30,-0.008388515561819077,27.07,0.8885084636591364,0.8885084636591364,0.9436282914251721,0.9840309258417953,1.0106036685540085,1.0368107322855546,1.0579741507575249,1.0741494403628702,1.085096496471368,1.0967112862046364,1.112963708844068,1.1315785836914483,1.1524904558059426,1.162818826053622,1.1722698654185888
plus_di_5 >= 10,0.002186143,98878,79040,19838,12.45,-9736.59205072197,-1447.3754541055387,4f583626fd6f59b1b2e0825c720b1d1aad3858951a5b50964ea86a5c13485b5d,30,0.0063115800730884075,27.59,0.8565411481960192,0.8565411481960192,0.9197021901814932,0.9596160755250634,0.988360683108407,1.015161467844385,1.0370022013896356,1.0582041164867138,1.074971120290224,1.0903646505898716,1.1031610931796305,1.1126789153332783,1.1246008434449126,1.137495977993517,1.150157541116384
willr_10 <= willr_5_sft_2,0.0021606782,98878,52397,46481,12.49,-4411.390508078675,-921.8948458043596,1427ae29e5c4ed561613e902f1f63301f41038d7cf9fdf54aa945c6a3e2bca60,30,0.0021196568850427866,27.53,0.8931127934265348,0.8931127934265348,0.9403644484943575,0.98691544247606,1.0182516973059186,1.0367599864213952,1.0553606785926406,1.072358789239522,1.082949946902522,1.102605137722012,1.1104061769350457,1.1205608959190057,1.143605517442106,1.1550560940937902,1.1614010853194903
aarou_5 <= aarou_10_sft_3,0.0021513454,98878,57926,40952,12.48,-6999.965603291697,-1048.8080704630556,11ecda3140789fc7bb03c4e9ce6db1e36d26d05f5895e9047d4b04d8e05db454,30,-0.0011388526763767004,27.4,0.8545029170147409,0.8545029170147409,0.918047453534667,0.9600757544599425,0.9796103943955116,0.997195706683218,1.013381810895167,1.035840167107086,1.0505735502797546,1.0589101602606739,1.0774869491999521,1.090814975735703,1.1108041500830688,1.1255975901232051,1.1321441167751953
aarou_20 <= aarou_30_sft_2,0.0021224455,98878,66543,32335,12.47,-8565.145506888784,-1255.4421008012068,11ecda3140789fc7bb03c4e9ce6db1e36d26d05f5895e9047d4b04d8e05db454,30,-0.006410000380128622,27.25,0.8442193017259453,0.8442193017259453,0.8994843061977135,0.9314885189176018,0.9517100987633594,0.9722563629481392,0.9911612477155333,1.0052413293595395,1.015387041059007,1.0280392581377333,1.041439284570305,1.0533101525436663,1.068297905416561,1.0854538756477055,1.094610770639608
stdev_10 >= stdev_10_sft_3,0.0021136827,98878,47048,51830,12.49,-5334.919481276171,-909.0528754520055,a092dbfa6dbefd1d342d1a211503f33f5c7745cd5359e4d4115f2b75459bc7b9,30,-0.0010116552002727985,27.4,0.8648319416937859,0.8648319416937859,0.9289579802252421,0.9746846863506695,1.003785302342813,1.0179275905985938,1.0396787126306422,1.056824100732843,1.0787812108561157,1.0920860307593978,1.1080382999372314,1.1213401049966485,1.1325965420304585,1.1507349891134666,1.171040249328942
minus_di_20 <= 8,0.002089614,98878,2380,96498,12.86,-1103.2351781536127,-60.11022012463218,cee77ee220a5e77fe95d20a730179fabcb0f2e40106664424787bbccffac6b44,6,-0.0047918944619596004,14.08,0.7148668984871562,0.7148668984871562,0.7256424425628217,0.6807978174519479,0.6419831094525927,0.5839136738063968,0.5343004669892512,0.49135810387555295,0.4970513021064797,0.5342211624769366,0.5965106645600566,0.6466093719402097,0.6672000396628758,0.6905363634276498,0.6722558767534083
aaro_14 <= aaro_30_sft_3,0.0020767185,98878,49726,49152,12.49,-6165.936037436575,-920.8175542304016,03178e4886fc07979b0c314ad9c68ba2f86b07645c5f6bfdb6bc96b9669a3c24,30,-0.0061767809092998505,27.17,0.8468667763747368,0.8468667763747368,0.8972171620025269,0.9286354253396286,0.9543181110556821,0.984908601894153,1.0081218243090884,1.023665517232969,1.0341569549748861,1.0457645459643718,1.0590671499950108,1.0765233670651753,1.094436267720326,1.110071840365249,1.1254307565820016
willr_20 <= willr_14_sft_3,0.0020583542,98878,51911,46967,12.48,-5151.737093422747,-919.0944087023236,1427ae29e5c4ed561613e902f1f63301f41038d7cf9fdf54aa945c6a3e2bca60,30,0.0026804667431861162,27.56,0.873763933148059,0.873763933148059,0.9246771395687245,0.9604283721403191,0.976808771048798,0.9909377336991241,1.0036826662296912,1.0228534700795475,1.0376203590561583,1.0553739713309747,1.0688020846957134,1.0884217125134006,1.1085985795531583,1.1176660941242127,1.130221492253724
minus_di_20 >= minus_di_20_sft_1,0.0020392863,98878,30602,68276,12.52,-2705.764564564037,-573.2515951665409,a7c5a511f18bc4bc65b530c22aedd665cbba6e43036caf921c03925c9eff7340,30,-0.000181336683453992,27.43,0.8849256182491277,0.8849256182491277,0.9297802478230504,0.9514959118629046,0.9652997753529888,0.9843251109731015,0.9956341097614224,1.0141861726681156,1.0338075013516308,1.057860946865421,1.0750145193007954,1.0813624883398973,1.1085226398686092,1.114315064719184,1.1177990439632894
day_of_month == 10,0.0020369347,98878,12329,86549,12.6,-1556.8896252319973,-285.3978980536267,737d6d1d85a27bd24d6381c6a37443495c3b9dd7a7d69f2f067c86100940a56f,30,-0.01829528622329235,25.28,0.866760083978554,0.866760083978554,0.9216040177420598,0.962574588575152,0.9975355448555381,1.0287815238800593,1.051917265136301,1.0627265948317348,1.0708006089045643,1.0861185791971755,1.100402619629858,1.1139411481665047,1.126747029679075,1.1369543751495603,1.1478212880211867
willr_14 <= willr_10_sft_3,0.0020344846,98878,52188,46690,12.48,-4927.846927120376,-929.4591995447772,1427ae29e5c4ed561613e902f1f63301f41038d7cf9fdf54aa945c6a3e2bca60,30,0.002453289460390806,27.55,0.8801198201811764,0.8801198201811764,0.9374337555380932,0.9774142260463609,0.9994592951624209,1.0175314653041945,1.025577445923997,1.0409235726523598,1.0515699804317673,1.0716628916385733,1.0837923685387894,1.1019793051357938,1.1253173453193928,1.1337475659793788,1.1440406087491954
minus_di_14 >= minus_di_14_sft_1,0.0019797576,98878,30561,68317,12.52,-2532.681711285426,-568.7878844695006,a7c5a511f18bc4bc65b530c22aedd665cbba6e43036caf921c03925c9eff7340,30,0.0007628542953170836,27.5,0.8924544060212221,0.8924544060212221,0.9427831354571452,0.963891376302577,0.9766368490546625,0.9932030085514318,1.0029940832595328,1.020690781260162,1.0385361473943668,1.0618467849603699,1.0825688352942293,1.0902754287146934,1.1174127027064362,1.1246769971499149,1.1271958926346073
mema_10 >= Low_sft_1,0.001930364,98878,75366,23512,12.45,-11043.469059967825,-1562.1014085879724,e7e0f1d344c8e3b4344908a65185f87340bab0bfe5216b7073401aaebfc88a19,30,-0.0074075935408473015,27.26,0.8238529983821103,0.8238529983821103,0.8696396265993368,0.8987393198400031,0.9244528629666123,0.9458572520513899,0.965844819260381,0.986571736676716,1.003865000267486,1.021379442201373,1.0339666810436172,1.0451449919562135,1.0532307883321617,1.060200925128324,1.0735109178697733
mema_10 >= High_sft_2,0.0019264338,98878,24471,74407,12.53,-4561.4721150624455,-529.2325555280331,b49daa998de516ee8744d85f0961964bee1fbf801ca0904e585341376b8b86ae,30,0.004723953548818827,27.81,0.7794078642342821,0.7794078642342821,0.8401791139594366,0.8750448994366051,0.9057680282709631,0.9355181370887735,0.9737594472702796,0.9899026236857008,1.0246083276343332,1.0538845255232308,1.0781170542924707,1.0849436489911475,1.0881751528546626,1.1138342810818596,1.135294813395883
plus_di_10 >= 4,0.0019142305,98878,97334,1544,12.43,-12741.500314580488,-1902.4425470208735,4f583626fd6f59b1b2e0825c720b1d1aad3858951a5b50964ea86a5c13485b5d,30,0.01348153967410326,27.52,0.8431069173055169,0.8431069173055169,0.8978278206020993,0.9372557455621502,0.967548278822305,0.9919294806701437,1.0131015737989255,1.0321688779183922,1.0491863893954896,1.0659739399254162,1.0818097617789455,1.0965504735231577,1.1108978736166113,1.124032839640291,1.1361903840186203
willr_14 <= willr_10_sft_2,0.0019110881,98878,52470,46408,12.48,-5070.519775256569,-920.6806343545322,1427ae29e5c4ed561613e902f1f63301f41038d7cf9fdf54aa945c6a3e2bca60,30,0.0018912149826064706,27.52,0.8776184495008778,0.8776184495008778,0.9307484869913127,0.979836028689133,1.0107315455145602,1.0246701903433255,1.0447128558093342,1.0620313717907366,1.0661319081570582,1.087464993658286,1.0989588163568547,1.1146588052215356,1.1395195649391585,1.1462311559359035,1.1558124506261138
stdev_20 <= stdev_5_sft_1,0.0018910966,98878,7782,91096,12.63,-941.6397834714444,-121.51254254967353,76cc05d7e847d59489f80a379ae9909f097acc0055c98dd465d85c99099ff3c8,30,0.0008614871185272932,27.58,0.857007457904314,0.857007457904314,0.8890851992634359,0.9245551938179923,0.9364347527697073,0.9230402725517233,0.9216978973933908,0.9453153411697134,0.9978520640441444,1.0087455524163191,1.0114423769027807,1.0049083083268302,1.0341600306865568,1.0537097986899713,1.0551570640601913
rsi_2 <= rsi_2_sft_2,0.0018823621,98878,50581,48297,12.48,-4054.1184389988885,-924.4143905846795,f60792ba6ac5baece5de7ac90117c85055d233a86016db65a9b1851d8a518ee9,30,0.001273140194825828,27.5,0.8983462314271036,0.8983462314271036,0.9455964249487999,0.9837290532004409,1.0060227264680166,1.0227755427333165,1.045932992336356,1.058049160191909,1.0766657460136935,1.103368266006416,1.113156785295466,1.1245520483660523,1.1429607627446743,1.1517174943062767,1.1534153159385414
rsi_14 <= 15,0.001856384,98878,135,98743,14.07,-57.39782975765411,-8.134558025951264,64f5e1bb8a7d01ed3bc711ef82f8836c32f34a4dc5e2cbccb6c4442736ec4dbc,22,0.0,0.0,0.7000824861672741,0.7000824861672741,0.6459605215273737,0.7298243870459352,0.7440207320740416,0.7431103192221218,0.7528512312400687,0.7001671266519497,0.6940189765428214,0.7449278050824307,0.7931383660490127,0.7784216312307323,0.7416010600493187,0.7464737638329662,0.7515712270521026
minus_di_5 <= 1,0.0018151167,98878,1070,97808,12.99,-249.33901074016467,-42.164198372156534,cee77ee220a5e77fe95d20a730179fabcb0f2e40106664424787bbccffac6b44,26,-0.008139519952237606,22.9,0.8451887904798921,0.8451887904798921,0.9608335606803244,0.9824121786276611,1.0264279222229393,1.0048370088258574,0.9138827571399658,0.8793325938784646,0.8277218929680917,0.8884689420148105,0.9657859085986155,1.0258945785946305,1.0518503009362339,1.0232291386353443,0.9783728543912157
sma_20 >= Close,0.0018007207,98878,50785,48093,12.48,-6624.517022313467,-1015.687551759991,9d05ebf4a4df1374ab70d34fd4bb0bb7068613b3ea4d9f34537ac27b7aeadf15,30,0.003405011724680662,27.59,0.8309913153137745,0.8309913153137745,0.8661877996876935,0.8895973046434211,0.9059637269710442,0.9206214388962571,0.9419411726178278,0.9558125581623136,0.9729229663137534,0.9940613884985567,1.0142369312241377,1.034016269019257,1.0520661925908095,1.0629791281735204,1.0728610130983218
bb_lower_2_10 <= bb_lower_2_20_sft_3,0.0017645508,98878,33095,65783,12.5,-4911.443108073784,-728.9518701897177,1b1f7d2955b86143cbe65db86c488966f4bce7b7721643a6a4f3f03e8b4d5ec5,30,0.004903636872768402,27.75,0.8174229119073865,0.8174229119073865,0.8612053865690548,0.9035916015632516,0.9279994358034872,0.9371623150634784,0.9592788246687872,0.9870136148150175,1.003168949598,1.0137525073647993,1.0159835343126957,1.016352884054793,1.0211809750929355,1.035835180706203,1.0550005961078806
stdev_20 >= stdev_10_sft_1,0.001763441,98878,81655,17223,12.45,-11525.607166710517,-1600.693102570207,a092dbfa6dbefd1d342d1a211503f33f5c7745cd5359e4d4115f2b75459bc7b9,30,0.0038149619940668344,27.52,0.8308496831410365,0.8308496831410365,0.886460237872712,0.9269253817750058,0.9595436509260853,0.9878866891395859,1.0108095680975144,1.0303400390630446,1.0486005247528312,1.0677749040753186,1.0843328203633433,1.100386745886363,1.1134018367502942,1.1259743417268884,1.1400685735380038
mom_10 <= mom_5_sft_2,0.0017541855,98878,50775,48103,12.47,-5632.219182188394,-995.9161679220779,99b230403b43b61a62d1e1bb62b812e1617b1ac927f76ee434dad8be358b43f3,30,0.006295439787209034,27.72,0.8568541341336108,0.8568541341336108,0.9033243236801217,0.9335171816113679,0.9455119050687731,0.9664362614476893,0.9836618202059184,0.9997590893646519,1.0212585910838856,1.0360316640786036,1.0509547071098593,1.0668689722447502,1.0872053509215802,1.092808882428288,1.1027858897095095
sma_20 <= Low,0.0017148913,98878,36012,62866,12.49,-3733.1269036434387,-610.0051947641114,984863a5cb13aec2699710705080435de7dea983a917ddee35d0db64a2bad484,30,-0.0005401903763413429,27.41,0.8816514121172242,0.8816514121172242,0.9407004957243832,0.995457372258818,1.0403510703287886,1.0720570433275598,1.0970314067525715,1.1194157231565391,1.1412885986265326,1.1488140174039805,1.1594287078012975,1.173639437118927,1.1913015199283348,1.2115401324633173,1.2284022173530138
plus_di_10 >= 6,0.0017106328,98878,95617,3261,12.43,-12738.74666819242,-1882.0564100543124,4f583626fd6f59b1b2e0825c720b1d1aad3858951a5b50964ea86a5c13485b5d,30,0.016114793717861176,27.58,0.8410917336698539,0.8410917336698539,0.8956306590188174,0.9358140552831261,0.9673703138267504,0.9924222706075626,1.0146102723738777,1.033981839050504,1.051428293504482,1.0688461193963075,1.0852237874970516,1.100422979044717,1.1154560438679981,1.1291293088255978,1.141711372219689
aaro_20 >= aaro_5_sft_1,0.0017002001,98878,51813,47065,12.47,-7438.549140310424,-996.514029892438,fa1fba1a54e25d7a96ab29b0d7c633f260580ef2319f10dc44e85c501c26793f,30,-0.0037684894632548094,27.28,0.8274634802195916,0.8274634802195916,0.8863165004134266,0.9269932196817874,0.9563513569305385,0.9774733993136612,0.9934762235759983,1.0147687902162204,1.0302102976011949,1.0506579471577762,1.0651355516982774,1.073123051129586,1.0896682520664434,1.1080651971650366,1.1269006426885775
stdev_10 >= stdev_10_sft_2,0.0016917647,98878,47369,51509,12.48,-5918.416075887108,-956.5405952547226,a092dbfa6dbefd1d342d1a211503f33f5c7745cd5359e4d4115f2b75459bc7b9,30,-0.0016509299166500568,27.37,0.8517953700019322,0.8517953700019322,0.9143161126644005,0.9555965560616202,0.9850901636802118,1.0015821663189506,1.0215948756002358,1.0377733052419558,1.0635713860660694,1.0810687866881044,1.0999299555179638,1.1148873930625567,1.124186331079538,1.139419916643248,1.1659980631416114
bb_lower_2_20 <= bb_lower_2_30_sft_3,0.0016747132,98878,37127,61751,12.49,-4115.110228814365,-765.9332496579882,1b1f7d2955b86143cbe65db86c488966f4bce7b7721643a6a4f3f03e8b4d5ec5,30,0.00634267833083868,27.81,0.8651757400999841,0.8651757400999841,0.9182983631402564,0.9510009537293792,0.9780626084622206,0.9909207368743134,1.0100460576840753,1.0235185047667124,1.0267387997306634,1.0226045728706339,1.0310622238010425,1.0485268248697255,1.0679622449368988,1.0784034687617297,1.08472456196972
bb_lower_2_30 <= bb_lower_2_10_sft_2,0.0016491868,98878,79234,19644,12.45,-10594.668452527148,-1485.2407448647282,1b1f7d2955b86143cbe65db86c488966f4bce7b7721643a6a4f3f03e8b4d5ec5,30,-0.003732912940904498,27.36,0.8383757268604912,0.8383757268604912,0.8942802402318485,0.935589882280303,0.9718111767541431,1.0011347917896773,1.0279992315584583,1.0497124320443079,1.0667348142658166,1.0830770800053995,1.0969515213714378,1.1110038678934366,1.1230485910437138,1.137658859222698,1.1514245399382284
aaro_10 <= aaro_30_sft_2,0.0016430378,98878,50701,48177,12.47,-6464.59403743962,-938.9993476091768,03178e4886fc07979b0c314ad9c68ba2f86b07645c5f6bfdb6bc96b9669a3c24,30,-0.006613464094698429,27.16,0.8430952148376628,0.8430952148376628,0.8946875445810564,0.9318565205449446,0.9498000569294736,0.9741465334049225,1.000795288396421,1.0244406000960828,1.042918761899116,1.0587191290668228,1.0664207932320569,1.0878835530952997,1.1094146018325453,1.1268627153427644,1.1367317078595947
plus_di_10 >= plus_di_5_sft_3,0.0016429322,98878,53069,45809,12.47,-7116.567260745779,-1002.8116855749759,e29890bc12ea37e8ab50982e55f5d20643af7c43a2ddc27569a065e219a2f597,30,-0.0048973411321640015,27.24,0.8388557605056444,0.8388557605056444,0.8880177378618953,0.9316988114256534,0.9611491965056794,0.9903276793310476,1.004298044719967,1.0175014488546295,1.0416823596127343,1.0640400839369468,1.0820840742997395,1.1013972926224374,1.1129771996651396,1.136830113855964,1.1495581657583656
mom_5 <= mom_5_sft_3,0.0016262092,98878,49914,48964,12.47,-4835.777289479545,-908.0631032809906,99b230403b43b61a62d1e1bb62b812e1617b1ac927f76ee434dad8be358b43f3,30,0.0016833897680044174,27.52,0.8781544190513025,0.8781544190513025,0.9277104206952066,0.9544044844980986,0.9784317161637185,0.9992884115930314,1.0153259122505431,1.0308874803333685,1.0444039123465567,1.0534644564569564,1.0620913533070546,1.080600600185355,1.096501597534193,1.1017578571739843,1.1160275175107832
mom_10 <= mom_2_sft_3,0.0016260726,98878,50969,47909,12.47,-5980.948338758147,-1001.3398663330008,99b230403b43b61a62d1e1bb62b812e1617b1ac927f76ee434dad8be358b43f3,30,0.0034281222615391016,27.59,0.8476878364908759,0.8476878364908759,0.878758260310603,0.9049112496214429,0.9239596838748353,0.9524900879921357,0.971431333391579,0.988711171360547,1.0033612142545882,1.0240381647754575,1.03725677475833,1.0495435603807992,1.066465233084211,1.0760603624493184,1.08182515652378
mom_15 <= mom_15_sft_3,0.001622199,98878,49987,48891,12.47,-5345.022247164852,-876.8037256309617,99b230403b43b61a62d1e1bb62b812e1617b1ac927f76ee434dad8be358b43f3,30,-0.0019445945508778095,27.36,0.8625641959644742,0.8625641959644742,0.9060518814683104,0.941063416672661,0.9637087912802179,0.9831158993120946,1.0020000131597122,1.0188585237590622,1.0381667003382338,1.0545087303804774,1.0655762202654109,1.071462356980984,1.077850657617117,1.0805204337651906,1.0995009365320405
willr_20 <= -24,0.001593024,98878,76187,22691,12.45,-10289.991213426143,-1502.4524790511496,c087f74a8ef9fdefe2bfbfe4c42e7c177e68996d73089fae9a8de15f5638210d,30,0.0021305587142705917,27.5,0.8315055377922596,0.8315055377922596,0.8757190921718248,0.9068985347854925,0.9239440258844287,0.943939459275879,0.9634714455516182,0.982896673627901,1.0012664725464542,1.0223745462352738,1.0369493040923594,1.0493279818099546,1.062796565924036,1.0689657328926405,1.0756447546217662
mema_5 <= Low_sft_2,0.0015684532,98878,19324,79554,12.52,-419.56410407448857,-306.44402209411055,f2e93f04b3d2a46ee10823902064b64ae41106b8f01252b29032fe26a3290c3e,30,0.012033508159220219,28.53,0.9699350259404699,0.9699350259404699,1.0313946048541125,1.0698678029259674,1.0911406779095796,1.1068325927454938,1.1044693855615426,1.1167201839239,1.1167690693511125,1.134570826956463,1.13398577728307,1.1489680194719651,1.1710452709868933,1.1824948272768567,1.1881984637643372
willr_10 <= willr_20_sft_1,0.0015569244,98878,50213,48665,12.47,-4024.1318103815975,-848.825850809415,1427ae29e5c4ed561613e902f1f63301f41038d7cf9fdf54aa945c6a3e2bca60,30,-0.005980524234473705,27.18,0.8992459452547387,0.8992459452547387,0.9501178105771421,0.9903566119746465,1.013521794671082,1.0392844100558132,1.0595769029051045,1.0766390151331777,1.0877702502157993,1.1061169863347315,1.1124886549037205,1.1228971403952845,1.1355980342029357,1.1503876702753713,1.1579521358437068
mom_5 <= mom_2_sft_2,0.0015520834,98878,51172,47706,12.47,-5318.168277749206,-989.1053591830569,99b230403b43b61a62d1e1bb62b812e1617b1ac927f76ee434dad8be358b43f3,30,-0.00018689021817408502,27.44,0.8665141488663965,0.8665141488663965,0.9185072256919202,0.9431898375201796,0.9621566704693296,0.9801701303241259,0.9941730594339381,1.0074643212075505,1.0205730323974453,1.0401302137363466,1.0557798015313544,1.0656183248436077,1.0839845451966688,1.0954082335754127,1.1045377969516452
aaro_30 >= aaro_5_sft_2,0.0015487937,98878,50657,48221,12.47,-7262.521552210496,-978.1047527943447,fa1fba1a54e25d7a96ab29b0d7c633f260580ef2319f10dc44e85c501c26793f,30,-0.007017938885837793,27.14,0.8280733932902014,0.8280733932902014,0.8890281149543698,0.9153376859253579,0.9427781092663153,0.9689597411044277,0.9904966963532394,1.0067020462025316,1.020433004908663,1.0432000954064855,1.0539796801741332,1.0699716612622427,1.0944298448849483,1.1121788457654576,1.1343639521839268
aarou_30 <= 7,0.0015457803,98878,18315,80563,12.53,-3277.4485397286335,-391.6691180726775,da60be741621a42d93721696dcc6252cb06464cd161c4da151f0e18e03138794,30,0.012628193944692612,28.63,0.7806994733256496,0.7806994733256496,0.8234907035872066,0.8466131209339914,0.8810462694122951,0.9134217067179787,0.9552316143645847,0.9958931491441934,1.0256293806499979,1.0628956802449767,1.084942199401107,1.1005356440768117,1.1059093386414502,1.1131035604788426,1.1208931892083858
mema_5 <= High,0.0015378284,98878,81322,17556,12.44,-9825.446461315689,-1543.5653921147823,272a901e1625028460b95370368ae350ea9835e10fc1933b41122586149e5de3,30,-0.003604088444262743,27.37,0.8576675714062951,0.8576675714062951,0.9186502252198128,0.9547677472348128,0.9843041727859634,1.0102014619739916,1.033811280009557,1.0484567916596608,1.063138379006426,1.0759017730965372,1.0871633900802948,1.1002473083838646,1.111807788978119,1.1247287575254112,1.1342191161924728
bb_lower_2_10 <= bb_lower_2_30_sft_3,0.0015351193,98878,26556,72322,12.5,-3638.1344972873558,-622.9255515311015,1b1f7d2955b86143cbe65db86c488966f4bce7b7721643a6a4f3f03e8b4d5ec5,30,0.008167474530637264,28.05,0.8328730238787788,0.8328730238787788,0.8767452361705562,0.9115824522221073,0.9456681245238255,0.9458628047110635,0.9532374757391855,0.968793900797552,0.9751041064547092,0.9858796747736666,0.995389790135119,0.9948929707477346,1.0071001964370903,1.0199178444684052,1.0378054058481678
willr_20 <= -21,0.0015277041,98878,78536,20342,12.44,-10912.095653221742,-1559.7462186556877,c087f74a8ef9fdefe2bfbfe4c42e7c177e68996d73089fae9a8de15f5638210d,30,0.00167346082162112,27.48,0.8278370515281669,0.8278370515281669,0.8720768388028377,0.9035717846130339,0.9192242396203457,0.9389046394918088,0.9599147113346098,0.9802441764700967,0.9983569783350721,1.020504342193394,1.0371406254711244,1.0508857089245576,1.0635099292499832,1.06982420374417,1.0756972150784778
minus_di_20 <= 7,0.0015085873,98878,1577,97301,12.81,-851.7043228946859,-72.00233593257872,cee77ee220a5e77fe95d20a730179fabcb0f2e40106664424787bbccffac6b44,26,-0.020372115075588226,19.28,0.6958552004170695,0.6958552004170695,0.7027668527579525,0.6960389654988415,0.6460469827602152,0.576081582848845,0.5222226396375518,0.5065010023725717,0.5321339537154194,0.587943621667865,0.6708817598828308,0.7086515837101839,0.7259333195921795,0.7137646851829694,0.6730417990356246
bb_lower_2_20 <= bb_lower_2_20_sft_1,0.0015046683,98878,49326,49552,12.47,-6331.038619007294,-1026.1076881448535,1b1f7d2955b86143cbe65db86c488966f4bce7b7721643a6a4f3f03e8b4d5ec5,30,-0.001971174031496048,27.36,0.8431044449364219,0.8431044449364219,0.8935230936217364,0.9284569661544245,0.9595455921726243,0.979216931147363,0.9994822770451537,1.0165006248340804,1.0300275285425362,1.0432004175888685,1.0530948837475085,1.065660785441148,1.084897866694283,1.102733928069639,1.1204203174844198
stdev_14 >= stdev_14_sft_1,0.0015036314,98878,48690,50188,12.47,-5935.954843295374,-932.7117597867255,a092dbfa6dbefd1d342d1a211503f33f5c7745cd5359e4d4115f2b75459bc7b9,30,-0.00031448827940039337,27.43,0.8549524724316273,0.8549524724316273,0.908251029767826,0.9468255564924328,0.9833804558467745,1.0032828533032345,1.0187860736597154,1.0320412948505477,1.051763912753247,1.0712832201860987,1.082701109934508,1.092381077940657,1.1095504533786733,1.1324658793126317,1.1547355766169172
aaro_10 <= aaro_30_sft_1,0.0014872645,98878,50955,47923,12.47,-6369.977625249248,-925.7362950947936,03178e4886fc07979b0c314ad9c68ba2f86b07645c5f6bfdb6bc96b9669a3c24,30,-0.00546753965318203,27.21,0.8468327339091568,0.8468327339091568,0.8973614353617153,0.9333604841523605,0.9525624777970195,0.9784535762555703,1.0073413290517104,1.0318139855595134,1.0509604542506061,1.067864892834177,1.0755226835975384,1.0970544149423502,1.118960609385013,1.135975843879266,1.1469654707911832
aaro_30 <= -93,0.001468656,98878,4278,94600,12.65,-526.0324515504763,-75.94018093599152,87b58f9896252e251c68e9159d326bea7ed912172d4942a46db4a6bfa531cebe,28,0.009684338234364986,28.99,0.83338137573295,0.83338137573295,0.9359320732641578,0.9651471892291358,0.9728294529877494,0.9940211992920135,0.9957188513270158,1.0071074114086183,1.0195329552102324,1.0529905219479874,1.0929273027434483,1.1216304865844668,1.1301370426854342,1.1568945656557916,1.1507571718658438
mom_2 >= mom_5_sft_1,0.0014530129,98878,51185,47693,12.46,-6841.8823145048955,-1040.20157932461,eaab1708ca388033e741f56742381a7a1263cfafa2fbe8f413d450736cce3e74,30,-0.006063614971935749,27.18,0.838823898841969,0.838823898841969,0.8873271462601795,0.9102766466496618,0.9415565568989981,0.9669166136669561,0.9829125832841021,1.0031707773526164,1.0224597868500187,1.0371281268577761,1.0522270689075253,1.068345574156822,1.0743986561163974,1.082986787277554,1.0983857602611538
rsi_10 >= rsi_5_sft_3,0.0014133486,98878,50103,48775,12.46,-8223.177989919663,-1034.0663546837095,9c5304fe9d592b70a0c6b3286ed47e7bf2dda0b94ec7966217da111653dec0de,30,-0.004657155834138393,27.24,0.8099301252827958,0.8099301252827958,0.8670110466888843,0.9065631310442704,0.9349720148481948,0.9603563799989053,0.9863746115185656,1.0053294168319968,1.0276607844063321,1.0450080932331751,1.0685167535284714,1.081454898503407,1.0963725403208975,1.1187239309760828,1.1333760119675123
bb_lower_2_10 >= Close_sft_1,0.0013875971,98878,1121,97757,12.85,-114.98237906512804,-28.162295667301805,0e70b8a8d55e4ec73841ad3e8c9b127c0a23132eee3ba0a11c3e072e280aafa3,28,0.0027396944351494312,28.1,0.864756202236293,0.864756202236293,0.8161087998482007,0.8835548216362958,0.8459152028648694,0.8824162232896825,0.9067109746723638,0.9533902940937444,1.0026428021362241,1.0289875062510316,1.04262606178397,1.0894448499548806,1.119176250133639,1.2023814747828625,1.183355422988487
adx_20 <= 7,0.0013762912,98878,271,98607,13.28,-58.37351280916483,-5.501024003649945,3c92cb65188a6807549ad02f373e5063a01a53cbce3d2b8fe4af860199995f57,20,0.0,0.0,0.737762828580235,0.737762828580235,0.6298302547488205,0.6795083007741568,0.8078160641425876,0.9863220885274958,1.1416154995366272,1.1359186846984106,1.1942093929469266,1.4498664833267845,1.4044957323900016,1.1837041888664308,0.9337381386865533,0.6972760205392814,0.5385712989275794
aarod_14 >= aarod_10_sft_3,0.0013725611,98878,47588,51290,12.47,-5659.974302818239,-944.9800781368685,010ce60baf3de2cf8c4bcfd243c9185441a26efa8e16690af1f746cc88b42f78,30,-0.006372789386659861,27.15,0.8563791046630806,0.8563791046630806,0.8951172068421301,0.9372688065498865,0.9674315347794569,0.978764632776097,0.9961117043935227,1.007006643432702,1.032355609322563,1.0545823984112495,1.0631270138558817,1.081123858963796,1.0982803865488664,1.1137763837890782,1.1284785960756807
bb_lower_2_20 >= Open,0.0013642329,98878,2871,96007,12.68,-384.4154086490598,-73.19618667269242,da8e2d806350cc6fd9a1fee772f28b714ff99a658489147fdc12f97005db29f7,30,0.0032470538280904293,28.28,0.8327816799844607,0.8327816799844607,0.8002823353038705,0.8373539329985382,0.8320510704462923,0.8441766820017307,0.845419265318266,0.8730190745330819,0.8404028869108493,0.8585030703390184,0.8761346793768694,0.9054756535069091,0.8928850501589809,0.9018544755485001,0.9223856276242491
minus_di_30 >= minus_di_30_sft_1,0.0013478196,98878,30525,68353,12.48,-2786.8049833900805,-577.340279230084,a7c5a511f18bc4bc65b530c22aedd665cbba6e43036caf921c03925c9eff7340,30,-0.0005674171843566,27.41,0.8805457090590935,0.8805457090590935,0.9259466498033314,0.9520412734289649,0.9673913013251831,0.9881149323513299,0.9988972826275941,1.0161497613140222,1.0329793379484018,1.0575562634463418,1.0743891486174453,1.0777376736510687,1.1053134828330584,1.108949674364616,1.1126717252864706
adx_5 >= 20,0.0013401891,98878,94879,3999,12.43,-11954.797904760682,-1826.834859090217,4118d96628e9d7109ca1b25b71d8f7665de5864ad974c7631ea4a76d380fc96f,30,-0.0031611514277756214,27.42,0.8484497982234412,0.8484497982234412,0.9030317749158121,0.9434128564215621,0.9743133959946377,0.9974038105468837,1.0193822310793796,1.0380451996336943,1.0560883003933625,1.072078135016215,1.086877668909052,1.099356205372008,1.1127809307785819,1.123972604584879,1.1354181098668636
rsi_30 >= rsi_20_sft_3,0.0013396521,98878,50918,47960,12.46,-9003.692936179123,-1095.9819484999753,9c5304fe9d592b70a0c6b3286ed47e7bf2dda0b94ec7966217da111653dec0de,30,0.00043488561641424894,27.46,0.7969590825883192,0.7969590825883192,0.8553568118978967,0.8980746462236149,0.9341147387162285,0.9640103472795236,0.9955244523715252,1.0207626207114793,1.0452976858796776,1.0614705719666222,1.0810221840206045,1.096590351909745,1.107167747587225,1.1284847380195555,1.144815187820792
aaro_14 <= aaro_30_sft_2,0.0013355403,98878,49928,48950,12.46,-6060.891623436106,-920.402455699812,03178e4886fc07979b0c314ad9c68ba2f86b07645c5f6bfdb6bc96b9669a3c24,30,-0.006242197938263416,27.17,0.8502268629607661,0.8502268629607661,0.8983245869650239,0.9341417445888336,0.9595590382398321,0.9893187100743341,1.0122971162754275,1.0269017195443828,1.0354633889583305,1.0485009583797742,1.0607809238937544,1.075708790856289,1.0927568265445535,1.1084249337995737,1.124910069355928
bb_lower_2_30 >= High_sft_2,0.0013024104,98878,171,98707,13.45,28.75093041267246,-2.5995990268420437,a004533119ad88e37e81983efb1d0cbf2300c3e3cc59ba199ab847ba9c57f154,30,0.0,0.0,1.2178743243264152,1.2178743243264152,2.8364760289478115,2.9858414429672067,2.8800971438486624,2.810713606381492,3.8512548771824613,3.6170627681513774,3.802225556365407,3.606492511816358,3.6719208430796058,3.599288268350375,4.037860020487892,3.9594273185409357,4.154555097207248
sma_20 <= Low_sft_1,0.0012811817,98878,35029,63849,12.48,-3054.443497730841,-567.3067365259049,984863a5cb13aec2699710705080435de7dea983a917ddee35d0db64a2bad484,30,0.00044141244143247604,27.47,0.8985594602927797,0.8985594602927797,0.9558249968021395,1.0073162206820443,1.0522694414768787,1.0764023117710046,1.0977008494930813,1.1222042780881472,1.1409466793088887,1.1522435453361328,1.164463928170486,1.1826628268855894,1.2062173824941842,1.2248560275077622,1.234330324424224
mom_2 <= mom_20,0.0012761856,98878,49509,49369,12.46,-5067.741478730255,-758.24449200862,99b230403b43b61a62d1e1bb62b812e1617b1ac927f76ee434dad8be358b43f3,30,-0.005834279581904411,27.18,0.8787956485950177,0.8787956485950177,0.9468179619702778,0.9934454012107261,1.0310597525087846,1.0684376658071135,1.0966535836497766,1.1190014789499596,1.1330115841202617,1.1436572961023044,1.1498049873205296,1.155254832493743,1.1653468658563129,1.1813381786870225,1.19048445568319
willr_5 <= willr_5_sft_3,0.0012719999,98878,51096,47782,12.46,-3921.202201797085,-851.9921237364324,1427ae29e5c4ed561613e902f1f63301f41038d7cf9fdf54aa945c6a3e2bca60,30,0.0038431575521826744,27.61,0.9031711477126823,0.9031711477126823,0.9533379789288716,0.9880609321042615,1.0057022987608346,1.022354264434805,1.0322700830900944,1.051969602084059,1.0644198968511724,1.0779517434484958,1.0902160024531917,1.1071601036958836,1.122660342202498,1.132190182848525,1.1437712848956774
sma_20 >= High_sft_3,0.0012559048,98878,35901,62977,12.47,-6130.830719885748,-779.0750137527866,2a2a894e2395475f18aac8b58b172590d4e9304b0f81f0d6018fc944d30d4b38,30,0.006786373443901539,27.85,0.7863027382220306,0.7863027382220306,0.8523971877522675,0.8716922325722222,0.8927124077736561,0.9159316618743534,0.938755783349417,0.9647967030083755,0.9915944238421853,1.0151767243303094,1.0339992987697513,1.0532258966440142,1.0702049087558647,1.09782606496959,1.1049631739725376
mom_10 <= mom_20_sft_1,0.0012305017,98878,49056,49822,12.46,-5186.162217972866,-805.1328057984574,99b230403b43b61a62d1e1bb62b812e1617b1ac927f76ee434dad8be358b43f3,30,-0.0037345169112086296,27.28,0.8698705817905382,0.8698705817905382,0.9280665267485046,0.9604413936330564,0.9876486752736727,1.011310424645767,1.0321046959828186,1.052549845230657,1.0728841347781595,1.0919047612719432,1.0989549097668474,1.105804731408567,1.117735756700915,1.1371353184596467,1.1573136042478043
adx_14 <= adx_20_sft_3,0.0012107848,98878,24777,74101,12.49,-5027.441843881758,-568.8870323275842,234f8ad1c2baf91b95c9f1aef2798b533888ce55558d2a8e51c247014080fabc,30,-0.006225256714969873,26.96,0.7708434266917654,0.7708434266917654,0.8296726160871043,0.8658484214224491,0.8916267797832216,0.9269222537901959,0.959230052593987,0.9843373361684266,1.012620523160296,1.0341157072539027,1.0432395032427806,1.051067430956667,1.05341175116747,1.061136367743455,1.0737635041665554
mema_10 >= High_sft_3,0.0011742972,98878,24540,74338,12.49,-3454.079756644182,-476.11042611527955,b49daa998de516ee8744d85f0961964bee1fbf801ca0904e585341376b8b86ae,30,0.0035160479601472616,27.72,0.836361035559593,0.836361035559593,0.8940508025341973,0.9353333912881079,0.9932372338038448,1.0354180147571677,1.0599691428397928,1.0863008039804132,1.1164250994032374,1.1301995573359425,1.142604247107114,1.1580350689986831,1.1544554795258382,1.1960796471131385,1.207099605285646
willr_10 <= willr_5_sft_1,0.0011741571,98878,52776,46102,12.45,-5300.40727028358,-972.3983566541283,1427ae29e5c4ed561613e902f1f63301f41038d7cf9fdf54aa945c6a3e2bca60,30,-0.0035589798353612423,27.3,0.8734378869279302,0.8734378869279302,0.9186863257729829,0.9531776356642936,0.9873151147895443,1.0082298146030093,1.029354407554959,1.0486506934478905,1.0619253926557641,1.089536889585183,1.10417877664159,1.1165458107790798,1.1330177995105069,1.1491861212547512,1.1518254388528084
aarod_14 >= aarod_5_sft_2,0.0011441121,98878,56582,42296,12.45,-6452.065717986228,-1026.5365823107059,010ce60baf3de2cf8c4bcfd243c9185441a26efa8e16690af1f746cc88b42f78,30,0.002295373473316431,27.53,0.8616033266900877,0.8616033266900877,0.909690826113634,0.9395829667486707,0.9682969839604143,0.9917696934705517,1.0191753175604346,1.0362761603042094,1.0473487077252834,1.0622263873361335,1.0822609914295447,1.1045575030908767,1.1199690609683897,1.1276131285743123,1.138356174839157
mema_20 <= Low_sft_1,0.0010763697,98878,32239,66639,12.47,-2671.219777401682,-495.96110101111117,f2e93f04b3d2a46ee10823902064b64ae41106b8f01252b29032fe26a3290c3e,30,0.0038208619225770235,27.69,0.904441364749742,0.904441364749742,0.9654428178082585,1.0271797879777214,1.0781117062968,1.1096431296645566,1.1363224669687644,1.1610524437226721,1.1745106927841233,1.1836178611734995,1.201083554227328,1.2195199185385757,1.2538031948512856,1.2762152489734526,1.2906341479860173
plus_di_14 >= 7,0.0010714232,98878,96191,2687,12.42,-13178.78313632703,-1887.0642921231702,4f583626fd6f59b1b2e0825c720b1d1aad3858951a5b50964ea86a5c13485b5d,30,0.019576773047447205,27.59,0.8359551805025371,0.8359551805025371,0.8925555337165214,0.930401735006717,0.9586989356203164,0.983971355757719,1.0065223400896088,1.026821088824133,1.0454023706656628,1.0636585090453876,1.0805520451910386,1.0961897130318603,1.1107062686739264,1.124009012525401,1.1364262604513045
minus_di_10 <= 19,0.0010670354,98878,39546,59332,12.46,-4974.9839650933845,-709.887301095514,cee77ee220a5e77fe95d20a730179fabcb0f2e40106664424787bbccffac6b44,30,-0.02967218868434429,25.82,0.8640456145695418,0.8640456145695418,0.9212073774937926,0.964754981263097,0.9979423796597057,1.0166187209943818,1.0323757123486825,1.0427585488897178,1.0486154590197998,1.0446972540575135,1.0443006933123136,1.0477622592247562,1.0550307444692033,1.0652794525853158,1.0722851851317774
aarou_30 >= aarou_30_sft_1,0.0010610095,98878,20116,78762,12.49,-2688.4948200963054,-389.5538775992027,0f031b3780e6467809600593d6806420193325d9573f332c17b627db66a26893,30,0.003388003446161747,27.74,0.8486871196390485,0.8486871196390485,0.9194282050245988,0.9623908007979535,1.0031046496489597,1.0496492543410516,1.0725187416422248,1.0902844255824742,1.1068254955680816,1.118482668038748,1.1314613799874664,1.1549116654984233,1.1726124648683596,1.1783993973517608,1.206596945543993
aaro_30 >= aaro_10_sft_1,0.0010579996,98878,51261,47617,12.45,-6897.506308349407,-955.3941528388386,fa1fba1a54e25d7a96ab29b0d7c633f260580ef2319f10dc44e85c501c26793f,30,-0.005014271475374699,27.23,0.8371482183067689,0.8371482183067689,0.8995094921393286,0.9326578488750354,0.9606957216280936,0.9938871806188979,1.0189709123872943,1.045386813593233,1.0594586087460616,1.071915453240738,1.0863641437829725,1.1052687369283278,1.1274168472482156,1.1397300377058244,1.1503064436076813
aarod_30 >= aarod_5_sft_1,0.0010442574,98878,54122,44756,12.45,-7179.3786814141195,-1046.3058459962995,010ce60baf3de2cf8c4bcfd243c9185441a26efa8e16690af1f746cc88b42f78,30,0.009983187541365623,27.85,0.8419356389166628,0.8419356389166628,0.8983463688978343,0.9300666058969813,0.9584058294120005,0.9796122335281342,1.0085771006289705,1.0292000541698811,1.0450283439700743,1.0591286101609796,1.0731647182566693,1.089795505702099,1.1039849063048017,1.1073373040378498,1.1146217147587985
stdev_10 >= stdev_14_sft_2,0.0010208259,98878,34064,64814,12.46,-3833.972733897055,-649.6233831572681,a092dbfa6dbefd1d342d1a211503f33f5c7745cd5359e4d4115f2b75459bc7b9,30,0.0011521711712703109,27.52,0.8690025416835143,0.8690025416835143,0.9329027395693039,0.982030620168817,1.012736759805867,1.017510568243022,1.0379844016410724,1.054025996297936,1.0747063335948501,1.0884804748061365,1.1022033739612616,1.1094190747716894,1.1245101852684014,1.1424705543439257,1.1652122092040333
aaro_20 <= -80,0.0010010062,98878,11672,87206,12.51,-1562.6246749682905,-301.702354222587,87b58f9896252e251c68e9159d326bea7ed912172d4942a46db4a6bfa531cebe,28,0.009019396267831326,28.06,0.8201883001750188,0.8201883001750188,0.8609564620391018,0.8906725547576274,0.907793911466268,0.9509163279926467,0.9712950805169815,0.9954130927575076,1.016126778297358,1.0451843800731353,1.07531435608127,1.0955310821241744,1.1133425497336555,1.1234247447570418,1.122254805344302
willr_10 <= willr_14_sft_2,0.0009991345,98878,50858,48020,12.45,-4478.5701211331725,-899.1316584154047,1427ae29e5c4ed561613e902f1f63301f41038d7cf9fdf54aa945c6a3e2bca60,30,-0.0010404298081994057,27.4,0.8896534491117891,0.8896534491117891,0.9461191140901108,0.9920781730610081,1.0191741904470164,1.0379722317740012,1.05116789874315,1.0713083959714174,1.080728900627582,1.0951397569561683,1.0969052991203025,1.1070626235873164,1.1286594137770587,1.1345412328981517,1.1415726573680045
bb_lower_2_30 >= Low_sft_3,0.0009947063,98878,5160,93718,12.56,-952.1385849252983,-133.29177424145018,4e26baca5a6303a13016cf43f2fb7e5c7be993260b396d0848e5bc87608a1ef6,28,-0.00423926068469882,26.16,0.789420522486529,0.789420522486529,0.9005729162909409,0.8873774150849574,0.8960459939460158,0.9208249652009497,0.9126933871279813,0.9026536984980645,0.914991373207949,0.9268410409774972,0.9434872325490749,0.9662200532918878,0.9807265144194061,0.9977016511250856,0.9946725619907094
minus_di_5 <= 11,0.0009882222,98878,22310,76568,12.48,-1820.6494104978751,-364.72957568637503,cee77ee220a5e77fe95d20a730179fabcb0f2e40106664424787bbccffac6b44,30,-0.019517352804541588,25.83,0.914363561647539,0.914363561647539,0.9607527228163826,1.0174402226467505,1.0642365662686684,1.0905294195027528,1.114738353757962,1.1222085302413074,1.1223824424911593,1.1167598828558984,1.1250000554751993,1.126829929136953,1.1360171748967618,1.1376700786139224,1.1460676547775979
willr_14 <= willr_20_sft_1,0.0009852053,98878,51037,47841,12.45,-4135.408457120979,-849.2015365952466,1427ae29e5c4ed561613e902f1f63301f41038d7cf9fdf54aa945c6a3e2bca60,30,-0.003359166905283928,27.3,0.8969416831500211,0.8969416831500211,0.9439186674597684,0.9814301257631097,1.007982382215172,1.0391943327572848,1.0585258153460793,1.0715948816508671,1.081231890349334,1.0986074939092856,1.1063023513784616,1.120162596638276,1.131452110802455,1.1459828585881195,1.1506660748039632
mema_20 <= Low,0.0009038418,98878,33628,65250,12.46,-3416.3413321765693,-515.9046212482353,f2e93f04b3d2a46ee10823902064b64ae41106b8f01252b29032fe26a3290c3e,30,0.0013786437921226025,27.53,0.8850944947927776,0.8850944947927776,0.9504259333012653,1.0103124158457129,1.0626935842418275,1.1031101441155358,1.1292234474317635,1.1595079121716465,1.1809930262703678,1.186219459335861,1.1989786068269932,1.210724593098879,1.2307012896767506,1.2584492582072508,1.2780144346071987
aarod_20 >= aarod_5_sft_2,0.00089784525,98878,57194,41684,12.44,-7392.457518291874,-1129.1454644198311,010ce60baf3de2cf8c4bcfd243c9185441a26efa8e16690af1f746cc88b42f78,30,0.007212351076304913,27.72,0.8448674707703417,0.8448674707703417,0.897484655279623,0.9322183679850976,0.95689501291715,0.9825845316049503,1.0079134309119273,1.0282378323445078,1.04609981539062,1.0599082768563823,1.0781440699477174,1.0989210436909926,1.1142620758705017,1.122058150270187,1.1305192805383124
willr_20 <= -22,0.00088056136,98878,77774,21104,12.43,-10676.599678391973,-1535.900245506884,c087f74a8ef9fdefe2bfbfe4c42e7c177e68996d73089fae9a8de15f5638210d,30,0.001934792846441269,27.49,0.8292825060637353,0.8292825060637353,0.8744556377765814,0.9052030989730521,0.9225539016858972,0.9423582477458762,0.9626432208128594,0.9826223646237494,1.0009416214032085,1.0227139904440912,1.038862949423539,1.0526953338258926,1.0651700941828155,1.071339772456202,1.0772414401353843
plus_di_5 >= 14,0.000875763,98878,67680,31198,12.44,-8178.238312405367,-1244.6241399555438,4f583626fd6f59b1b2e0825c720b1d1aad3858951a5b50964ea86a5c13485b5d,30,0.003573274239897728,27.55,0.8616844549921661,0.8616844549921661,0.9299781292827233,0.9693820280984037,1.00038980782288,1.03028167503773,1.053588407934735,1.0726802620937312,1.0881398673904845,1.1044980743612351,1.1156306415557549,1.1267124656122856,1.1379736906311613,1.1515805062657851,1.1618683599351143
minus_di_5 <= 10,0.00085148605,98878,19704,79174,12.47,-1507.5854833575431,-301.2400437958204,cee77ee220a5e77fe95d20a730179fabcb0f2e40106664424787bbccffac6b44,30,-0.019333112984895706,25.72,0.9202941296189209,0.9202941296189209,0.9802380196530913,1.038161123965673,1.08892721932969,1.114823255670374,1.1338459266327119,1.137428748477882,1.1315761712247965,1.1282254974911705,1.130112826712763,1.135678311315093,1.1445991735706444,1.147042793075739,1.1587283783958753
day_of_month >= 5,0.00081313297,98878,86172,12706,12.43,-9998.359765787165,-1663.5401940111915,666161afb56bd50fe398018469fe957621e37839d10a56fca5818303205ef700,30,-0.010012888349592686,27.27,0.8618068564050124,0.8618068564050124,0.9170534377760406,0.9539288464886413,0.9799163576630626,1.0029884712799464,1.0237781332263787,1.0390340979667978,1.0529135919673263,1.0674717667660572,1.0802044534018849,1.0924572462111224,1.1046933568031325,1.1151372366864285,1.126486180577717
willr_20 <= willr_20_sft_2,0.0008113849,98878,51994,46884,12.44,-4588.682829454232,-881.9556622436867,1427ae29e5c4ed561613e902f1f63301f41038d7cf9fdf54aa945c6a3e2bca60,30,-0.0009403779986314476,27.41,0.8864977915256256,0.8864977915256256,0.9343879450301025,0.9802873557295407,1.0053115812020663,1.0192358801673056,1.037790834080785,1.0533421656486572,1.0587912321275725,1.081301869551613,1.0883859087090224,1.1031777350624465,1.1233250982383847,1.1312281437557403,1.1416184432137435
aarou_10 >= aarou_10_sft_2,0.0007606732,98878,40173,58705,12.45,-5862.874363295217,-774.2922878577374,0f031b3780e6467809600593d6806420193325d9573f332c17b627db66a26893,30,-0.0002054584037978202,27.43,0.8282857270850621,0.8282857270850621,0.9033056496392486,0.9404783908902449,0.9879080644717346,1.0232966581458662,1.0551252821381567,1.0692724922318206,1.0836175288642933,1.107010693148561,1.119999621787948,1.1226002517943818,1.1343804096351888,1.144038473167102,1.1744759864947634
mom_10 <= mom_2_sft_2,0.0007252584,98878,50902,47976,12.44,-6506.477783973755,-1033.935198639243,99b230403b43b61a62d1e1bb62b812e1617b1ac927f76ee434dad8be358b43f3,30,0.0008153925300575793,27.48,0.8352189479063601,0.8352189479063601,0.8769141558701466,0.9031857509610973,0.9212657957890792,0.9448086853999186,0.9628083264631039,0.9859165985912522,0.9986628185400693,1.0188102325057125,1.0360124988880575,1.0526033884938124,1.072111673137183,1.0851436234504552,1.0918505556208218
aaro_5 <= aaro_14,0.0007224877,98878,51756,47122,12.44,-6520.989039740357,-977.4940945829949,03178e4886fc07979b0c314ad9c68ba2f86b07645c5f6bfdb6bc96b9669a3c24,30,-0.001107176416553557,27.4,0.8492642680424451,0.8492642680424451,0.9020774043448057,0.9451064712185725,0.9658339511874544,0.9845490944445149,0.9943600594758444,1.0108152974363174,1.0365759546145783,1.0528448662060932,1.0721211250198486,1.0896628095504375,1.1009664474811918,1.1205322706017398,1.1373163716717551
sma_5 >= High,0.0007026904,98878,22285,76593,12.46,-1926.660208079461,-383.6711188156987,2a2a894e2395475f18aac8b58b172590d4e9304b0f81f0d6018fc944d30d4b38,30,0.0027607441879808903,27.67,0.8843171495939972,0.8843171495939972,0.9299522630771759,0.9744586920172396,0.997975735523391,1.0025824552137979,1.0092521400727499,1.0294935628764053,1.0349761188942321,1.0620468997420072,1.0734433740554539,1.0811863865069473,1.102676192191322,1.1016129038089728,1.1205079342900288
sma_50 <= Close_sft_1,0.00068546296,98878,46881,51997,12.44,-4500.165798461398,-717.0434211426691,50a0e61b02a2d5c963e9603b4bade036c42f4965c5f54e99ff926c2165cc53b8,30,-0.0025172079913318157,27.33,0.8867658345409879,0.8867658345409879,0.9652283893474086,1.0222351136568302,1.064601562089838,1.0991469305324653,1.129367807310885,1.1542672087354358,1.1711287808633215,1.1809636343776806,1.1922713167978904,1.203475296866154,1.2212097127891424,1.2416153982492877,1.2608093676721555
plus_di_5 >= 15,0.0006844516,98878,64730,34148,12.43,-7575.004673117321,-1176.5840932495921,4f583626fd6f59b1b2e0825c720b1d1aad3858951a5b50964ea86a5c13485b5d,30,0.003140946151688695,27.55,0.8662639645166131,0.8662639645166131,0.9337068801518951,0.9726465685897976,1.0057673538983993,1.0355770439771148,1.0583539553723107,1.0778041714081696,1.0928318388636122,1.1075988697138857,1.1220510419410505,1.132953186157638,1.1436014103502037,1.1587131893508753,1.1690867513940841
aaro_10 <= aaro_30,0.000674554,98878,51416,47462,12.44,-6745.542445802971,-949.0646232920626,03178e4886fc07979b0c314ad9c68ba2f86b07645c5f6bfdb6bc96b9669a3c24,30,-0.005266156513243914,27.22,0.840262339843414,0.840262339843414,0.8984940286473256,0.9342951973367951,0.957350912853584,0.9821800637226832,1.0139914600343864,1.039756531554268,1.0574344799375608,1.0719613044357204,1.0821793280698053,1.1024324981077585,1.1253088385018497,1.1415801715017426,1.1509065320130123
aaro_14 <= aaro_30_sft_1,0.00067292363,98878,50168,48710,12.44,-5971.547813637513,-916.6533627008248,03178e4886fc07979b0c314ad9c68ba2f86b07645c5f6bfdb6bc96b9669a3c24,30,-0.005284590646624565,27.21,0.8530332274505592,0.8530332274505592,0.9003962093979964,0.9362039848692062,0.9629263994049142,0.9914116660401096,1.0112060851637326,1.025566917674825,1.0340446155377623,1.0466820486666926,1.0558757253106457,1.0693864315888575,1.087282131329299,1.1042811218148878,1.1230130434765482
willr_5 <= willr_14_sft_3,0.00067126827,98878,49677,49201,12.44,-4415.073473505061,-872.5924011445386,1427ae29e5c4ed561613e902f1f63301f41038d7cf9fdf54aa945c6a3e2bca60,30,0.0019120018696412444,27.53,0.8891753200093152,0.8891753200093152,0.94075569219215,0.9765785997628018,1.0013563170718134,1.0210015388326599,1.034172570388632,1.050819989666408,1.0684612296192555,1.0854645513976169,1.0942832249951961,1.111134787639374,1.126198869377834,1.1355980741624323,1.1451509967785616
aarod_14 >= aarod_14_sft_2,0.000656863,98878,33876,65002,12.45,-3640.617788768203,-634.1073458143874,010ce60baf3de2cf8c4bcfd243c9185441a26efa8e16690af1f746cc88b42f78,30,-0.006840795278549194,27.02,0.8674557880064119,0.8674557880064119,0.9166561117742104,0.9432393209171915,0.9772065493464815,0.9997185610591405,1.0289470364951556,1.0574946364345632,1.0706952152774487,1.0816490133195868,1.0995555875540794,1.1177717633524533,1.1348180818465636,1.1380340943343095,1.1509955430545933
mom_2 <= mom_15_sft_1,0.0006500288,98878,48947,49931,12.44,-4399.367367720275,-821.0633796195834,99b230403b43b61a62d1e1bb62b812e1617b1ac927f76ee434dad8be358b43f3,30,-0.0063675781711936,27.16,0.892030507229725,0.892030507229725,0.9596867458439816,1.0007473211675737,1.0372282048188772,1.0628688740389398,1.0825303874349466,1.0987894628774577,1.1095374340179311,1.1207254081500477,1.1323237557404635,1.1450368022607649,1.1683288471705846,1.1771028933705252,1.1834139450696404
willr_5 <= willr_10_sft_2,0.0006256497,98878,50448,48430,12.44,-4126.706726329034,-869.0022014681526,1427ae29e5c4ed561613e902f1f63301f41038d7cf9fdf54aa945c6a3e2bca60,30,0.002882599364966154,27.57,0.8976927663721387,0.8976927663721387,0.9506639689497297,0.9989828129161415,1.026333341026434,1.0374224723928904,1.0491281817221405,1.0657147300827445,1.0748340668541234,1.0964370329969646,1.1066658846642978,1.12186313823761,1.1408503989518697,1.1468578688606301,1.1632358102452829
mema_5 <= High_sft_3,0.0005779887,98878,73454,25424,12.43,-9194.808558785695,-1440.2990425072567,272a901e1625028460b95370368ae350ea9835e10fc1933b41122586149e5de3,30,-0.000643017643596977,27.43,0.845766578627222,0.845766578627222,0.8964143244139888,0.9305363169111359,0.9426817074862242,0.9590529945178367,0.982116035054864,0.9978980016773769,1.007954705991734,1.0224515272880554,1.0344212367967918,1.0479711885028868,1.0660259359679305,1.0721420819179015,1.0857986020112125
mom_5 <= mom_5_sft_1,0.00055480754,98878,50868,48010,12.44,-4614.572075107621,-923.8604298378341,99b230403b43b61a62d1e1bb62b812e1617b1ac927f76ee434dad8be358b43f3,30,0.0029163695871829987,27.57,0.8857080676179887,0.8857080676179887,0.9472711176964488,0.9855613553800221,1.0107549923015984,1.0250511867142356,1.042856665137425,1.0562366731830664,1.072420854799102,1.0823314882591781,1.0928317736542918,1.1060237023362098,1.1229872018993974,1.1266121048859945,1.1361521906657202
willr_5 <= willr_14_sft_1,0.00054142904,98878,50145,48733,12.44,-3990.744917232758,-862.6301505431038,1427ae29e5c4ed561613e902f1f63301f41038d7cf9fdf54aa945c6a3e2bca60,30,0.0009401338174939156,27.49,0.9006048660273501,0.9006048660273501,0.9503635823007454,0.9862301133445045,1.0070556852696075,1.0226765901311097,1.0335277267169585,1.0519261715171326,1.0685931648548697,1.0908402915504274,1.0982734872723028,1.117105265621369,1.1367569382894502,1.1480744183756713,1.1541471845200078
willr_5 <= willr_20_sft_1,0.00053256704,98878,49357,49521,12.44,-3762.28660037911,-803.4118811734515,1427ae29e5c4ed561613e902f1f63301f41038d7cf9fdf54aa945c6a3e2bca60,30,-0.0007250414928421378,27.41,0.9043596693505017,0.9043596693505017,0.9571495317434319,0.9985003470018996,1.0240572521471036,1.0450816453998175,1.0632168910452724,1.074413019797801,1.088869147484389,1.1104070542012117,1.1227554164742162,1.1385108969612443,1.1595685626802241,1.165821191340538,1.1705886160583043
mom_20 >= mom_2_sft_1,0.0005249551,98878,49052,49826,12.44,-6038.604024530665,-808.3221068896746,eaab1708ca388033e741f56742381a7a1263cfafa2fbe8f413d450736cce3e74,30,-0.007447064854204655,27.11,0.8579038323274489,0.8579038323274489,0.9264060036030491,0.9787960533019598,1.0144524572117455,1.052183391591434,1.0798909688115341,1.105134661257557,1.1212690139616945,1.1354707762434664,1.1438401609983817,1.1526737935633293,1.1584811105626436,1.1713311908382356,1.1877869548179234
sma_10 >= High_sft_3,0.00051642815,98878,23818,75060,12.45,-3133.5851420754334,-438.4748060828206,2a2a894e2395475f18aac8b58b172590d4e9304b0f81f0d6018fc944d30d4b38,30,0.0018108384683728218,27.59,0.8412819323282795,0.8412819323282795,0.8956653048337114,0.9278171768444936,0.977850039385507,1.012782496470059,1.0422860262416507,1.058675548468181,1.0847586026955427,1.1094354052934015,1.1240173325058362,1.127301283293814,1.1299171437007864,1.1698472751970586,1.1749303269142795
aarou_20 >= aarou_10_sft_2,0.00050149905,98878,62465,36413,12.43,-8951.393134259943,-1233.1820635236509,0f031b3780e6467809600593d6806420193325d9573f332c17b627db66a26893,30,-0.0025127779226750135,27.36,0.8283507648166749,0.8283507648166749,0.8970007058155185,0.9279749963775339,0.9647276105904669,0.997397399558487,1.0244033873375555,1.0446005175488926,1.0579162301529734,1.071283207489251,1.0815221258173122,1.0873275695824307,1.0977768133301626,1.1030174854142765,1.1189745665932047
aarou_14 >= aarou_5_sft_3,0.0004947302,98878,57649,41229,12.43,-8087.373955463074,-1149.4643333224885,0f031b3780e6467809600593d6806420193325d9573f332c17b627db66a26893,30,-0.0018721709493547678,27.37,0.8339501683989251,0.8339501683989251,0.8902812620352643,0.9222636601164785,0.9547960837084926,0.9806432642174677,1.0080606098051268,1.0290302873459443,1.0448496336098883,1.0588973159466935,1.0650299282657,1.0829989576572363,1.0959531504539497,1.109401683902301,1.1269182269918887
aaro_5 <= aaro_10_sft_3,0.00045816854,98878,52749,46129,12.43,-6427.388961227043,-1037.023268295634,03178e4886fc07979b0c314ad9c68ba2f86b07645c5f6bfdb6bc96b9669a3c24,30,-4.210270708426833e-05,27.44,0.8530586817460091,0.8530586817460091,0.9107848068014764,0.9539140844254107,0.9690396083177479,0.9840794757698953,0.9973378136084639,1.0143363264790286,1.0344759264980914,1.0519286169008113,1.0727351400521419,1.0919026021903402,1.1034356238065397,1.119224932754419,1.1305861731619267
aaro_20 >= aaro_10_sft_2,0.00045531,98878,52693,46185,12.43,-7830.866572946984,-987.556710864359,fa1fba1a54e25d7a96ab29b0d7c633f260580ef2319f10dc44e85c501c26793f,30,-0.005294817965477705,27.22,0.8213009917439056,0.8213009917439056,0.8760531601943691,0.9113210977149478,0.9443978061979951,0.9780246428790562,1.006936529844712,1.0256399999195767,1.041078179906201,1.0544926189775947,1.0740340137656217,1.0877556593219566,1.1025184095390725,1.1108481035707904,1.1299124436996089
willr_5 <= willr_10_sft_1,0.00044771988,98878,50874,48004,12.43,-3983.5435064194426,-875.7752568660217,1427ae29e5c4ed561613e902f1f63301f41038d7cf9fdf54aa945c6a3e2bca60,30,-0.00042329338612034917,27.43,0.9019677166795305,0.9019677166795305,0.9524619697526047,0.9952292927030858,1.0197748918830558,1.0402506583622508,1.0503914519907225,1.0668008189334914,1.0795651571406433,1.1022641215118187,1.1155562687433158,1.1340485191854421,1.1465901621272148,1.154994118290341,1.1609439435982278
bb_lower_2_20 >= High,0.0004454508,98878,515,98363,12.62,13.367358499162947,-9.101298900917751,a004533119ad88e37e81983efb1d0cbf2300c3e3cc59ba199ab847ba9c57f154,16,0.0,0.0,1.034948174717467,1.034948174717467,0.8730700550944729,0.9559277453314837,0.9206404500621939,1.0006060088619637,1.0301882821067097,1.265322312011222,1.1192649329101771,1.1012138814240615,1.108155801735249,1.174440261699716,1.1642958397584013,1.183448844749743,1.1934657019503905
mema_20 >= mema_100,0.00044295733,98878,44618,54260,12.43,-4074.3367745181495,-706.3921221766504,da871536f9280a0159baee359a9496c73c67bcc656bfb6cada940a1228de3547,30,0.010184798389673233,27.95,0.8878940260827217,0.8878940260827217,0.9753253926954017,1.0397012890393202,1.0887544120456367,1.1364165529344954,1.180935619144105,1.2218359905104332,1.2562502309090724,1.2873421641146714,1.3157209116010593,1.342551433866787,1.3698547401952337,1.3961369063864075,1.419424067257561
aaro_10 <= aaro_5_sft_1,0.00044188648,98878,55441,43437,12.43,-6579.729508926652,-1040.8698192698212,03178e4886fc07979b0c314ad9c68ba2f86b07645c5f6bfdb6bc96b9669a3c24,30,0.0013816430000588298,27.5,0.8552608356118072,0.8552608356118072,0.9016239292286321,0.9427983178277839,0.9741409713727187,1.0005383242217534,1.02773085223516,1.0527520858555262,1.0677088962042642,1.0832732817298667,1.0938114540184831,1.1120255930054153,1.1278685591115103,1.1337610731515753,1.1416484715900068
aarou_5 <= aarou_10_sft_1,0.00038813287,98878,65492,33386,12.43,-7658.449949518705,-1202.6599923062677,11ecda3140789fc7bb03c4e9ce6db1e36d26d05f5895e9047d4b04d8e05db454,30,-0.0029346710070967674,27.35,0.8597030239802163,0.8597030239802163,0.9147797487024324,0.958479218394742,0.9826494437710022,0.9991176639016613,1.0177405677080575,1.0369417337239486,1.0552034457539885,1.067458797818952,1.0796866390558062,1.0933226157630598,1.1050595701218724,1.1241105420157207,1.135780821522793
plus_di_10 <= plus_di_10_sft_3,0.00037580155,98878,57455,41423,12.43,-7363.6937931938055,-1180.2612210229781,bd972efc927c87708f479b3c989a305bfeb89b6aa0381d01606955fa59f6baca,30,-0.0060858288779854774,27.21,0.842572665128845,0.842572665128845,0.8872490417139876,0.9155280951539397,0.9326122867673028,0.9539512540309392,0.9749247612614999,0.992104988309041,1.0020450840337187,1.0182734059490792,1.0370438622930602,1.053129066621336,1.0727692479641606,1.0766169479660301,1.0876586613894355
willr_5 <= willr_10_sft_3,0.00037463222,98878,50183,48695,12.43,-4510.81696912886,-893.657622342078,1427ae29e5c4ed561613e902f1f63301f41038d7cf9fdf54aa945c6a3e2bca60,30,0.004547326825559139,27.64,0.8882989009993177,0.8882989009993177,0.9390702237843723,0.980167362586278,1.0046780374039603,1.0253204933575917,1.0348610282205548,1.055195990460141,1.070743019799269,1.0900391960814833,1.0990279668472445,1.1139866767728854,1.12966531917511,1.139680198754507,1.1526270190710992
adx_10 <= adx_14_sft_2,0.00037384164,98878,23665,75213,12.44,-4614.2660302510485,-515.8120058393833,234f8ad1c2baf91b95c9f1aef2798b533888ce55558d2a8e51c247014080fabc,30,-0.00535650784149766,27.02,0.7765404669296403,0.7765404669296403,0.8215411110976628,0.8614043579733056,0.8982188515241849,0.9432716904031618,0.9873686755710194,1.0123512346085457,1.040575073782594,1.0690006803046785,1.081776680963008,1.0919781611006112,1.1022250801195725,1.113116712182331,1.1260816724500904
plus_di_14 <= plus_di_14_sft_3,0.0003722458,98878,57834,41044,12.43,-7533.4581042234395,-1173.9971640445801,bd972efc927c87708f479b3c989a305bfeb89b6aa0381d01606955fa59f6baca,30,-0.005128597375005484,27.25,0.8396782000563731,0.8396782000563731,0.8825773618529815,0.9107347056453488,0.9312160265468495,0.9527247619989618,0.9732453004999939,0.9910385838092376,1.001823295736577,1.0172854373904674,1.034590364527655,1.0511513879142456,1.072967643885531,1.077693567746339,1.0892084356546872
plus_di_5 >= 11,0.00035253342,98878,76316,22562,12.42,-9443.224946201262,-1404.7932160765413,4f583626fd6f59b1b2e0825c720b1d1aad3858951a5b50964ea86a5c13485b5d,30,0.005137270782142878,27.57,0.8565340817114546,0.8565340817114546,0.9195083654105833,0.9603460319297328,0.9884840886463179,1.0144476446517494,1.0386755043474687,1.0585229575251591,1.0755864996188282,1.0908056248117353,1.10377920567075,1.1148403148268844,1.1263187206485603,1.1398022624371427,1.1527936913166192
bb_lower_2_20 >= High_sft_1,0.0003076559,98878,118,98760,12.71,6.8029900880064815,-2.7057999701282824,a004533119ad88e37e81983efb1d0cbf2300c3e3cc59ba199ab847ba9c57f154,20,0.0,0.0,1.0839627912504495,1.0839627912504495,0.9179408666497586,1.8923768136581687,1.5733442431648996,1.750143877108503,2.13104155138499,2.019540331869101,2.155987579861375,2.2173129893167784,1.8141846120897778,2.067114809010593,1.9330668084135092,2.0484478831554496,1.9823102178330607
sma_50 >= sma_100,0.00030414842,98878,45079,53799,12.43,-4415.258505278183,-765.791528523012,724f0edc848b1caa180dcda4bf9f5a94c2dcd0eddd874575510f7c410089d747,30,0.006648252718150616,27.77,0.8787012030980907,0.8787012030980907,0.9505948090963021,1.009673351499263,1.0590207960240208,1.1024069759440078,1.1424352521931316,1.1820397323918976,1.2181715575333683,1.251450791515455,1.281257249233378,1.3072223988825702,1.3335380166358646,1.3570819709601774,1.3798252504963604
aaro_10 <= aaro_14_sft_3,0.00030254637,98878,50732,48146,12.43,-6811.841176029248,-968.4615153296181,03178e4886fc07979b0c314ad9c68ba2f86b07645c5f6bfdb6bc96b9669a3c24,30,-0.006001760251820087,27.18,0.8362359026686451,0.8362359026686451,0.888110862119086,0.9164621155755666,0.9296617022555826,0.9511731102588177,0.9828884266076601,1.013483216138165,1.03167479552849,1.0459068420675912,1.063699668542232,1.0835875259364833,1.0989417335962144,1.1096107910920088,1.1147485701643625
bb_lower_2_20 >= Close_sft_2,0.00030188885,98878,1448,97430,12.5,-356.42562023864593,-44.57499755418394,0e70b8a8d55e4ec73841ad3e8c9b127c0a23132eee3ba0a11c3e072e280aafa3,24,0.004711637273430824,27.42,0.7041733252989195,0.7041733252989195,0.8258978770544413,0.9543019986204869,0.944822967897444,0.9275988166565052,0.9952425711786468,0.9486402904650274,0.9987404370009418,1.0683602376237564,1.0291564878118469,1.0689801100160585,1.0531120721989222,1.0577098043667306,1.0540957453733588
aaro_10 <= aaro_30_sft_3,0.0002992822,98878,50515,48363,12.43,-6602.174131137264,-955.5923453509968,03178e4886fc07979b0c314ad9c68ba2f86b07645c5f6bfdb6bc96b9669a3c24,30,-0.005839963909238577,27.19,0.8387623296602992,0.8387623296602992,0.8924225117429695,0.9290076973332052,0.9478517897826072,0.9713313266422943,0.9972447303915136,1.0235493033465344,1.0417396605846636,1.0547436453741734,1.0653572693870648,1.087142700608584,1.1100702189741996,1.1271429122719214,1.137670742085709
bb_lower_2_10 >= Close_sft_2,0.00029867474,98878,678,98200,12.54,-93.31623155204579,-16.19725100008509,0e70b8a8d55e4ec73841ad3e8c9b127c0a23132eee3ba0a11c3e072e280aafa3,30,0.0,0.0,0.8192063650478134,0.8192063650478134,0.7611342202539781,0.7154673421165866,0.7155959466433738,0.7421635451034898,0.699594159912495,0.7607177236796753,0.7599891434157259,0.8637664564610539,0.8943135351631497,0.8994800562940257,0.9333009498075334,0.9618926153684728,0.9723548597855127
sma_20 >= High_sft_2,0.00027563598,98878,37168,61710,12.43,-6878.086673475319,-851.9766014868655,2a2a894e2395475f18aac8b58b172590d4e9304b0f81f0d6018fc944d30d4b38,30,0.008247914724051952,27.92,0.7698935094440875,0.7698935094440875,0.8334053368641731,0.85840854374396,0.8800332931175127,0.893993900963465,0.9158961165306891,0.9380251790434823,0.9663956035769059,0.9892809121407969,1.0147430319364574,1.0313538478694466,1.0481015038355384,1.0660181186578566,1.085500200284006
stdev_5 >= stdev_5_sft_2,0.000270847,98878,48417,50461,12.43,-5319.328546956036,-931.4521311169156,a092dbfa6dbefd1d342d1a211503f33f5c7745cd5359e4d4115f2b75459bc7b9,30,-0.004488993901759386,27.24,0.8683747407206013,0.8683747407206013,0.910911512233215,0.9543285933728199,0.9958561516293589,1.0100980585450114,1.0234122630538773,1.0418511138314464,1.0591469468743502,1.0758670377316848,1.0934241844306805,1.107454108271974,1.1209464882012798,1.1323001036575076,1.146327248532027
plus_di_5 <= plus_di_5_sft_3,0.00026781054,98878,57018,41860,12.43,-6715.690635506977,-1161.0259005478001,bd972efc927c87708f479b3c989a305bfeb89b6aa0381d01606955fa59f6baca,30,-0.005437955260276794,27.24,0.8556428258847306,0.8556428258847306,0.9069906980337684,0.9298045543974943,0.9512236130486875,0.9731020668325009,0.9929266463483916,1.0123982511935674,1.020697936676454,1.0327577575698126,1.0469932292480062,1.0601719112699566,1.0822878206425537,1.0877157678889062,1.101014692018273
willr_5 <= willr_20_sft_3,0.00025756226,98878,49071,49807,12.43,-4168.437972630982,-817.9884081619457,1427ae29e5c4ed561613e902f1f63301f41038d7cf9fdf54aa945c6a3e2bca60,30,0.0013370723463594913,27.51,0.8932411858831345,0.8932411858831345,0.9448987078708104,0.9813471763945018,1.0075513647084973,1.0221967203669602,1.0392138983574706,1.0527697360068526,1.0689853507533174,1.090329344238011,1.102924415657527,1.1189928388072086,1.1382928589558325,1.144165069851224,1.1572964899660063
sma_10 >= sma_100,0.00023418467,98878,44911,53967,12.43,-3836.2148315720588,-689.0191537819192,724f0edc848b1caa180dcda4bf9f5a94c2dcd0eddd874575510f7c410089d747,30,0.005153048783540726,27.7,0.8947433153224498,0.8947433153224498,0.9756297971730188,1.0357599883540773,1.0828376185833695,1.1252163032203686,1.16786178969472,1.2073482691249142,1.2383117283680816,1.264827474356547,1.2894520350040055,1.3124042351294147,1.335376907175334,1.3566207227625107,1.374705747883213
minus_di_10 >= 23,0.00018759724,98878,43669,55209,12.43,-5061.742406999984,-903.0485845127114,a06e18f5f366aa3040f30d3f53c74e6c3d30e6b8f15e9282eabbaa7fe9dd85a0,30,0.028573812916874886,28.88,0.8470316638167874,0.8470316638167874,0.8952860121859294,0.9327472558091796,0.9641365610540146,0.9908010974869036,1.0115707637929392,1.0361694862567448,1.0593007838258555,1.089477948612385,1.119070920950518,1.1501499465482632,1.1752706150596082,1.1905618296578238,1.2103319870601672
adx_14 <= 10,0.00016737333,98878,1187,97691,12.47,-26.926163373573218,-18.77662396451342,3c92cb65188a6807549ad02f373e5063a01a53cbce3d2b8fe4af860199995f57,24,0.012664033100008965,30.75,0.9670607692849879,0.9670607692849879,1.0067496117903993,0.9814452805550784,1.0859158076945807,1.2490988942757593,1.3380482040728663,1.339254606501449,1.4161659358936878,1.547645512274597,1.5561893018944908,1.6220349636183093,1.549378777829036,1.572388995260176,1.5734960468923738
sma_50 <= High_sft_2,0.00015240445,98878,54303,44575,12.42,-5028.592613596475,-855.8405988030281,96dbcbed1df94b1ba010b345e5b1a9039b5cdd6019405ebbb50c28754007bf82,30,-0.012317347340285778,26.95,0.8886481574462669,0.8886481574462669,0.9541381327958361,1.0022803164799006,1.037124152107913,1.070557634731901,1.0944960781519777,1.1142372312059645,1.1254686175644641,1.1382283378610105,1.148789403328118,1.1646071100280604,1.1847218672533413,1.2012321244575448,1.216388409399146
plus_di_5 >= 12,0.00014922355,98878,73471,25407,12.42,-9086.955888675242,-1348.9394729012274,4f583626fd6f59b1b2e0825c720b1d1aad3858951a5b50964ea86a5c13485b5d,30,0.005131472367793322,27.58,0.8572938910065576,0.8572938910065576,0.9212395855310742,0.9612343672945441,0.9917703426349208,1.0182651801121048,1.0435805281694073,1.0636114073115552,1.079264194004941,1.0950175715792845,1.1070693002577714,1.117890751615285,1.1300965608157316,1.1430307126510524,1.1558829099756063
mema_50 >= mema_100,0.00013470103,98878,45077,53801,12.42,-3746.01761070827,-715.4800232108828,da871536f9280a0159baee359a9496c73c67bcc656bfb6cada940a1228de3547,30,0.013681145384907722,28.11,0.8969166937444413,0.8969166937444413,0.9829646232169769,1.0528431479439928,1.1074186619642974,1.1555550204092377,1.1995777032505317,1.2413967659671532,1.2790594325676454,1.3130544301314329,1.3428211891918433,1.3703811359973272,1.3990253004144677,1.4247567545305895,1.4476812705460167
willr_5 <= willr_5_sft_2,0.00011252976,98878,51836,47042,12.42,-4025.322116826861,-891.0083541423373,1427ae29e5c4ed561613e902f1f63301f41038d7cf9fdf54aa945c6a3e2bca60,30,0.0004377193981781602,27.46,0.9016179753502787,0.9016179753502787,0.9525550656256582,0.9993517944998975,1.031286070539671,1.0490002567896959,1.065093883873575,1.079473047341229,1.0874653899164002,1.1012375749670564,1.109861065471937,1.1180510214183907,1.1370311894357616,1.1401106219357886,1.1471337790267035
sma_50 <= Open,9.66111e-05,98878,46773,52105,12.42,-4651.259253489121,-722.1368133623328,659d58123c665d04b1d1e2e117e70aed112d82f8ffe31d55b35e1d954526de02,30,-0.0024430416524410248,27.33,0.882905734914914,0.882905734914914,0.9646821384800133,1.0248255614279782,1.0635479468605695,1.1005626815446454,1.1314753336214551,1.1577607050888468,1.1743249895516847,1.186062667000052,1.1957077299274779,1.2109054500558074,1.2254965419341763,1.2466443363100297,1.2653803327094373
minus_di_14 <= minus_di_10_sft_3,6.519575e-05,98878,52728,46150,12.42,-8607.40929812317,-1071.6848863951818,6ead8d4aff114cb978d2a5e9b1dcb95b84dfa27fd6f0f40b385ac29b242b16ea,30,0.0020368406549096107,27.53,0.8116156896561996,0.8116156896561996,0.8728281591190767,0.920224705109542,0.9502802338105534,0.9854625063677281,1.0125654610998087,1.0312793172030448,1.0494343895352756,1.0634027179493026,1.0840367281383816,1.1028197034991505,1.1159985725042079,1.1330339527577407,1.146775587147691
mom_5 <= mom_15_sft_1,6.514572e-05,98878,49056,49822,12.42,-4668.919444833678,-830.3557983309802,99b230403b43b61a62d1e1bb62b812e1617b1ac927f76ee434dad8be358b43f3,30,-0.009355342946946621,27.02,0.8843679355209556,0.8843679355209556,0.944137624559952,0.9774455362585506,1.0133904948172061,1.0327967731520444,1.0483049703921814,1.0687536627926173,1.0834831708974355,1.0960181902683135,1.1124661088814014,1.1326002627259402,1.1482338334143627,1.152307144924693,1.1600564072803776
mom_10 <= mom_20_sft_2,6.19287e-05,98878,48992,49886,12.42,-5255.668141713242,-826.8987740126686,99b230403b43b61a62d1e1bb62b812e1617b1ac927f76ee434dad8be358b43f3,30,-0.004842197988182306,27.23,0.8662152682829151,0.8662152682829151,0.9211153059588412,0.9490793773764333,0.980376400822206,1.006948315766324,1.0294656897182206,1.0472512276522192,1.0641409068642191,1.080510728467352,1.0838678156909285,1.0892789697614322,1.104282218762319,1.1177898767239054,1.137208326410962
bb_lower_2_10 <= Low_sft_2,5.440385e-05,98878,91490,7388,12.42,-11162.093309080581,-1772.5434152249436,b7ad82b511400bed7e0b17748ce288ee8f3f2ede56b33dfde9aebcf2610f7a03,30,0.007725835777819157,27.54,0.8527024286569149,0.8527024286569149,0.9050920775540522,0.9440996083290967,0.9748337946703562,1.0014552868011797,1.024489164815819,1.0430290908898252,1.059435167385293,1.0754770736947101,1.0915526721767586,1.1042434840461726,1.1180222803184545,1.1319330639597072,1.1452866907471155
bb_upper_2_20 <= bb_upper_2_10_sft_1,2.9974384e-05,98878,27013,71865,12.42,-2225.777584212745,-426.0029941850735,3aa49a56ba366f74cacb6b40add631875fca9bf88d1abae08516bfe7d1357af1,30,-0.005782925523817539,27.02,0.9010463426600962,0.9010463426600962,0.9548770682916791,1.0032933496471306,1.024679725601758,1.0511200422344327,1.0781365589277019,1.0896938816105264,1.0981072900968656,1.1044847386159953,1.107479981587296,1.115019797811093,1.1402241579397139,1.1708981280741226,1.1752792625155726
mema_10 >= Low_sft_3,8.196366e-06,98878,76515,22363,12.42,-10883.339481907755,-1541.7100937105934,e7e0f1d344c8e3b4344908a65185f87340bab0bfe5216b7073401aaebfc88a19,30,-0.01048225723206997,27.19,0.8325867470726992,0.8325867470726992,0.8796705768626485,0.9124161641365988,0.9407335477434579,0.9673247012086859,0.992736137646826,1.0100970852974183,1.0254953507487483,1.0442131594478261,1.0598867065367645,1.0686108101193093,1.0819095388934183,1.09836406709484,1.111650921438086
aarod_20 >= aarod_20_sft_3,1.4459074e-06,98878,32629,66249,12.42,-3970.244985618422,-561.3306365511162,010ce60baf3de2cf8c4bcfd243c9185441a26efa8e16690af1f746cc88b42f78,30,0.0013010165421292186,27.53,0.850492685619106,0.850492685619106,0.9034613027633086,0.9504210514734917,0.9730731092248331,0.9872081217736759,1.0006847276673991,1.0190004411170985,1.0311317284661825,1.0421837962261498,1.0587804328915316,1.0726110340728225,1.091760321254771,1.1156283477525346,1.1303956055170297
mema_20 >= High_sft_2,-1.6046106e-06,98878,34868,64010,12.42,-6892.984456508578,-843.7659893292875,b49daa998de516ee8744d85f0961964bee1fbf801ca0904e585341376b8b86ae,30,0.009320985525846481,28.01,0.7574177646360857,0.7574177646360857,0.8120623474514238,0.8345127793121375,0.8583206768549742,0.8795160018723756,0.9066252598081486,0.9289026713174174,0.9581371455999261,0.9854743872321212,1.0074362486222268,1.0214716684288734,1.0333791179280472,1.054368830062673,1.0683192012026355
plus_di_5 <= plus_di_5_sft_2,-1.5329279e-05,98878,61234,37644,12.42,-6170.281175407097,-1155.357100471534,bd972efc927c87708f479b3c989a305bfeb89b6aa0381d01606955fa59f6baca,30,-0.004510221071541309,27.29,0.8749249547548523,0.8749249547548523,0.9251532164604044,0.9569107351891332,0.9754287493771042,0.9962994902365787,1.0177059142651215,1.0411747638391649,1.0521323576649464,1.0679377777429988,1.0783966529160192,1.0878426948699,1.1082350021192162,1.1175909624640359,1.122991680485426
minus_di_20 <= 3,-1.6692324e-05,98878,129,98749,12.4,-233.8442174103111,-25.14029990043491,cee77ee220a5e77fe95d20a730179fabcb0f2e40106664424787bbccffac6b44,24,0.0,0.0,0.3697447075951868,0.3697447075951868,0.27687492419466764,0.3172404664105897,0.28826846658150446,0.2203720607776495,0.2911258320941054,0.300085120958989,0.37047987306853725,0.5447319449174535,0.5864160800243269,0.7656758436315046,0.671294112639533,0.5117977081330208,0.46285427586490546
minus_di_5 >= 13,-3.1901873e-05,98878,71060,27818,12.42,-9328.289906942555,-1425.9722454129878,a06e18f5f366aa3040f30d3f53c74e6c3d30e6b8f15e9282eabbaa7fe9dd85a0,30,0.02105000615119934,28.03,0.8340548186301534,0.8340548186301534,0.8964423262788692,0.9292997943371435,0.9524589617218774,0.9776555988434017,0.9998024127490328,1.0213468809638875,1.042688890416253,1.0657791048526664,1.0822679611031385,1.0996329489084602,1.114776035038531,1.1297980050258318,1.1445844383439503
willr_20 <= willr_5_sft_2,-4.0404135e-05,98878,52001,46877,12.42,-5578.181613960765,-943.4171505773629,1427ae29e5c4ed561613e902f1f63301f41038d7cf9fdf54aa945c6a3e2bca60,30,0.002331200987100601,27.54,0.863258837323157,0.863258837323157,0.907352379224982,0.941897061557267,0.972375324357583,0.9934430934715314,1.0157793358512894,1.0295985820263513,1.0429213718004988,1.0667702646608677,1.0821800887036466,1.0933053913363318,1.115274323497205,1.1276697932167967,1.1347745691616649
aarou_30 >= aarou_20_sft_1,-5.283777e-05,98878,68671,30207,12.42,-9478.224317059216,-1357.9530390149375,0f031b3780e6467809600593d6806420193325d9573f332c17b627db66a26893,30,-0.005939302500337362,27.27,0.8335643068041786,0.8335643068041786,0.8888184387656071,0.9197538305606018,0.9490593103172731,0.9747482416975247,0.9988025556810743,1.0113019479136036,1.0220728765453475,1.0365243476933446,1.0498200352556806,1.0637197978182944,1.082583680833037,1.0920690912503657,1.1020148358901805
aaro_5 <= aaro_10_sft_1,-7.105392e-05,98878,53382,45496,12.42,-6388.99947098374,-1053.1424228217656,03178e4886fc07979b0c314ad9c68ba2f86b07645c5f6bfdb6bc96b9669a3c24,30,-0.0011665585916489363,27.4,0.8561129094693193,0.8561129094693193,0.9113142201461087,0.946280060567173,0.9614888740841238,0.9810992314775597,0.9946091056785443,1.0062088331589356,1.0287723738852224,1.0507242033310473,1.0701308953864648,1.0867333633066927,1.0990264722936107,1.113730468427761,1.1304938218716356
stdev_30 <= stdev_10_sft_2,-8.6639775e-05,98878,9686,89192,12.41,-1162.611929231396,-177.3717955141983,76cc05d7e847d59489f80a379ae9909f097acc0055c98dd465d85c99099ff3c8,28,0.0015497489366680384,27.17,0.8587429289036744,0.8587429289036744,0.8967368899095793,0.9056612899699816,0.9211494951002266,0.9650316742861597,0.9713285502593454,0.98224841066469,0.9816174992008457,0.9753697698377043,0.9877881751976123,0.9977034377644102,1.011024810709664,1.0163732579210236,1.0039387821783081
aarod_10 >= aarod_5_sft_2,-8.980781e-05,98878,62403,36475,12.42,-6853.469026141505,-1121.2753483311826,010ce60baf3de2cf8c4bcfd243c9185441a26efa8e16690af1f746cc88b42f78,30,0.001340523362159729,27.49,0.8664355194189739,0.8664355194189739,0.9112851513894051,0.945279029883218,0.9768452649039066,0.9987015356192408,1.028250805552426,1.0467219973280613,1.0615104572529603,1.076364245457667,1.0896609372819919,1.1118093298920542,1.1303001782568105,1.1368432781896156,1.1459616713617722
minus_di_5 >= 14,-0.00011806312,98878,68228,30650,12.42,-8991.530286495145,-1363.7892134770518,a06e18f5f366aa3040f30d3f53c74e6c3d30e6b8f15e9282eabbaa7fe9dd85a0,30,0.020820723846554756,28.07,0.8329300305444047,0.8329300305444047,0.8979283952881405,0.9326411516881212,0.9566288330224668,0.9811109404086119,1.0030622235816875,1.024740615680753,1.0449179397210429,1.0700435964462216,1.0865464269475669,1.1046118850836593,1.1200431081224174,1.1359791474091132,1.1520043650482696
bb_lower_2_10 >= bb_lower_2_20,-0.00012044038,98878,68808,30070,12.42,-8822.824904722333,-1266.1404725144384,14f3c68ebc76bb97608c90e96e22d07d8e6617ab0d939b3b0b66c54f45811d90,30,-0.007552955765277147,27.22,0.8461853061717959,0.8461853061717959,0.9025089088895492,0.9443888871499694,0.9802813613166683,1.010553451706317,1.0344765221859749,1.0528455705522939,1.0705386766553504,1.08722374930124,1.1006519003170745,1.1181772404403914,1.1363190704837343,1.145827985575491,1.1568439182799375
aarod_10 >= aarod_10_sft_3,-0.00012185963,98878,44112,54766,12.41,-5702.764449729523,-896.9973054873699,010ce60baf3de2cf8c4bcfd243c9185441a26efa8e16690af1f746cc88b42f78,30,-0.007181340362876654,27.09,0.8429146538207687,0.8429146538207687,0.8963085197438879,0.9406445894494347,0.9620209014313904,0.9766546709013534,0.9900394349426046,1.0113245111050422,1.0400648776983923,1.056436911660222,1.0652802103574772,1.085936981474708,1.0987386028190067,1.1108958135172144,1.1222062001760638
minus_di_20 <= 24,-0.0001257341,98878,60306,38572,12.42,-9113.139004539156,-1141.0142484127718,cee77ee220a5e77fe95d20a730179fabcb0f2e40106664424787bbccffac6b44,30,-0.028526252135634422,26.43,0.8282609006755973,0.8282609006755973,0.8844398002953417,0.9246078475773991,0.9548659385086601,0.9827222955959666,1.0062793734532816,1.027561819548105,1.0463599915142916,1.061846846576032,1.074114279224561,1.08596433009333,1.1007140213570794,1.1159868397660802,1.1251194519035546
aaro_5 <= aaro_5_sft_1,-0.00014057607,98878,64833,34045,12.41,-7159.7790929670555,-1227.1922272029042,03178e4886fc07979b0c314ad9c68ba2f86b07645c5f6bfdb6bc96b9669a3c24,30,0.0033688400872051716,27.55,0.8657790390095759,0.8657790390095759,0.9239091306247521,0.9618292016142131,0.9857910167978924,1.0016236373507998,1.026092773481597,1.0449843385797852,1.055885925554804,1.0683428526358683,1.0837814160856762,1.1050453715715982,1.1178533699333726,1.1326858838919545,1.1429146570230113
mom_5 <= mom_20,-0.00016455096,98878,49521,49357,12.41,-5309.907053765695,-791.246178827394,99b230403b43b61a62d1e1bb62b812e1617b1ac927f76ee434dad8be358b43f3,30,-0.006708754692226648,27.15,0.872628571227503,0.872628571227503,0.9370298126125033,0.9847138864367576,1.0160190557902018,1.0498980168560008,1.0717930353302727,1.0836329206410646,1.0990289023348319,1.1130341295838766,1.1256849107819764,1.1390276436031657,1.1504792522706733,1.1630552458985939,1.1782889569290071
minus_di_30 <= 9,-0.0001673039,98878,1850,97028,12.38,-816.102226214949,-50.97321427192219,cee77ee220a5e77fe95d20a730179fabcb0f2e40106664424787bbccffac6b44,26,-0.02559196576476097,18.16,0.7268022465372648,0.7268022465372648,0.7298446924923973,0.7280934561319061,0.6800580127836201,0.6491625202058922,0.5903651208086057,0.5760556319999262,0.6105703871659539,0.6586844454215017,0.7432619859726699,0.7873038272215918,0.7875473241929741,0.7793168628019879,0.7431046602211699
aarod_10 >= aarod_14_sft_2,-0.00016962417,98878,43627,55251,12.41,-5368.3110098667275,-816.1017237612396,010ce60baf3de2cf8c4bcfd243c9185441a26efa8e16690af1f746cc88b42f78,30,-0.007275750860571861,27.08,0.8496775591412047,0.8496775591412047,0.9044074004711105,0.9339277682146402,0.9625713047369452,0.986598141129833,1.0103546525841398,1.0394927328737713,1.0582613052239211,1.0685665568706604,1.0781376672933187,1.0992379136719348,1.1199023503206396,1.1296458862728025,1.1416083612281918
minus_di_30 <= 7,-0.00017034254,98878,777,98101,12.36,-484.07272408809513,-54.074198888811225,cee77ee220a5e77fe95d20a730179fabcb0f2e40106664424787bbccffac6b44,26,0.0,0.0,0.6754537629156696,0.6754537629156696,0.6276828853470399,0.5176977490872544,0.409979326716408,0.3319189792459374,0.31210635091260397,0.36144392745327775,0.4412719166689284,0.5454657934752412,0.6118758505838714,0.6811510657031559,0.6909681705292549,0.6499135457807569,0.6134494712920386
minus_di_10 <= 20,-0.00018099998,98878,43403,55475,12.41,-5568.72857924536,-778.4092384840478,cee77ee220a5e77fe95d20a730179fabcb0f2e40106664424787bbccffac6b44,30,-0.02917935885488987,25.97,0.859671162506848,0.859671162506848,0.9188920646428389,0.9600304721062375,0.992017019146449,1.0119220002961564,1.0288773169669656,1.037486148180239,1.0450901213756314,1.0443882626747574,1.0440266434083205,1.0467144271426678,1.0552594472724997,1.0650691856956178,1.0701520682322685
mema_5 >= mema_50,-0.00018935182,98878,46126,52752,12.41,-5586.52982737278,-777.1846000244623,da871536f9280a0159baee359a9496c73c67bcc656bfb6cada940a1228de3547,30,-0.0035094369668513536,27.28,0.8610205966321075,0.8610205966321075,0.9411726457932618,1.0014241968970476,1.0502236750322638,1.0940900298295435,1.126271865603507,1.1558369260696915,1.1816335822359703,1.2002758049626459,1.2117686610438814,1.2240955027531906,1.237225933902822,1.2516766962979367,1.2697451395732575
adx_30 <= 6,-0.00020474414,98878,309,98569,12.3,-58.01991312019527,-5.132827040630216,3c92cb65188a6807549ad02f373e5063a01a53cbce3d2b8fe4af860199995f57,20,0.0,0.0,0.7310089683346709,0.7310089683346709,0.6868077017921738,0.7657680346364949,0.9242414043955556,1.070769581035909,1.2315492164898496,1.2517318413452592,1.259415411712524,1.3036012002406248,1.2254462840625777,1.210772360065914,1.2738383751400737,1.2568812474603686,1.190555653129232
aaro_5 <= aaro_14_sft_1,-0.00024209067,98878,51037,47841,12.41,-6632.722026385592,-990.4433794017168,03178e4886fc07979b0c314ad9c68ba2f86b07645c5f6bfdb6bc96b9669a3c24,30,-0.0014997553080320358,27.38,0.8430980304503087,0.8430980304503087,0.8989339509803619,0.9331784093725838,0.9531613915445514,0.971547371800638,0.9849673669534825,1.0058959645120917,1.0264668880499548,1.0422552683233979,1.061050648176369,1.0788397533486356,1.0922725973445548,1.111475390489205,1.1253376016722485
minus_di_14 <= 22,-0.00024404429,98878,50691,48187,12.41,-7277.956149148627,-910.6732400195542,cee77ee220a5e77fe95d20a730179fabcb0f2e40106664424787bbccffac6b44,30,-0.02970428578555584,26.15,0.8400936947211408,0.8400936947211408,0.900031054673213,0.9396739569670011,0.969712770373932,0.994106239213911,1.0154941316876276,1.0287696410723366,1.040703280780913,1.048755254395944,1.0553264965904399,1.0583491704032943,1.0664412227902116,1.0758671888659375,1.0859699316647202
mom_20 >= mom_2_sft_2,-0.00027320953,98878,49036,49842,12.41,-6343.731540193068,-833.7891940341287,eaab1708ca388033e741f56742381a7a1263cfafa2fbe8f413d450736cce3e74,30,-0.007565306965261698,27.1,0.8513050106222833,0.8513050106222833,0.9247964743400408,0.9789106792135676,1.0144149932076099,1.0531032878472721,1.0828084455100448,1.1069752172328653,1.1256173195469394,1.1385859784642902,1.14674392420762,1.1539228966088924,1.1590897473774615,1.17069875153621,1.1869133343130387
aaro_30 <= -90,-0.00030060735,98878,5760,93118,12.38,-849.1420042600366,-112.50703965046705,87b58f9896252e251c68e9159d326bea7ed912172d4942a46db4a6bfa531cebe,30,0.007177053485065699,28.73,0.805202182879977,0.805202182879977,0.8801307497161067,0.8953214459070264,0.915173112141567,0.9356073586338016,0.9288775113616065,0.947522912963831,0.9606868671683296,0.9855079210414798,1.012403206615387,1.0378666509415593,1.0427625826321794,1.0553204265272609,1.0639155714872641
mom_5 <= mom_20_sft_3,-0.00031052157,98878,48598,50280,12.41,-4736.98818907221,-775.077248843656,99b230403b43b61a62d1e1bb62b812e1617b1ac927f76ee434dad8be358b43f3,30,-0.007103333715349436,27.12,0.8795272711362536,0.8795272711362536,0.9329174083176719,0.972215723512314,1.0008465890670744,1.026973896395924,1.041729044570057,1.0541705247390243,1.066132159082901,1.0799567057807578,1.089184621305719,1.1033006611463727,1.121548993563503,1.1306937099068208,1.1468817259743667
willr_14 <= willr_5_sft_1,-0.00034760113,98878,52307,46571,12.41,-5997.425748007281,-980.4548886296834,1427ae29e5c4ed561613e902f1f63301f41038d7cf9fdf54aa945c6a3e2bca60,30,-0.002071356400847435,27.36,0.8556597352134678,0.8556597352134678,0.9090586426548624,0.9446544931039926,0.9814626582963926,1.0062168454728782,1.0305539018839154,1.048334108081496,1.0574609960134198,1.0822096169042525,1.0969734480654285,1.110746213370076,1.1304340239145771,1.1432042610406072,1.1498438084164246
minus_di_14 <= 23,-0.00035619468,98878,55078,43800,12.41,-7669.503575550556,-994.8031662026988,cee77ee220a5e77fe95d20a730179fabcb0f2e40106664424787bbccffac6b44,30,-0.031989019364118576,26.17,0.8430258037810919,0.8430258037810919,0.9009320881195052,0.9393952477864803,0.9683665183783853,0.9894418628703098,1.01235610508176,1.0285592734812568,1.0425807589794551,1.0534734092856783,1.06054347171105,1.0681194478857667,1.0799307707756782,1.0931148337229937,1.0983474271476346
sma_50 <= High_sft_3,-0.00036218012,98878,54491,44387,12.41,-4979.94527020335,-853.607267129737,96dbcbed1df94b1ba010b345e5b1a9039b5cdd6019405ebbb50c28754007bf82,30,-0.012804953381419182,26.93,0.8898699275621652,0.8898699275621652,0.9498527924370137,0.9969044365483306,1.033305370491821,1.0633619030245485,1.0871043871412094,1.1039127435654357,1.1130648811792005,1.1246725238840947,1.1402368275311043,1.1577820681299529,1.178406418068303,1.192945544385547,1.2115670957787001
sma_100 <= Low_sft_3,-0.00037475288,98878,40102,58776,12.4,-2586.9982091388997,-553.6173675282771,984863a5cb13aec2699710705080435de7dea983a917ddee35d0db64a2bad484,30,0.005909807048738003,27.76,0.9196874265535798,0.9196874265535798,0.9986433059314865,1.064518500767885,1.1168911765781477,1.1630320830892302,1.20909342224438,1.2513626758976748,1.2801036455719421,1.3078478609807014,1.3302745212014395,1.3527226678587747,1.381001321605202,1.4002678445294554,1.4195640358797204
aaro_20 <= aaro_30_sft_3,-0.00040599512,98878,50519,48359,12.41,-6040.73117669507,-933.0160354256222,03178e4886fc07979b0c314ad9c68ba2f86b07645c5f6bfdb6bc96b9669a3c24,30,0.0022258784156292677,27.54,0.8508098812266572,0.8508098812266572,0.9061732597242342,0.9403143429018321,0.9611965866331569,0.9860907188633489,1.0031878681264832,1.0260774954329688,1.0470209270431694,1.0625080421016018,1.0814761525077443,1.1038783377145855,1.122371769002074,1.143305476446672,1.1515373425964464
aarod_20 >= aarod_20_sft_2,-0.00041307416,98878,28499,70379,12.4,-3006.8349209410267,-465.09021338485036,010ce60baf3de2cf8c4bcfd243c9185441a26efa8e16690af1f746cc88b42f78,30,0.0012243565870448947,27.53,0.8695810342623362,0.8695810342623362,0.9261159699746714,0.9795768528707977,1.0118174608808879,1.0274626476107738,1.0366320000495286,1.0656590173529012,1.0797412605476135,1.0912322807985462,1.098579941063875,1.1192594184340852,1.1319755613743934,1.1637896346495313,1.17578830282463
minus_di_5 <= 12,-0.00041970972,98878,25011,73867,12.39,-2289.809701008385,-426.2973089003426,cee77ee220a5e77fe95d20a730179fabcb0f2e40106664424787bbccffac6b44,30,-0.02164987474679947,25.78,0.9029857828398852,0.9029857828398852,0.9528005961011419,1.0056339476281817,1.0478315176089075,1.0739107900963136,1.0957539795035394,1.1001742416457558,1.1027540549904604,1.0981284162400087,1.1065602050577144,1.1117285454623396,1.1211244217923821,1.1245567316225937,1.1304881493185275
willr_20 <= -17,-0.00042494654,98878,81921,16957,12.41,-11386.897170790562,-1615.283088102573,c087f74a8ef9fdefe2bfbfe4c42e7c177e68996d73089fae9a8de15f5638210d,30,-6.992672570049763e-05,27.44,0.82878238223741,0.82878238223741,0.8723772682959988,0.9043105216676434,0.9215526942359284,0.9413384543256554,0.9621307136992692,0.982966041262577,1.0010295113187446,1.0222241922536521,1.0388141184910349,1.052359042896627,1.0647962727900009,1.0727646001496758,1.0793892161715588
aarod_30 >= aarod_30_sft_1,-0.00042994332,98878,19226,79652,12.39,-1926.3271119749738,-321.4299974794485,010ce60baf3de2cf8c4bcfd243c9185441a26efa8e16690af1f746cc88b42f78,30,0.0021438586991280317,27.64,0.8772107834715271,0.8772107834715271,0.9361783660861694,0.9663479500268686,0.9915596221957618,1.0095838536060953,1.027124019883095,1.0351439242863074,1.0624311707916785,1.0847823773951983,1.1110443567498471,1.142507389592961,1.1542845200729983,1.1735346348500342,1.20214766602325
mom_5 <= mom_20_sft_2,-0.00044882635,98878,48745,50133,12.4,-4688.0199898766805,-770.0278381157768,99b230403b43b61a62d1e1bb62b812e1617b1ac927f76ee434dad8be358b43f3,30,-0.004081353545188904,27.26,0.8817975383225979,0.8817975383225979,0.9357582350264426,0.9731686026871194,1.0058146895669764,1.030008969645067,1.0496674839293596,1.06357400122958,1.0776968983448187,1.093331610454404,1.104491326003086,1.1172819466840997,1.1348000822199242,1.1493677138355343,1.1659055529529132
mom_10 <= mom_15_sft_1,-0.0004583859,98878,49471,49407,12.4,-5132.599589604331,-890.1483228138459,99b230403b43b61a62d1e1bb62b812e1617b1ac927f76ee434dad8be358b43f3,30,-0.0036843298003077507,27.28,0.8706781313424207,0.8706781313424207,0.9280349626245998,0.9594943335625983,0.986080859109595,1.0098605171250294,1.0307333509266154,1.057232738401427,1.0699502070620839,1.0853435033000183,1.0986222708430318,1.1085379423184274,1.1236401391965838,1.1286654034560162,1.1326510492933326
stdev_20 >= stdev_5_sft_3,-0.00046450947,98878,92024,6854,12.41,-12680.089711650962,-1798.06584365639,a092dbfa6dbefd1d342d1a211503f33f5c7745cd5359e4d4115f2b75459bc7b9,30,-0.003919378854334354,27.4,0.8336803426758672,0.8336803426758672,0.8851231349179406,0.9234185328211423,0.9555923569924758,0.980560544938768,1.0038378023333,1.0211411995260384,1.0393390058563916,1.05916085948573,1.0754864010148624,1.0892757480412505,1.1023449062931823,1.1156612719906613,1.129497301299265
aaro_20 >= aaro_10_sft_1,-0.00046826657,98878,52661,46217,12.4,-8172.83890697113,-1022.0721568925146,fa1fba1a54e25d7a96ab29b0d7c633f260580ef2319f10dc44e85c501c26793f,30,-0.008257061243057251,27.1,0.8150452139294314,0.8150452139294314,0.869710020581158,0.9069779931684112,0.9357474398623488,0.9681327005693667,0.991345757313057,1.0155786619792186,1.030204256077934,1.040987782800286,1.0515756112856396,1.0626916971811395,1.0809546070752947,1.0918343095909526,1.1078939619976362
bb_upper_2_10 <= Open,-0.0004694491,98878,1788,97090,12.3,-187.9226448925474,-41.559964747364575,926691cbd8cade1029587b334e9daae7d676cb1322f1d1f24f6c1916eb787dc4,28,-0.005152382887899876,25.28,0.8677719210812439,0.8677719210812439,0.8964910156100373,1.1185101940850712,1.127478059095715,1.037042841862112,1.0121552917238228,1.0728470879926462,1.1151567653285799,1.1518432791192166,1.1912530577937064,1.2294849278328057,1.1830929076700547,1.2414675551004326,1.2238349042729075
adx_10 >= 15,-0.00048175175,98878,92925,5953,12.41,-12386.094202704964,-1776.1934923757071,4118d96628e9d7109ca1b25b71d8f7665de5864ad974c7631ea4a76d380fc96f,30,-0.010214295238256454,27.33,0.8393150428847778,0.8393150428847778,0.8946592002176077,0.9352418717650931,0.9653852682022996,0.9895679551172053,1.0135066588071957,1.0339637346263677,1.0500455996977782,1.065165543706848,1.0794423123406378,1.0923522939920147,1.1061606909498056,1.1179431713675778,1.130339798534688
plus_di_5 <= 13,-0.0004982206,98878,28211,70667,12.39,-3037.442742808356,-585.2493173736002,14a9c3710fc1b17e882c866201c8dfd17bc6a0c5cee2921d8c0a77ac8ad2afa3,30,-0.003839021548628807,27.17,0.8526110992237944,0.8526110992237944,0.8857513705441156,0.9132560103926206,0.9385703642994088,0.9526041080910495,0.9693590448862899,0.9769785841943317,0.9901159073275989,0.9999400766683693,1.0202824458657165,1.0410859116413802,1.0575067648712544,1.0669684535643913,1.079137561874721
mema_20 <= Low_sft_2,-0.0005027155,98878,30806,68072,12.39,-2613.5723898337455,-472.3891539145261,f2e93f04b3d2a46ee10823902064b64ae41106b8f01252b29032fe26a3290c3e,30,0.005153710953891277,27.79,0.9005278458990377,0.9005278458990377,0.9724455231994069,1.0366423187164588,1.0774466409976036,1.1012946214923882,1.1371940426904197,1.1556086051668268,1.1600913264192327,1.1861077059713625,1.2011172566581096,1.2352655416326022,1.267442709936801,1.2888211292633178,1.3027702069664653
stdev_30 <= stdev_5_sft_3,-0.0005070318,98878,3980,94898,12.34,-586.4128654563538,-77.8372735138837,76cc05d7e847d59489f80a379ae9909f097acc0055c98dd465d85c99099ff3c8,26,0.009147421456873417,28.29,0.8382026983986044,0.8382026983986044,0.9280248817161625,0.9666781591495075,0.9204792592133154,0.9270765154076169,0.9540653091776414,0.9783051225930738,0.9769219508579929,0.9839257894998238,0.9572382834669187,0.9929103118647191,1.0574489028999379,1.0532268874021966,1.0491561529168647
willr_20 <= -19,-0.0005072842,98878,80425,18453,12.41,-11008.940316403783,-1573.8686991802751,c087f74a8ef9fdefe2bfbfe4c42e7c177e68996d73089fae9a8de15f5638210d,30,0.0003148940159007907,27.45,0.8305021477476606,0.8305021477476606,0.8749823125903695,0.9056656593881772,0.9234420192230268,0.9421855445187297,0.9621964932091972,0.9816556319037678,1.0001451649764712,1.022189455206675,1.0389261356212218,1.0521503532156466,1.0638891014433758,1.0707998041029638,1.0778762391700891
sma_100 <= Close_sft_2,-0.00053607544,98878,44754,54124,12.4,-3991.208582111536,-677.3989297218795,50a0e61b02a2d5c963e9603b4bade036c42f4965c5f54e99ff926c2165cc53b8,30,0.004521150141954422,27.67,0.8906338770543317,0.8906338770543317,0.9722933324406722,1.0357723739726155,1.0876155770655742,1.1319886229321785,1.1720039136650529,1.212561289794958,1.2470747809573888,1.2735795820169613,1.2954244023163075,1.3151925469060193,1.3388784752914542,1.3622414779768295,1.3789553609517398
sma_10 >= Low_sft_3,-0.0005392048,98878,77098,21780,12.41,-11022.721831987543,-1550.755167895586,7e47ad2f5aad8309cb5e81c51f9a75f0ebc795f902c6c62c65c20c0b4901b7f7,30,-0.011511312797665596,27.17,0.8308778895835646,0.8308778895835646,0.8793951409521117,0.9139074552540257,0.9438950777191928,0.9655494217512057,0.9890198229771799,1.0045774102479212,1.0226354982756583,1.0390555933900478,1.0518213324654675,1.0637777014597942,1.0749266747587365,1.0919591217662874,1.1045566108455267
sma_100 <= High_sft_2,-0.0005481823,98878,49209,49669,12.4,-4391.934159806133,-777.4538245936055,96dbcbed1df94b1ba010b345e5b1a9039b5cdd6019405ebbb50c28754007bf82,30,-0.0002890349132940173,27.43,0.890424563579232,0.890424563579232,0.960469546643082,1.0162973479124384,1.0623723590959653,1.1022920346983822,1.1401807622347533,1.1746575930158871,1.2063458474717923,1.2311540089306314,1.2545446193977787,1.275517977666084,1.2964762290633571,1.3147904408714002,1.327217423122532
aarod_30 >= aarod_10_sft_3,-0.0005527279,98878,55949,42929,12.4,-7603.355497931472,-1146.9669667605922,010ce60baf3de2cf8c4bcfd243c9185441a26efa8e16690af1f746cc88b42f78,30,-0.0011964284349232912,27.4,0.8356371607272477,0.8356371607272477,0.8835040107295921,0.9309879686813952,0.9567747242654993,0.9833795981624165,1.0080601725206833,1.029367874759966,1.0551835805296625,1.0684188111386683,1.0748231983836263,1.0856758708459708,1.0919775607296063,1.1026997203934634,1.1095321826770972
sma_100 <= High_sft_3,-0.0005834569,98878,49270,49608,12.4,-4565.461853688805,-783.9210726816891,96dbcbed1df94b1ba010b345e5b1a9039b5cdd6019405ebbb50c28754007bf82,30,-0.0005039713578298688,27.42,0.8862968210627757,0.8862968210627757,0.9581124233619674,1.013028921180632,1.0587649540617328,1.1000325877646553,1.1379672907657175,1.1726510633850227,1.2022062660215322,1.2273797899124603,1.2507714761076385,1.271422966102135,1.2929961055836898,1.307014884184227,1.3222645275867193
stdev_10 >= stdev_10_sft_1,-0.0005838608,98878,49109,49769,12.4,-6244.032695982816,-998.5515024421693,a092dbfa6dbefd1d342d1a211503f33f5c7745cd5359e4d4115f2b75459bc7b9,30,-0.0037592039443552494,27.28,0.8477466756385375,0.8477466756385375,0.9052533958923319,0.9412873979551972,0.9806595505219857,0.9996471236360925,1.018135083346195,1.0374100719149986,1.0587418769077908,1.0782537623007786,1.097228601174389,1.1107285738229273,1.1220361084893615,1.1382515466483505,1.161225685353857
aarod_30 >= aarod_14_sft_3,-0.00061239384,98878,57744,41134,12.4,-7415.547474976731,-1130.2988659617622,010ce60baf3de2cf8c4bcfd243c9185441a26efa8e16690af1f746cc88b42f78,30,-0.007945672608911991,27.15,0.8430439279039369,0.8430439279039369,0.8902707746630816,0.9274734260182221,0.956182578027115,0.9877830831298642,1.019258423345207,1.0397426987498177,1.0559048570027503,1.0623271106109087,1.0698450016774101,1.0791824103447107,1.0857083974203579,1.0930062028680567,1.0973492889863792
aaro_5 <= aaro_5_sft_3,-0.0006517257,98878,56139,42739,12.4,-6108.109544179475,-1032.1999526357322,03178e4886fc07979b0c314ad9c68ba2f86b07645c5f6bfdb6bc96b9669a3c24,30,0.0036915610544383526,27.59,0.8670635393571489,0.8670635393571489,0.9259044810645614,0.9677753425465108,0.9826772926862826,1.0075773860872486,1.0264718114494056,1.0399127344268642,1.0564288714722414,1.072412917481353,1.0983909099378886,1.1139445024688688,1.1312979037449542,1.1437758562334106,1.1555770007605595
sma_5 >= Close_sft_2,-0.0006700951,98878,49990,48888,12.4,-7182.414729846955,-998.7916707718032,9d05ebf4a4df1374ab70d34fd4bb0bb7068613b3ea4d9f34537ac27b7aeadf15,30,-0.007149639073759317,27.13,0.8321242319117581,0.8321242319117581,0.8875679214169466,0.9297728760874259,0.9653265139396646,0.9921895260959207,1.0095549047846026,1.0273234467213515,1.048571745699318,1.0590805091233164,1.0776880223707213,1.0932776480265676,1.0978939084995414,1.108652746475696,1.1252981551758028
aarou_5 <= aarou_10_sft_2,-0.00067015114,98878,60915,37963,12.4,-7235.256265102973,-1107.5076898769184,11ecda3140789fc7bb03c4e9ce6db1e36d26d05f5895e9047d4b04d8e05db454,30,-0.002473572501912713,27.36,0.8570401331429582,0.8570401331429582,0.9129787814468633,0.9581804882601339,0.9794244417698879,0.9970316553172436,1.0122509361000847,1.036054681440321,1.0534513282393247,1.0626014577873397,1.077522457237928,1.0895297236622818,1.1054039308404366,1.1238211816152328,1.1331650289995656
mom_5 <= mom_2_sft_3,-0.00072466646,98878,52759,46119,12.4,-4813.133554399076,-968.6160831622183,99b230403b43b61a62d1e1bb62b812e1617b1ac927f76ee434dad8be358b43f3,30,0.0026953627821058035,27.56,0.8809378489543601,0.8809378489543601,0.924499455340642,0.9506172330823005,0.964395936238796,0.9815855747465981,0.9955867507123322,1.0089650116910838,1.01952971637552,1.0365197046297774,1.0515826852679433,1.0645384331087917,1.0887043296684633,1.094077366610353,1.1048306330343174
mom_10 <= mom_15_sft_2,-0.00072857103,98878,49434,49444,12.39,-5512.289113678067,-887.2674662235222,99b230403b43b61a62d1e1bb62b812e1617b1ac927f76ee434dad8be358b43f3,30,-0.006487676873803139,27.16,0.8601588654218435,0.8601588654218435,0.9083004320769938,0.9421587282784039,0.9672192103313012,0.9918736148019647,1.0125171473464714,1.0349940344662194,1.0493119481392774,1.0674963642351247,1.0804057899351254,1.0902958681808668,1.1016672064494757,1.1050301141411558,1.109782799809784
adx_14 <= 8,-0.0007327397,98878,169,98709,11.83,23.833153484389186,-1.439250961178916,3c92cb65188a6807549ad02f373e5063a01a53cbce3d2b8fe4af860199995f57,22,0.0,0.0,1.1789782074727815,1.1789782074727815,1.5289920314218954,1.1499830904258788,1.238591737675195,1.4013566427491873,1.9806606797623683,1.6743615179090459,1.9609749343704128,2.0992781295523484,2.450965109538734,2.0782173556408017,1.6855306498883764,1.323509267018195,1.1891981602815647
willr_20 <= willr_14_sft_2,-0.00074700057,98878,52150,46728,12.4,-5423.436925081911,-934.3421894906496,1427ae29e5c4ed561613e902f1f63301f41038d7cf9fdf54aa945c6a3e2bca60,30,0.0009746039286255836,27.49,0.8676121224846784,0.8676121224846784,0.9197078357949396,0.9579445741446301,0.9813157208491896,0.9964947997355766,1.0105555490582232,1.028709087587605,1.0413594401126456,1.0673814797149934,1.0758515658749912,1.0937670376608384,1.1179630910675822,1.1279901510402903,1.1360343579082288
mom_2 >= mom_10_sft_1,-0.00075348665,98878,51088,47790,12.39,-7655.784964864591,-1017.5700160850829,eaab1708ca388033e741f56742381a7a1263cfafa2fbe8f413d450736cce3e74,30,-0.0004112326423637569,27.43,0.8151754009314687,0.8151754009314687,0.8567208644242988,0.8890753100879942,0.9197599981215802,0.9498240126203639,0.9704797465447836,0.9895810003839486,1.0128733597757305,1.0243590264510611,1.043229006191604,1.0545937896907016,1.0650068915220656,1.07054715586565,1.091645779722816
aarod_20 >= aarod_10_sft_3,-0.0007927049,98878,59506,39372,12.4,-7681.095453234838,-1222.103501373007,010ce60baf3de2cf8c4bcfd243c9185441a26efa8e16690af1f746cc88b42f78,30,-0.00612896541133523,27.22,0.843589161352184,0.843589161352184,0.8870855176543595,0.9303798445948563,0.958459940860373,0.9773654337281666,0.9977750748360152,1.0181668458810784,1.0442662435613632,1.0553730670308936,1.0652431146106833,1.0794735290128898,1.0835330874201106,1.0953992163029624,1.1054514878031467
day_of_month <= 4,-0.0008131358,98878,12706,86172,12.35,-1064.4617128399818,-215.53590547380736,49cbc20e8e123e9500d17c94d10e8476c9be751f3936e646ba3355acc5fd09d7,30,0.010012871585786343,28.61,0.8921103594537197,0.8921103594537197,0.9687301052338478,1.0245053871304128,1.0701091524145991,1.109448333786844,1.1427809950622099,1.1699698952509936,1.1890285791926625,1.2068720646828035,1.2230458443601124,1.2397363127132925,1.2557015474336595,1.2727208631534062,1.2896878614705216
aaro_20 <= aaro_30_sft_2,-0.00082066294,98878,50662,48216,12.39,-5978.009375819045,-924.7666649130188,03178e4886fc07979b0c314ad9c68ba2f86b07645c5f6bfdb6bc96b9669a3c24,30,0.0020334944128990173,27.53,0.8526634329313678,0.8526634329313678,0.9050569041239003,0.9398586823892429,0.9585448654130715,0.9829181459088129,1.0015636798823229,1.022624059325996,1.043980025902864,1.0622496324547004,1.0808390516728432,1.1039585503302713,1.1230576317972931,1.1417841804056381,1.1503416503352974
willr_20 <= willr_10_sft_3,-0.0008522022,98878,51729,47149,12.39,-5163.148478105916,-936.5022965274766,1427ae29e5c4ed561613e902f1f63301f41038d7cf9fdf54aa945c6a3e2bca60,30,0.003403750481083989,27.59,0.8721396065192446,0.8721396065192446,0.9267067652532934,0.9641389368355211,0.9856205520236995,0.9985695526888414,1.0104624466173502,1.025584503158613,1.0431015917009654,1.0623574236847,1.0757231381959886,1.0959544411533544,1.1177619490844186,1.1315740065891193,1.142826126780433
bb_lower_2_30 >= Close_sft_3,-0.00085254887,98878,1501,97377,12.19,-265.8497556920629,-42.79406831866072,0e70b8a8d55e4ec73841ad3e8c9b127c0a23132eee3ba0a11c3e072e280aafa3,28,0.00042165242484770715,27.12,0.8017296648254166,0.8017296648254166,0.99782318768155,0.968836617309114,0.9555661951850247,0.9916585748590256,1.0322219258192384,0.9953266804094257,0.9961531279566603,1.0092166668166385,1.0217967467016407,1.0547812177244986,1.125567243922897,1.1669468341275686,1.1478905320490371
plus_di_5 >= 13,-0.0008707081,98878,70620,28258,12.4,-8744.59016119771,-1306.4504822439922,4f583626fd6f59b1b2e0825c720b1d1aad3858951a5b50964ea86a5c13485b5d,30,0.0027283949311822653,27.52,0.8577350469336751,0.8577350469336751,0.923846837665728,0.9635760857906903,0.99355582499219,1.0224249143012465,1.0467094855311856,1.0673618965817655,1.0823893434385379,1.0994783075388028,1.1113515578686894,1.1216384580375809,1.1340039728034879,1.1471994886817778,1.1598300205495817
minus_di_10 <= 21,-0.0009089245,98878,47380,51498,12.39,-6089.946127514324,-844.7551524029623,cee77ee220a5e77fe95d20a730179fabcb0f2e40106664424787bbccffac6b44,30,-0.029734082520008087,26.06,0.8574035228308301,0.8574035228308301,0.91381292926911,0.9560297686577516,0.9837237880984057,1.0055615744354294,1.0247893783150568,1.0344401530597709,1.0432823155281554,1.0427453801443105,1.0437698950302288,1.046726506711442,1.0568430221116727,1.068111379012038,1.0744486041653931
mom_15 <= mom_15_sft_1,-0.00091215625,98878,50827,48051,12.39,-5460.735620557498,-937.0842232965442,99b230403b43b61a62d1e1bb62b812e1617b1ac927f76ee434dad8be358b43f3,30,-0.0033753691241145134,27.3,0.8631294474778162,0.8631294474778162,0.9108196253282529,0.9467677141628814,0.9762268418353741,0.9845295110827846,1.0002670649454244,1.0194658026625047,1.0419663241955204,1.0658400575333717,1.0808770829042404,1.092540443877631,1.1019827295010807,1.1096013076133497,1.1215520418763079
aarod_20 >= aarod_30_sft_3,-0.00091418414,98878,40518,58360,12.38,-4985.143813416118,-781.6598079597607,010ce60baf3de2cf8c4bcfd243c9185441a26efa8e16690af1f746cc88b42f78,30,0.0008692309493198991,27.49,0.848146807071627,0.848146807071627,0.9095751755332027,0.9560587203777892,0.9782709829010672,0.9952027235071715,1.0100180898789977,1.0327833068580434,1.055470725613771,1.078163476705427,1.1022646712051998,1.12255607984712,1.138778936881182,1.166040161532729,1.1750614691283883
bb_lower_2_10 <= bb_lower_2_20_sft_2,-0.0009376473,98878,32334,66544,12.37,-4777.997952487159,-711.96940268443,1b1f7d2955b86143cbe65db86c488966f4bce7b7721643a6a4f3f03e8b4d5ec5,30,0.005070560146123171,27.77,0.8171668938378389,0.8171668938378389,0.8616170560086069,0.8969150804430426,0.9252394636139755,0.9324181989645516,0.9557654173193832,0.9806716758818191,1.001448407440063,1.014674910675355,1.0276546163145202,1.0302065384749564,1.0337387876944073,1.0467502069196217,1.0627665234527142
aarou_20 >= aarou_20_sft_3,-0.0009526148,98878,33029,65849,12.37,-4297.07569597369,-638.1031020623268,0f031b3780e6467809600593d6806420193325d9573f332c17b627db66a26893,30,-0.002344326814636588,27.3,0.847225969501062,0.847225969501062,0.9108210234344137,0.9599144839526081,0.9991823676631133,1.025981270450437,1.0524541379125179,1.0709950926599205,1.0931974146703944,1.1122987888276172,1.1276169079013796,1.1455981243427613,1.1563842611018216,1.1657451591529315,1.1883373486524502
stdev_5 >= stdev_14,-0.000960365,98878,14350,84528,12.34,-2458.622632032304,-290.9772239471058,a092dbfa6dbefd1d342d1a211503f33f5c7745cd5359e4d4115f2b75459bc7b9,30,-0.004783859476447105,26.93,0.8108633416206908,0.8108633416206908,0.8607745349591988,0.9161601365891651,0.9451223248156486,0.9535315158709227,0.9450825656269654,0.9665296983930959,1.0006169813866403,1.0324265453851658,1.0422343302908001,1.0320220656647814,1.04313592070976,1.064175374943283,1.08101401308501
aaro_10 <= aaro_20_sft_1,-0.0009628078,98878,51977,46901,12.39,-7993.144024253601,-1043.786365568485,03178e4886fc07979b0c314ad9c68ba2f86b07645c5f6bfdb6bc96b9669a3c24,30,-0.011394691653549671,26.96,0.8150237085463663,0.8150237085463663,0.8702794623348875,0.9080102205432632,0.9280155014914353,0.9513646278884133,0.9764213027539417,1.0017055210802743,1.019154061259394,1.0287879647205527,1.0351984333691278,1.050673532443227,1.0666402744836232,1.081077598911907,1.0963612210850977
rsi_20 >= rsi_14_sft_3,-0.0009656243,98878,50214,48664,12.39,-8968.61248002926,-1083.6001528097986,9c5304fe9d592b70a0c6b3286ed47e7bf2dda0b94ec7966217da111653dec0de,30,-0.0008250323589891195,27.41,0.7946462874981792,0.7946462874981792,0.8581029710697512,0.8973970738277582,0.9319931551705694,0.9644392053204672,0.9977568112294734,1.0237262039858694,1.050887890998817,1.0677116353498808,1.09139496776628,1.1057826850909713,1.1158058624201028,1.1395138630970494,1.156383775699823
aarod_14 >= aarod_14_sft_1,-0.0009935556,98878,28939,69939,12.37,-3628.086758061913,-571.7955626532712,010ce60baf3de2cf8c4bcfd243c9185441a26efa8e16690af1f746cc88b42f78,30,-0.007286939769983292,26.94,0.8457365038672158,0.8457365038672158,0.9186217502421554,0.9365257325145031,0.9713104532934083,0.9906805754047021,1.0148612577522795,1.0483356666174863,1.0649227372573244,1.0806894392032507,1.0946013449517145,1.105729785011767,1.130050769752736,1.13855813030249,1.153080901355308
mema_50 <= High_sft_2,-0.0009958503,98878,54775,44103,12.39,-5440.065644602011,-893.3600022884566,272a901e1625028460b95370368ae350ea9835e10fc1933b41122586149e5de3,30,-0.01189834251999855,26.97,0.8810641426741369,0.8810641426741369,0.9496103325755281,0.9992921629047898,1.0373173680378773,1.072859041463591,1.1026140161242088,1.1304076734876223,1.150486510199698,1.1639916940382284,1.1748021370962936,1.1903073968975013,1.2085906289295398,1.2193060470387087,1.2346586459943272
minus_di_5 >= 12,-0.0010021278,98878,73820,25058,12.4,-9492.22320299768,-1465.4024907172497,a06e18f5f366aa3040f30d3f53c74e6c3d30e6b8f15e9282eabbaa7fe9dd85a0,30,0.0204849261790514,27.98,0.8376633520132646,0.8376633520132646,0.89879465051021,0.9291163787825647,0.95301069046429,0.9781549073792617,1.0009038331590534,1.0229409933896094,1.0419495753007955,1.0644859810169767,1.0807430304900951,1.0966833856142388,1.1113972565645138,1.126769557041075,1.14168749815161
stdev_14 >= stdev_20,-0.0010092476,98878,28957,69921,12.37,-3632.8159795476386,-584.6349173906929,a092dbfa6dbefd1d342d1a211503f33f5c7745cd5359e4d4115f2b75459bc7b9,30,0.001781499246135354,27.57,0.8506164256524066,0.8506164256524066,0.8939632182734375,0.9323101683627905,0.9602485539067327,0.9861513938430341,1.0133675182110065,1.041895602909689,1.0633801929240958,1.0687741839157403,1.075379865810858,1.080448157022263,1.0942690333576437,1.1095387381497364,1.1144019375715963
aaro_30 >= aaro_5_sft_3,-0.0010151132,98878,50607,48271,12.39,-7132.262353082026,-943.0350666679296,fa1fba1a54e25d7a96ab29b0d7c633f260580ef2319f10dc44e85c501c26793f,30,-0.0058061787858605385,27.19,0.830386840283248,0.830386840283248,0.8819969615182928,0.910778185404622,0.9434632469955919,0.9700017601602979,0.9884333528890725,1.0080388173752906,1.0252024704137686,1.0464788272526533,1.0504099393284465,1.067559674558029,1.0914142736504167,1.1103757080199184,1.1242624243410424
willr_20 <= -18,-0.0010236431,98878,81241,17637,12.4,-11169.1154583286,-1587.5008669124072,c087f74a8ef9fdefe2bfbfe4c42e7c177e68996d73089fae9a8de15f5638210d,30,-0.00015021831495687366,27.44,0.8300306266810815,0.8300306266810815,0.8739851949956774,0.9044639394643229,0.9223587913062592,0.9416867907417907,0.9619120683194726,0.9822347921145993,0.9998826083745713,1.0215284960238689,1.0390064157999486,1.0522939017204789,1.0644127074129088,1.0719707816584723,1.0792195016865402
aaro_5 <= aaro_10_sft_2,-0.0010271885,98878,53016,45862,12.39,-6590.867655513101,-1059.3139115657614,03178e4886fc07979b0c314ad9c68ba2f86b07645c5f6bfdb6bc96b9669a3c24,30,0.000854170648381114,27.48,0.8501549326344083,0.8501549326344083,0.9075778059775611,0.9503477490540267,0.9631385025800531,0.9817307174308733,0.9942560982322698,1.009978515692991,1.0337874992784157,1.0509230812434753,1.0698718187502332,1.0888776185875098,1.0994706361048858,1.1170473279708266,1.1308573187846347
aarou_10 >= aarou_10_sft_3,-0.001053372,98878,44435,54443,12.38,-6110.51159595526,-849.2311874969237,0f031b3780e6467809600593d6806420193325d9573f332c17b627db66a26893,30,0.000448546459665522,27.47,0.8365856131817462,0.8365856131817462,0.8956483155095958,0.9382746297430422,0.9786561810350365,1.0059636065349657,1.0349886588278205,1.0467494471829617,1.0672073246382712,1.0895801206296867,1.098475432445696,1.112545612456281,1.1217882124849383,1.1354422991148092,1.1633076812472405
aaro_30 >= aaro_20_sft_1,-0.0010603096,98878,51555,47323,12.38,-6705.5941649515635,-965.8935125416465,fa1fba1a54e25d7a96ab29b0d7c633f260580ef2319f10dc44e85c501c26793f,30,0.0002162035380024463,27.45,0.8396246668682879,0.8396246668682879,0.8891311775002161,0.9244036023449648,0.9523043702928817,0.9788009234230468,0.9979245204337532,1.0175081591085442,1.0375806750672394,1.0577976652290106,1.0808309403387084,1.1029740821229423,1.1248229249975985,1.140420226125442,1.1502524368720193
sma_10 >= sma_20,-0.0010676135,98878,48182,50696,12.38,-5610.413492966123,-835.8580151981369,724f0edc848b1caa180dcda4bf9f5a94c2dcd0eddd874575510f7c410089d747,30,-0.00709687452763319,27.12,0.864806040237539,0.864806040237539,0.9310201796788921,0.9791129546564272,1.0205533922904475,1.0541490070702677,1.0782826158827463,1.1009756780103055,1.1184202779082288,1.1270840845178716,1.133172646710668,1.1387748226894097,1.1554947693145676,1.1727756373399572,1.185556309499765
aarou_14 <= aarou_20_sft_3,-0.0010893047,98878,63310,35568,12.39,-7871.634203602608,-1139.1067345466654,11ecda3140789fc7bb03c4e9ce6db1e36d26d05f5895e9047d4b04d8e05db454,30,-0.0022377935238182545,27.37,0.848476675639445,0.848476675639445,0.90668609720965,0.9414051089342265,0.9655436593272543,0.9917599066994185,1.016848005080584,1.0340532852394497,1.0425628550509831,1.056723043837887,1.0656540639524679,1.0733087570763964,1.0917379800015445,1.106035105067197,1.1171481862417725
willr_20 <= -20,-0.0010948129,98878,79786,19092,12.4,-11079.201846220098,-1567.12617469026,c087f74a8ef9fdefe2bfbfe4c42e7c177e68996d73089fae9a8de15f5638210d,30,-0.00024191895499825478,27.44,0.827756117851794,0.827756117851794,0.8710326990250491,0.9021741252425506,0.9188991462172617,0.9382010672151669,0.9595909880865386,0.9793946648195603,0.997978390902385,1.02035900575688,1.0362413802100343,1.0507350659393915,1.0629754609210642,1.0688815003251166,1.07534538263231
mema_50 <= High_sft_3,-0.0010982112,98878,55054,43824,12.39,-5235.914270432677,-887.7865673111082,272a901e1625028460b95370368ae350ea9835e10fc1933b41122586149e5de3,30,-0.01161256805062294,26.98,0.8856617159401647,0.8856617159401647,0.9496859888628278,0.998067407425377,1.035085595353696,1.068243684451711,1.099093676776055,1.1253776429547677,1.140265860412534,1.1547091310564832,1.1667480231588245,1.1827644352199964,1.2013453523096527,1.2104133558307946,1.229013349035241
aarod_5 >= aarod_5_sft_3,-0.0010995904,98878,55996,42882,12.39,-6334.288401685769,-1134.6131985048123,010ce60baf3de2cf8c4bcfd243c9185441a26efa8e16690af1f746cc88b42f78,30,-0.0058108787052333355,27.22,0.8616992350859889,0.8616992350859889,0.9065769435178653,0.9407770427668664,0.9687303973795858,0.9982289553452319,1.0142753299590954,1.0212708567275195,1.0383991463687396,1.0572484839198781,1.077438233698409,1.0976743266279583,1.1060677901073261,1.1158806291811099,1.1327521558979137
willr_5 <= willr_5_sft_1,-0.0011091282,98878,53228,45650,12.38,-3363.7400491892877,-876.9810323026177,1427ae29e5c4ed561613e902f1f63301f41038d7cf9fdf54aa945c6a3e2bca60,30,-0.004018266685307026,27.28,0.9193055864421422,0.9193055864421422,0.9673043241915207,0.9938075459740812,1.0231914991990403,1.0473910366334507,1.0659515045277033,1.0827683776410475,1.0948752082478408,1.1164363720627886,1.1279974943683349,1.1409218570626716,1.15548535802518,1.1657028983932003,1.1689605290129637
mom_2 >= mom_5,-0.0011369782,98878,52813,46065,12.38,-6487.796198974768,-1046.7780132072512,eaab1708ca388033e741f56742381a7a1263cfafa2fbe8f413d450736cce3e74,30,-0.0006584010552614927,27.42,0.8448431050226115,0.8448431050226115,0.8967592279882896,0.9157963299455529,0.938248888553733,0.9553370481102587,0.9737499082229562,0.9875234753728918,1.0041685123265112,1.0211127884200275,1.0359025085232245,1.060576158184389,1.068321158264697,1.0784305765448852,1.0956915769591986
minus_di_10 >= 22,-0.0011431285,98878,47451,51427,12.38,-5901.568779443878,-986.1536166741644,a06e18f5f366aa3040f30d3f53c74e6c3d30e6b8f15e9282eabbaa7fe9dd85a0,30,0.028130827471613884,28.75,0.8367729393334344,0.8367729393334344,0.8875964996926659,0.9235077061846162,0.9597033041115165,0.9878978823124551,1.0087435276431092,1.0362216837620322,1.062306218519245,1.097300969509677,1.1260301653420686,1.1531345125985866,1.1753475528522968,1.1882127067554973,1.2084221515301443
rsi_30 <= 24,-0.0011445844,98878,207,98671,11.59,-74.20983474014793,-10.162258092452248,64f5e1bb8a7d01ed3bc711ef82f8836c32f34a4dc5e2cbccb6c4442736ec4dbc,22,0.0,0.0,0.6775556010473501,0.6775556010473501,0.6740049091718292,0.7562457573625487,0.7835961936987773,0.7745331040253735,0.7895356908653044,0.7581962522912681,0.7851853520895377,0.8335145878369277,0.8636977592969384,0.8049205006133767,0.773072681092485,0.7928316538191257,0.795847497391158
rsi_20 <= 19,-0.0011528335,98878,157,98721,11.46,-69.35170864185784,-9.591558104119029,64f5e1bb8a7d01ed3bc711ef82f8836c32f34a4dc5e2cbccb6c4442736ec4dbc,22,0.0,0.0,0.6630901634902626,0.6630901634902626,0.6432479597700923,0.6986414072552487,0.7004175326387527,0.6862164659147043,0.7010105897067184,0.6626441780609235,0.6544958376980553,0.7172919962807636,0.7732465257934052,0.7714004284910215,0.7372591748605877,0.7366683653663755,0.7303781726052473
aaro_20 >= aaro_10_sft_3,-0.0011759482,98878,52802,46076,12.38,-7975.82285211633,-982.9118652186953,fa1fba1a54e25d7a96ab29b0d7c633f260580ef2319f10dc44e85c501c26793f,30,-0.0033380892127752304,27.31,0.8188084357452068,0.8188084357452068,0.8774443169512465,0.916041265489965,0.9551389539929264,0.9829103426094986,1.0114634080367082,1.029911918965118,1.0439950577862356,1.064045851085011,1.0825374936315149,1.0964388052544185,1.1100652699384634,1.1192426700875686,1.1384746119588853
plus_di_10 <= plus_di_10_sft_2,-0.0011860614,98878,61182,37696,12.39,-7188.369577726622,-1170.7326843064002,bd972efc927c87708f479b3c989a305bfeb89b6aa0381d01606955fa59f6baca,30,-0.0062696137465536594,27.23,0.8543685146492365,0.8543685146492365,0.900782333929467,0.9337192390655243,0.9517418191652793,0.97408699621384,0.9958619215431178,1.0184733128603478,1.0321142367318041,1.0484056692406714,1.0626262832926723,1.0783658575976227,1.0977311015583127,1.1054791788819305,1.1110728102267768
aaro_10 <= aaro_20_sft_3,-0.0011897647,98878,51419,47459,12.38,-7462.490129996627,-1009.7426906697365,03178e4886fc07979b0c314ad9c68ba2f86b07645c5f6bfdb6bc96b9669a3c24,30,-0.007889254949986935,27.11,0.8232203434565719,0.8232203434565719,0.8797499419195224,0.914446861945832,0.9263075643105025,0.9464644830334649,0.975248187995739,1.0005783545217617,1.0213849170161333,1.035415642674543,1.043810241886449,1.0600872941858386,1.0758657616029526,1.0907000068610349,1.1044332974848192
mom_5 <= mom_15_sft_3,-0.0011900817,98878,48794,50084,12.38,-5504.613863373852,-835.1675235085349,99b230403b43b61a62d1e1bb62b812e1617b1ac927f76ee434dad8be358b43f3,30,-0.00922410935163498,27.03,0.8615911064477263,0.8615911064477263,0.9154071359701571,0.9541982700458055,0.9751251879937226,0.9950696545074573,1.0096360010639533,1.0235461576694196,1.038865493665579,1.0539398588438065,1.07416349009997,1.0923306539727218,1.1033072316669605,1.1099366891655154,1.11861090742889
mom_2 <= mom_20_sft_2,-0.0012064702,98878,48925,49953,12.38,-4484.161980652054,-746.8531082303307,99b230403b43b61a62d1e1bb62b812e1617b1ac927f76ee434dad8be358b43f3,30,-0.007907118648290634,27.09,0.8882099492276898,0.8882099492276898,0.9442676972896281,0.9887913791564549,1.0257188256189687,1.0554610828790743,1.0793589266906538,1.0979390153770316,1.1100724909967479,1.121519066393341,1.1280985638297092,1.1356719652130338,1.1576691375948391,1.1674786012276448,1.1775256920727453
aarou_30 <= 10,-0.0012143559,98878,21713,77165,12.34,-4010.360755809219,-475.6276264813132,da60be741621a42d93721696dcc6252cb06464cd161c4da151f0e18e03138794,30,0.012257007881999016,28.48,0.7730828914238344,0.7730828914238344,0.818004286377131,0.8450231884684378,0.8778344340413775,0.911758458728055,0.9411841096787453,0.9853629233997242,1.0238700842554582,1.0546803535585447,1.0774338202291254,1.0942145222282385,1.103610402818023,1.1100450509634778,1.1155232621180182
sma_20 <= Low_sft_2,-0.0012190461,98878,33844,65034,12.36,-3284.8861254266667,-546.6358815970161,984863a5cb13aec2699710705080435de7dea983a917ddee35d0db64a2bad484,30,0.0005511146737262607,27.48,0.8865310229823496,0.8865310229823496,0.9550183468357609,1.012914039155843,1.0479600144485535,1.0706008580282085,1.0986189469654437,1.1198895938590823,1.131045791099078,1.1490281567139715,1.1648079125924375,1.1888711147666569,1.2095986671326628,1.2279578340063062,1.2376379945955742
minus_di_5 <= 14,-0.0012194054,98878,30603,68275,12.36,-2790.502617510921,-527.9105861405405,cee77ee220a5e77fe95d20a730179fabcb0f2e40106664424787bbccffac6b44,30,-0.02191304787993431,25.98,0.9012432982284104,0.9012432982284104,0.9455459490145686,0.9860088340879118,1.024487233186427,1.0514255928546234,1.0746829054987852,1.0829139809566624,1.086113651301119,1.0811135778737089,1.0903816824012207,1.0931580217257837,1.102019434024662,1.106356491060429,1.1115548245553457
bb_lower_2_10 <= Low_sft_1,-0.0012206763,98878,89983,8895,12.41,-10729.690224228685,-1701.8836861748932,b7ad82b511400bed7e0b17748ce288ee8f3f2ede56b33dfde9aebcf2610f7a03,30,0.0033447747118771076,27.49,0.8561520652530744,0.8561520652530744,0.9100744037422355,0.9454029227906062,0.9764662617851104,1.0047356212955327,1.0255596062785328,1.044841585821584,1.061712887416143,1.076485578997321,1.0920867716135096,1.1046590862976997,1.1192664524930735,1.1327444765769255,1.1459451880897007
mom_10 <= mom_10_sft_3,-0.0012220915,98878,49837,49041,12.38,-5488.3091888595845,-971.5626826186199,99b230403b43b61a62d1e1bb62b812e1617b1ac927f76ee434dad8be358b43f3,30,-0.002843549707904458,27.32,0.8594429879681311,0.8594429879681311,0.9058553839104884,0.9427178747593671,0.9611788899672602,0.982792006107011,1.0032990331718052,1.0196169457123196,1.0372911744444788,1.0497124479883841,1.062686579126419,1.0744672685261605,1.091811543400201,1.0947245308057438,1.1020051414142606
aarod_20 >= aarod_5_sft_1,-0.0012240945,98878,58137,40741,12.38,-7619.371450732342,-1147.780361467485,010ce60baf3de2cf8c4bcfd243c9185441a26efa8e16690af1f746cc88b42f78,30,0.00577141996473074,27.66,0.8423767346779899,0.8423767346779899,0.9031946765382771,0.9314687716991431,0.9578804501869392,0.9810491982468569,1.006053047436431,1.0296449445273759,1.0463322077902621,1.061061975881774,1.0769777679441352,1.0948522682183437,1.1176613563010254,1.1251024900725066,1.134447315487496
sma_100 <= Close_sft_3,-0.0012392439,98878,44709,54169,12.37,-3641.215084993779,-664.9032792630387,50a0e61b02a2d5c963e9603b4bade036c42f4965c5f54e99ff926c2165cc53b8,30,0.005311630666255951,27.71,0.8994686059029876,0.8994686059029876,0.9769685975479466,1.0419730751538347,1.092866038687818,1.1346635992069545,1.1767239076050817,1.2158140285774166,1.2450064178348266,1.271493380470355,1.2948420524063833,1.31767955500444,1.343260603203348,1.363102497662618,1.3812263763804886
aarou_10 >= aarou_10_sft_1,-0.0012887178,98878,35207,63671,12.36,-5426.614105764719,-709.2462852120589,0f031b3780e6467809600593d6806420193325d9573f332c17b627db66a26893,30,-0.0017766947858035564,27.34,0.8209281071483276,0.8209281071483276,0.8877182090934621,0.9264159432747554,0.9895659300327136,1.0261632687384432,1.0540430146946151,1.0793793067962534,1.092264090321226,1.104419819164049,1.1208995054191624,1.1251815786001282,1.1368227831219975,1.1430353145560586,1.1605438119776623
aarou_20 >= aarou_14_sft_3,-0.001317908,98878,55630,43248,12.38,-8242.48051648423,-1080.675501469319,0f031b3780e6467809600593d6806420193325d9573f332c17b627db66a26893,30,0.0012054371181875467,27.49,0.8224644913511266,0.8224644913511266,0.8804164089579624,0.9204182206717528,0.9595229146187945,0.9854936429995557,1.0083704644252045,1.0333636302220872,1.0537655584266605,1.0700993914608647,1.0844972027354962,1.0995231421764935,1.1138176265123592,1.1279838170992373,1.1517789494663042
aaro_10 >= aaro_10_sft_1,-0.0013338842,98878,71326,27552,12.39,-10142.94805696515,-1388.1540591734956,fa1fba1a54e25d7a96ab29b0d7c633f260580ef2319f10dc44e85c501c26793f,30,0.0004866834497079253,27.46,0.8303613949287595,0.8303613949287595,0.8883072377489021,0.9273379836247243,0.9559525810080856,0.9842346844766748,1.0103732915279897,1.0302739149905058,1.0420988854405968,1.0537244274777888,1.0715843959113693,1.0870048689601208,1.0985677599108288,1.1136266579062029,1.1240748640634326
minus_di_5 <= 13,-0.0013439542,98878,27771,71107,12.35,-2453.7429970635108,-465.72755420460453,cee77ee220a5e77fe95d20a730179fabcb0f2e40106664424787bbccffac6b44,30,-0.022175395861268044,25.86,0.9051224384208749,0.9051224384208749,0.9532394288967247,0.998412125759527,1.0404425017244143,1.0661482771099449,1.089375766752485,1.0966351189422314,1.095319540552272,1.0919952622338625,1.100621721308572,1.1035056895315638,1.1123956567477769,1.1177185385076407,1.124766495589658
willr_20 <= -15,-0.0013566621,98878,83891,14987,12.4,-11638.074275508992,-1648.2916585870698,c087f74a8ef9fdefe2bfbfe4c42e7c177e68996d73089fae9a8de15f5638210d,30,-0.0037811424117535353,27.37,0.8293821034676184,0.8293821034676184,0.8747804418759593,0.9045516691109515,0.9234123097516934,0.943851701624124,0.9650758244180848,0.9849194093803455,1.0022551788124514,1.0220493489459832,1.0389274706407443,1.0543212029987685,1.0675488702608018,1.0758820737500456,1.0824993696541272
mom_15 <= mom_10_sft_2,-0.0013612565,98878,50741,48137,12.37,-5453.702051942532,-938.148342394139,99b230403b43b61a62d1e1bb62b812e1617b1ac927f76ee434dad8be358b43f3,30,0.0046325926668941975,27.65,0.8615442994532841,0.8615442994532841,0.9048337672486344,0.9336246082194566,0.9500935984307399,0.9691051172850057,0.9869838797762057,0.9985208346053439,1.0080813585102437,1.0320005346613996,1.0455305623478988,1.0630097401885987,1.0873335116778102,1.0959711206941507,1.108591439922622
mom_2 <= mom_15_sft_2,-0.0013624424,98878,48873,50005,12.37,-4684.008337905347,-802.9584030414553,99b230403b43b61a62d1e1bb62b812e1617b1ac927f76ee434dad8be358b43f3,30,-0.007849547080695629,27.09,0.883478379378255,0.883478379378255,0.9406027916552473,0.9824573437704854,1.0148424849867994,1.0401351017826546,1.0620163943185656,1.0824325035858144,1.091593152676241,1.1023904283921653,1.1142457258235545,1.1307257393309396,1.154139631749498,1.1687278394319038,1.1731145676387924
mom_10 <= mom_10_sft_1,-0.00136834,98878,50597,48281,12.37,-5284.7756072777665,-959.5314246507915,99b230403b43b61a62d1e1bb62b812e1617b1ac927f76ee434dad8be358b43f3,30,-0.0032333359122276306,27.3,0.8680845409711192,0.8680845409711192,0.9199711535694317,0.9514489081236703,0.9745027940760558,0.99332682715901,1.0079545228980975,1.0202582363357557,1.0359137335658324,1.0559438530349377,1.0688427883716445,1.0834946324663817,1.1001659683533391,1.1096027073682662,1.1191829015379418
aaro_30 <= -100,-0.0013710139,98878,1428,97450,12.04,-139.77932497882284,-17.858545621027588,87b58f9896252e251c68e9159d326bea7ed912172d4942a46db4a6bfa531cebe,28,0.006484455894678831,29.34,0.8673813889411833,0.8673813889411833,0.9889719327182619,0.9859130690590725,1.049420763819737,1.0033292723957798,1.00433613126888,0.9910656675383445,1.0569037733921653,1.041831753093904,1.0278170673945524,1.0985258343662903,1.1974678089535227,1.2042098449989098,1.141525421565845
bb_lower_2_10 <= bb_lower_2_30_sft_2,-0.0013947715,98878,25526,73352,12.34,-3833.1040251618674,-622.3395055833826,1b1f7d2955b86143cbe65db86c488966f4bce7b7721643a6a4f3f03e8b4d5ec5,30,0.006287521682679653,27.92,0.8176578058943307,0.8176578058943307,0.8625336142584105,0.9002970073954678,0.9295450688965832,0.9316911510955352,0.942657131848558,0.9586210035335406,0.9692803528583243,0.9805842626581266,0.9919376554485144,0.9922774719166627,1.0024940778511051,1.019071318884565,1.0353006027925464
bb_lower_2_20 >= Low_sft_2,-0.0014158719,98878,6121,92757,12.24,-1315.1778187697055,-162.47086796460644,4e26baca5a6303a13016cf43f2fb7e5c7be993260b396d0848e5bc87608a1ef6,30,-0.004505329765379429,26.66,0.7438733389035231,0.7438733389035231,0.8178308056567432,0.8429572133859623,0.8473167094268094,0.8534443274338285,0.8771906254366075,0.8610286635318424,0.8876735840973876,0.9191857118017092,0.9240888743089978,0.9333258269874192,0.9241014913222592,0.9284960580302001,0.9378472663671455
aaro_10 <= aaro_20_sft_2,-0.0014266862,98878,51595,47283,12.37,-7652.14758011566,-1005.7931346757541,03178e4886fc07979b0c314ad9c68ba2f86b07645c5f6bfdb6bc96b9669a3c24,30,-0.009038486517965794,27.06,0.8199671858271173,0.8199671858271173,0.8757803514208498,0.9163355102757192,0.9245745493635107,0.9472575286933254,0.9747321992895367,0.9993302111428675,1.018590629053344,1.0290094401239156,1.037459961098098,1.05379602263263,1.0675509484378591,1.084473722208602,1.097378986834468
bb_lower_2_10 <= bb_lower_2_10_sft_1,-0.0014531678,98878,50278,48600,12.37,-7128.249437677845,-1021.3495843838828,1b1f7d2955b86143cbe65db86c488966f4bce7b7721643a6a4f3f03e8b4d5ec5,30,-0.0018933045212179422,27.36,0.826712234268509,0.826712234268509,0.8749349303202001,0.9091913252646295,0.9419927401176843,0.9613951310485662,0.9735362630937842,0.98794347871092,1.0082213142273375,1.0307654603748873,1.047039840114386,1.0593554899775335,1.068116465991607,1.0826920073476678,1.102694789385667
aaro_10 <= aaro_20,-0.0014639664,98878,52566,46312,12.37,-7962.421147720259,-1036.377392352275,03178e4886fc07979b0c314ad9c68ba2f86b07645c5f6bfdb6bc96b9669a3c24,30,-0.010069482028484344,27.02,0.8181844533267544,0.8181844533267544,0.8703389557321201,0.9092350754161029,0.9350685359015679,0.9577356163847934,0.9864596795707294,1.0101485371615717,1.0240729802968676,1.034779539113584,1.0415896642272071,1.0543258212076128,1.0695850841851293,1.0830096383375514,1.1013181075426437
adx_5 >= 19,-0.0014644598,98878,95860,3018,12.41,-11950.381658311573,-1838.4922211005833,4118d96628e9d7109ca1b25b71d8f7665de5864ad974c7631ea4a76d380fc96f,30,-0.006813148967921734,27.39,0.8499203329334779,0.8499203329334779,0.9036389492589056,0.9438798220875751,0.9759042224287648,1.0001950618736017,1.0210107336946206,1.0380242936242423,1.0549716262043374,1.0711920324383564,1.0862939491454926,1.0989292179915067,1.112835983092597,1.1249475963610467,1.1372611728547184
sma_100 <= High_sft_1,-0.0014781969,98878,49162,49716,12.37,-4953.615231601831,-806.3449061176361,96dbcbed1df94b1ba010b345e5b1a9039b5cdd6019405ebbb50c28754007bf82,30,0.00025033613201230764,27.46,0.8776610650385873,0.8776610650385873,0.9532365777579799,1.0106759608382043,1.0564647285298716,1.097796922267558,1.1360893388384403,1.1704601638042738,1.2028426170466882,1.2295569350350968,1.2516175135812,1.2732363155285273,1.2924981806980484,1.3136548894496423,1.3268459764488252
plus_di_5 <= 12,-0.0015652877,98878,25360,73518,12.33,-2695.0770153308235,-542.760326716365,14a9c3710fc1b17e882c866201c8dfd17bc6a0c5cee2921d8c0a77ac8ad2afa3,30,-0.006281640846282244,26.97,0.8535226481566723,0.8535226481566723,0.8902269526240826,0.9153876297162249,0.9381162546329523,0.958250869905648,0.970485212823898,0.97843588643538,0.989173081831898,1.0025422805614919,1.0233815108652669,1.043735475313146,1.0611224871204912,1.0708553315687717,1.0822529393937717
aaro_20 <= aaro_30_sft_1,-0.0015771134,98878,50874,48004,12.37,-5970.884802391924,-933.8280089755353,03178e4886fc07979b0c314ad9c68ba2f86b07645c5f6bfdb6bc96b9669a3c24,30,0.0011185058392584324,27.49,0.8535106137572526,0.8535106137572526,0.9048373073402702,0.9425428562877083,0.9618490826181774,0.9856397176348012,1.004834414790691,1.0223258317687616,1.0429765368343893,1.0648648205445184,1.0831155211426622,1.1070031156966895,1.125420155733105,1.1406364060953336,1.1519345256687343
aaro_30 <= -96,-0.001578001,98878,2823,96055,12.11,-339.3048860959243,-45.20278184267954,87b58f9896252e251c68e9159d326bea7ed912172d4942a46db4a6bfa531cebe,28,0.008455646224319935,29.15,0.8372756528599375,0.8372756528599375,0.9939877829065376,1.0080561277683762,1.0027553799465918,1.0176352817241743,1.02583612383981,1.039327727049748,1.0589625556286775,1.0628240839829415,1.1001507075315735,1.110697473618325,1.1565205831645078,1.1808890817157032,1.136653735431273
aarod_20 >= aarod_20_sft_1,-0.0016084933,98878,24033,74845,12.32,-2396.522721141959,-387.07572115858056,010ce60baf3de2cf8c4bcfd243c9185441a26efa8e16690af1f746cc88b42f78,30,-0.0009954783599823713,27.37,0.8751704970024509,0.8751704970024509,0.9339455746088171,0.9712257980621335,1.013460012896391,1.0283444178722887,1.042107621887457,1.0586545622967236,1.073119168447888,1.0906215276416615,1.103617982015979,1.1194877993944967,1.1339275590150808,1.1630200815356915,1.1871432744315982
mema_50 <= Close_sft_1,-0.0016167695,98878,46160,52718,12.36,-4995.544712877685,-750.9110891288656,7bbedcb317d5c12750ad9ed3d218721554e71f07d9c51daeb72ddac27b693913,30,-0.0016163866966962814,27.37,0.8736662418493424,0.8736662418493424,0.9567922028341324,1.016913795981384,1.0636623285461537,1.1033927638871224,1.1372294084926622,1.1697444986617598,1.195829877461472,1.214010152765694,1.2242451696753358,1.2322666478606101,1.2480617065759771,1.263403711913804,1.2768036891878691
mom_20 <= mom_15_sft_2,-0.001625598,98878,50824,48054,12.37,-6402.564710090765,-1044.0191633601498,99b230403b43b61a62d1e1bb62b812e1617b1ac927f76ee434dad8be358b43f3,28,0.000571831245906651,26.99,0.8377484700605186,0.8377484700605186,0.8857158863449391,0.9154001786029279,0.9392054429777874,0.9519249781535283,0.9721274422993691,0.9893117936241258,1.0032460211830447,1.0253265074225544,1.0495919319700628,1.0709281433409934,1.0873300922320182,1.0882087035518901,1.0822320280404378
willr_20 <= willr_10_sft_2,-0.0016406854,98878,51929,46949,12.37,-5541.626914817269,-932.0934774196503,1427ae29e5c4ed561613e902f1f63301f41038d7cf9fdf54aa945c6a3e2bca60,30,0.004498619586229324,27.64,0.8643387532605333,0.8643387532605333,0.9154205773205528,0.955213065535063,0.9822134498253262,1.0026818563593236,1.0195521101172653,1.0368634383732727,1.0491019880080372,1.0737845859329584,1.086540215336584,1.1021024663511032,1.12572082061718,1.1372816496236913,1.1484197083110885
mom_10 <= mom_5_sft_1,-0.0016466451,98878,51020,47858,12.37,-6564.652084279883,-1023.4362784620389,99b230403b43b61a62d1e1bb62b812e1617b1ac927f76ee434dad8be358b43f3,30,0.0013422105694189668,27.5,0.8359997616785908,0.8359997616785908,0.8761122689030719,0.9017039276387999,0.9198529530457493,0.9434057454477595,0.966863915305437,0.9800192731538482,1.0021406046967805,1.023956738738127,1.0390886023678128,1.0564454456316665,1.0754108032441152,1.0878525750936516,1.0939019411576436
mom_20 <= mom_15_sft_3,-0.0017080855,98878,50706,48172,12.36,-5997.1824416545705,-1019.5685459983433,99b230403b43b61a62d1e1bb62b812e1617b1ac927f76ee434dad8be358b43f3,30,3.504983033053577e-05,27.45,0.8464813672032996,0.8464813672032996,0.8897549293827096,0.9223689282145818,0.9401489906929322,0.9509488286191049,0.9686596309735619,0.9878031053298764,0.9984286914952891,1.0161833435570093,1.0362483461292356,1.0598242337928898,1.0748633867904382,1.0740526351978952,1.076280293699719
sma_5 <= Low_sft_3,-0.0017120515,98878,20911,77967,12.31,-1154.0743059159367,-350.32538380488404,984863a5cb13aec2699710705080435de7dea983a917ddee35d0db64a2bad484,30,0.009822933003306389,28.29,0.9228374604355782,0.9228374604355782,0.9756493857254069,1.0114939290126215,1.0299426712010613,1.0246108722078247,1.0345199119458153,1.0527249543265091,1.0555960851830593,1.0815886260940952,1.0820494085306838,1.1102661112500187,1.122680964793434,1.1279716524478782,1.1653293124219097
bb_upper_2_10 <= bb_upper_2_10_sft_3,-0.0017165855,98878,51947,46931,12.36,-7825.100024170218,-1056.5113227113834,3aa49a56ba366f74cacb6b40add631875fca9bf88d1abae08516bfe7d1357af1,30,0.002005222951993346,27.53,0.8124261872808018,0.8124261872808018,0.8563796466460435,0.8928276729639169,0.9148111457092594,0.9441459436725981,0.9736781742483068,0.9932044475391509,1.0008121592448278,1.020550050053451,1.0363024564713221,1.0539393711083944,1.0714354664315073,1.0813432112639063,1.0878827156832873
bb_upper_2_20 >= bb_upper_2_10_sft_2,-0.0017328584,98878,74875,24003,12.39,-10917.662171933614,-1525.4279613106992,2b12f1a24b5e2be255bd7327d40ce3105a7cd48cdc1cc2d1ac037ab6015a19a3,30,0.005265303887426853,27.58,0.8248874831801404,0.8248874831801404,0.8779559357546659,0.9176382762063965,0.9518397265780153,0.9748628100832573,1.0000789272838988,1.0212069128836245,1.0407755555975255,1.0593944794220973,1.0791702720065355,1.0958930429659748,1.1075155232363088,1.1182879689848633,1.1337372112066608
sma_100 <= Low_sft_2,-0.0017427767,98878,40206,58672,12.35,-2822.808201165554,-550.5219245155531,984863a5cb13aec2699710705080435de7dea983a917ddee35d0db64a2bad484,30,0.005605537444353104,27.75,0.9130276121934188,0.9130276121934188,0.9967005259248387,1.0629376067674574,1.1143499934831524,1.1614077487944943,1.207404883621796,1.2487171033187017,1.2831651132413526,1.311839775918916,1.3347656029430444,1.3547778579312832,1.3807998647028275,1.4034562018776704,1.422144379129338
mema_5 >= High_sft_3,-0.0017472757,98878,25389,73489,12.32,-2533.6976268423023,-450.086557016366,b49daa998de516ee8744d85f0961964bee1fbf801ca0904e585341376b8b86ae,30,-0.00025910220574587584,27.43,0.8873914440156776,0.8873914440156776,0.9672913164206507,1.01957657808435,1.0915289003181026,1.1381023568258282,1.1584668638007067,1.1806879256425018,1.2077361891836993,1.223683929990984,1.2452993566586597,1.255820161533339,1.254914375033014,1.2848366178371644,1.2938822061830484
mom_5 <= mom_15_sft_2,-0.0017725099,98878,48951,49927,12.36,-5233.104312277326,-829.056456105478,99b230403b43b61a62d1e1bb62b812e1617b1ac927f76ee434dad8be358b43f3,30,-0.009227774105966091,27.03,0.8690125008823689,0.8690125008823689,0.9254662823297144,0.9628281331560121,0.9910194825088399,1.0098705615441088,1.0287129568624702,1.0482188270594246,1.060229091153211,1.0724354972823171,1.089529909276142,1.1065970898108537,1.118658781972445,1.1260246423836082,1.1333442828152815
atr_10 <= atr_5_sft_3,-0.0017725406,98878,44674,54204,12.35,-5249.774549003769,-839.3906708642389,6c56a6e37fe7066fac040219b9e7cfe2398571a456467cde7a8327153ebc94da,30,0.005339576862752438,27.71,0.8577312842501205,0.8577312842501205,0.9182741400236314,0.9596074776645243,0.9859426831459013,1.0130953982640776,1.0395303063297527,1.0589077126576196,1.067861493991444,1.076936605221233,1.0909074907160947,1.096797273582437,1.1127426072612538,1.1257695558736651,1.1415382683785416
aaro_20 >= aaro_5_sft_2,-0.0017780723,98878,51786,47092,12.36,-7586.847072476315,-1001.2278501563487,fa1fba1a54e25d7a96ab29b0d7c633f260580ef2319f10dc44e85c501c26793f,30,-0.004067482426762581,27.27,0.8245260089078679,0.8245260089078679,0.8905378906635534,0.9240787806296022,0.9557106596816134,0.9751376639878971,0.9910070171940734,1.0108841330010792,1.0283669113003546,1.050756640293831,1.062956355914412,1.073065554106218,1.095764971106352,1.1078967063051621,1.1250276652920685
plus_di_30 >= 11,-0.0017797162,98878,95166,3712,12.41,-13362.607848489064,-1865.8052613644177,4f583626fd6f59b1b2e0825c720b1d1aad3858951a5b50964ea86a5c13485b5d,30,0.027036376297473907,27.68,0.8307634412499275,0.8307634412499275,0.8864795618370668,0.9256626569725162,0.9567038230733867,0.9841614595739349,1.0084935278637657,1.0294429716831068,1.0483684220579954,1.0661085277933828,1.0817236460128101,1.0960811081806916,1.1099401464951908,1.1221364218267764,1.1340765166115288
bb_upper_2_20 <= Low_sft_1,-0.0017947853,98878,147,98731,10.88,23.813651777338237,-1.8824929119364242,dbb570f8106d6c3d6f292085aaa378b98a5659545b5ba59380ac7a9e0cfee8bf,28,0.0,0.0,1.1905938255417858,1.1905938255417858,1.2438372802297992,1.4696107499373248,1.2705165106440495,1.576684715823284,1.6203571175875686,1.576046497740683,1.4898866667827766,1.526074861455947,1.6441440918575692,1.6550149798034794,1.6886800523859362,2.111814345823466,1.9425491360339766
plus_di_5 <= 11,-0.0018273196,98878,22515,76363,12.31,-2338.807957804803,-486.9065835410511,14a9c3710fc1b17e882c866201c8dfd17bc6a0c5cee2921d8c0a77ac8ad2afa3,30,-0.006335540674626827,26.92,0.8561017629219214,0.8561017629219214,0.893123716255772,0.91295509357774,0.9441154449797083,0.9655830598592332,0.980006510436661,0.9868115374408315,0.9912884628740475,1.0064530126985196,1.0249245038597938,1.0457697049822436,1.0664298544630055,1.0735965152483304,1.0840551610885887
mom_5 <= mom_2_sft_1,-0.0018328521,98878,51133,47745,12.36,-5837.377232440642,-1000.5901526214366,99b230403b43b61a62d1e1bb62b812e1617b1ac927f76ee434dad8be358b43f3,30,-0.0019238493405282497,27.36,0.8539087256980707,0.8539087256980707,0.916555223869012,0.9366560091677003,0.9559463269338516,0.9741149688582184,0.9872510360163083,1.0009766522229309,1.012734879369652,1.0313906097916286,1.0453081408684846,1.0559989230838926,1.0660296655998616,1.0833503963585236,1.0950098252084577
mema_20 <= Low_sft_3,-0.0018596542,98878,29535,69343,12.32,-2657.510908283395,-484.1723138499365,f2e93f04b3d2a46ee10823902064b64ae41106b8f01252b29032fe26a3290c3e,30,0.004859684035181999,27.78,0.8914304205290489,0.8914304205290489,0.9668606261894862,1.0223808331358395,1.066921542188261,1.0928065886668927,1.112076253851144,1.1227514157305094,1.1390061178987225,1.161551545079528,1.1811554287369115,1.2190337310816826,1.2461831539599095,1.2549741040607185,1.2746499943135927
aarou_14 >= aarou_10_sft_2,-0.0018598527,98878,58557,40321,12.37,-9054.000036199519,-1184.0212682742422,0f031b3780e6467809600593d6806420193325d9573f332c17b627db66a26893,30,0.0031393617391586304,27.56,0.8154095520025951,0.8154095520025951,0.8793422037669388,0.9169424768584827,0.953336918346377,0.9850971431706115,1.01296428464789,1.031011224646834,1.0484490549984258,1.068594789485289,1.0830463537570716,1.0947142756944428,1.1027337195544042,1.1140487343852692,1.1314235645510298
aaro_5 >= aaro_5_sft_1,-0.0018612494,98878,65803,33075,12.37,-8971.14012934489,-1325.7698626743077,fa1fba1a54e25d7a96ab29b0d7c633f260580ef2319f10dc44e85c501c26793f,30,-0.0003165031084790826,27.43,0.8385963083720502,0.8385963083720502,0.8942403852519889,0.9277473313131421,0.9607834941125791,0.9903868389491276,1.014772104151438,1.0372350755206525,1.0483040997021462,1.0660679397092074,1.0749659765227582,1.0849446607625794,1.0981316177407905,1.1119288119811928,1.1246840294761262
sma_5 <= High_sft_3,-0.0018690659,98878,78133,20745,12.39,-10092.584217531974,-1530.0755690034712,96dbcbed1df94b1ba010b345e5b1a9039b5cdd6019405ebbb50c28754007bf82,30,-0.0033703020308166742,27.37,0.841161101485789,0.841161101485789,0.8941385565622725,0.9279551487241449,0.9440188890289756,0.9648747686703631,0.9876090408017724,1.0027835882376923,1.012038258125412,1.0256227428162294,1.0397891251327551,1.051968102064494,1.0696289428938868,1.0751206486349318,1.086715964643442
willr_30 <= willr_20_sft_3,-0.001869883,98878,51476,47402,12.36,-5367.717020392996,-931.6596878526834,1427ae29e5c4ed561613e902f1f63301f41038d7cf9fdf54aa945c6a3e2bca60,30,-0.0011139246635138988,27.4,0.8665269793716266,0.8665269793716266,0.9181489805541518,0.9568778936143006,0.9772901692411817,0.9954749180626132,1.0132710844256385,1.0291073896877208,1.044939752395975,1.0680711680803876,1.0791331218260036,1.0963928912308716,1.1100691145211838,1.115721670525582,1.1249623250161103
rsi_14 >= rsi_10_sft_2,-0.0018704007,98878,50059,48819,12.36,-8309.319313154003,-1030.6777004728356,9c5304fe9d592b70a0c6b3286ed47e7bf2dda0b94ec7966217da111653dec0de,30,-0.0032483923714607954,27.3,0.808912850707832,0.808912850707832,0.8574010657945929,0.8969966994248534,0.9250528370286571,0.9549997867102913,0.9804727227035694,1.0058483014778277,1.029116869711325,1.0503782559459465,1.0739832867012726,1.0902339950245756,1.098375457892565,1.1152965783975723,1.138214339370184
aarou_10 >= aarou_5_sft_2,-0.0018720817,98878,62918,35960,12.37,-8653.258325386005,-1260.3100942099263,0f031b3780e6467809600593d6806420193325d9573f332c17b627db66a26893,30,-0.0045134988613426685,27.29,0.8363254282350054,0.8363254282350054,0.9018388511768047,0.9241703572200357,0.9649740161235345,0.9883677897190767,1.0133585759430097,1.0343188681339799,1.0466575276801673,1.0632933376968543,1.0727548418513977,1.0829448390204008,1.1006031553555136,1.1114924772162422,1.1318089778360445
aaro_14 <= aaro_14_sft_2,-0.001891148,98878,65453,33425,12.37,-8711.664556690197,-1272.4411054349766,03178e4886fc07979b0c314ad9c68ba2f86b07645c5f6bfdb6bc96b9669a3c24,30,-0.0015106890350580215,27.4,0.8364110027761072,0.8364110027761072,0.8859410934495953,0.9145381886673973,0.9274129125484966,0.9484107894324408,0.97638993171237,0.9990580776155175,1.0124746958357085,1.0331250825263478,1.0573038720909331,1.0720491110209838,1.0862718730509053,1.0955628998186262,1.1015526655555692
willr_14 <= willr_10_sft_1,-0.0019300871,98878,52941,45937,12.36,-5170.583721100858,-919.3048611445047,1427ae29e5c4ed561613e902f1f63301f41038d7cf9fdf54aa945c6a3e2bca60,30,0.0007442673668265343,27.48,0.8755921897207241,0.8755921897207241,0.9298293354144332,0.9645370772035169,0.9990230495564382,1.0211151848242896,1.0436244875843657,1.061284181331598,1.072677570581145,1.0970569603859566,1.1106504193550353,1.1300460338325584,1.1469222003037163,1.1567182923053072,1.1635495179811548
mema_20 >= Open,-0.0019657842,98878,51239,47639,12.36,-8549.160676416574,-1147.4863518409038,e056f67ffdc4fcdd46304a8987eda83c67de4a08c6d89f02fc25cc7938d2eaf8,30,0.002607654081657529,27.56,0.7905270859049136,0.7905270859049136,0.829372685236599,0.8551792790359516,0.8766733409632353,0.8933245029067342,0.9110291550305246,0.9265054778424843,0.9475679531238285,0.9690000795118262,0.9938057267060514,1.0125714542324027,1.0255746781023256,1.0353419204813752,1.0495565774906588
stdev_5 <= stdev_10,-0.0019698464,98878,77887,20991,12.38,-9513.02353699401,-1469.621208433011,76cc05d7e847d59489f80a379ae9909f097acc0055c98dd465d85c99099ff3c8,30,0.002104195300489664,27.49,0.8509717634938867,0.8509717634938867,0.9104623483965589,0.9446415054598111,0.9700354937904525,0.9970283154212952,1.0232080923931077,1.0437183204893739,1.059962299519942,1.0737289012723168,1.0869551592625215,1.1022677062604065,1.1171519599139819,1.1306766879235988,1.142255545722736
plus_di_5 <= 15,-0.0019855516,98878,34101,64777,12.33,-4207.0282308887445,-715.1157063680002,14a9c3710fc1b17e882c866201c8dfd17bc6a0c5cee2921d8c0a77ac8ad2afa3,30,-0.004195705521851778,27.19,0.8345892350062435,0.8345892350062435,0.8708131272632255,0.9024286584401252,0.9220273961055283,0.9368638457618692,0.958307831024242,0.970963397290982,0.9846572916950357,1.0007152207082173,1.014182505893499,1.031784208094271,1.0513010903474336,1.0576700526432479,1.0746073349833973
rsi_14 >= rsi_10_sft_3,-0.0019865583,98878,49881,48997,12.35,-8915.873004866015,-1048.6058658297916,9c5304fe9d592b70a0c6b3286ed47e7bf2dda0b94ec7966217da111653dec0de,30,-0.005068120080977678,27.22,0.7944491845408415,0.7944491845408415,0.857365744628984,0.8953394589954502,0.9268123672319658,0.9578868954467717,0.9903505787644511,1.0159463016199841,1.0416620501860565,1.0574464975182816,1.0778303621203973,1.094502415110656,1.106142449744347,1.1293062791714044,1.143987052944268
mom_10 <= mom_10_sft_2,-0.0019927851,98878,50220,48658,12.35,-5051.641641997532,-928.0369384805381,99b230403b43b61a62d1e1bb62b812e1617b1ac927f76ee434dad8be358b43f3,30,-0.0004916231264360249,27.42,0.8714096880409008,0.8714096880409008,0.9278550774076709,0.962218530838149,0.9722086628869753,0.9959861809070555,1.0143286544809538,1.0268566070756817,1.0387658508697966,1.0593695351022376,1.0682762244133983,1.0815251318854722,1.096735732576088,1.1033298427013543,1.1124825077415503
aaro_5 >= aaro_5_sft_3,-0.0020146838,98878,56461,42417,12.36,-7386.2627397915985,-1081.3262746796245,fa1fba1a54e25d7a96ab29b0d7c633f260580ef2319f10dc44e85c501c26793f,30,-0.0026872088201344013,27.34,0.8441469778923341,0.8441469778923341,0.8975179268978747,0.9305422853781707,0.9663438059944236,0.9972402562269373,1.0230694688844388,1.0416417781671323,1.056733972356373,1.0697468824673673,1.0792852689569523,1.0912544225631702,1.1077337282740705,1.120551100264701,1.129568705808212
aarod_20 >= aarod_30_sft_2,-0.0020215756,98878,38541,60337,12.33,-4786.82747556124,-729.9187243969718,010ce60baf3de2cf8c4bcfd243c9185441a26efa8e16690af1f746cc88b42f78,30,6.732490146532655e-05,27.45,0.8474984546623022,0.8474984546623022,0.9098512951851994,0.950128370493526,0.9793630146738859,0.9949868767932918,1.010676717814206,1.0252020094818715,1.0486156298713496,1.0697820267986644,1.0938751221075367,1.1206860015035183,1.1407753416411168,1.165817639772285,1.1754801701288633
sma_5 >= High_sft_3,-0.0020357373,98878,21350,77528,12.29,-1710.679626228317,-369.5253804038075,2a2a894e2395475f18aac8b58b172590d4e9304b0f81f0d6018fc944d30d4b38,30,-0.00019240682013332844,27.43,0.909593711008268,0.909593711008268,0.9886976299441482,1.0465809801063828,1.1158372121423046,1.1579341272869048,1.1781669732091022,1.2043044575831785,1.2388217785631437,1.2565769467340961,1.2739779252902386,1.2890816715079734,1.2873684613182785,1.3251947684868457,1.339829476510482
aaro_30 >= aaro_20_sft_2,-0.0020519793,98878,51677,47201,12.35,-6821.175091313174,-969.4739284386014,fa1fba1a54e25d7a96ab29b0d7c633f260580ef2319f10dc44e85c501c26793f,30,-0.0016206526197493076,27.38,0.8374615625018101,0.8374615625018101,0.8844069045974945,0.9173310029591888,0.9511075133570719,0.973770863627177,0.9937183980216164,1.0134495750278942,1.0316525793718225,1.0512526053919127,1.0789990174498316,1.1039725638007616,1.124738327154587,1.1357063230702655,1.1500214505715518
aaro_14 <= aaro_14_sft_3,-0.0020566303,98878,60553,38325,12.36,-8155.760363937745,-1198.3696154382633,03178e4886fc07979b0c314ad9c68ba2f86b07645c5f6bfdb6bc96b9669a3c24,30,-0.0014760331250727177,27.39,0.8340232812106476,0.8340232812106476,0.884278774637369,0.9124964100637795,0.9270055774440351,0.9504381179969663,0.9786416726455013,0.9991820459100248,1.0154079268711136,1.0377285291396,1.0578522778186956,1.0722176485451511,1.0876734821401637,1.097034964069806,1.101741274100576
sma_50 <= High_sft_1,-0.0020687047,98878,54086,44792,12.36,-5665.480809250794,-873.452650047584,96dbcbed1df94b1ba010b345e5b1a9039b5cdd6019405ebbb50c28754007bf82,30,-0.012878702953457832,26.92,0.8753212794894434,0.8753212794894434,0.9498382779808968,0.9978818885711606,1.0363761838059844,1.0686486271836768,1.0972127200791195,1.1182780223195383,1.1346129900084552,1.1436772951504843,1.1538024959302158,1.166747760489587,1.1824931615860217,1.2009076836843524,1.2158895943712364
minus_di_14 <= 24,-0.002073687,98878,59397,39481,12.36,-8346.950692481692,-1079.9170827489725,cee77ee220a5e77fe95d20a730179fabcb0f2e40106664424787bbccffac6b44,30,-0.0323687307536602,26.27,0.8401310717984533,0.8401310717984533,0.8998773238760043,0.9393556475466118,0.970074787133567,0.9921666301108736,1.0113455948135912,1.0307901723758326,1.0487304511101978,1.0619534988782136,1.069201565813623,1.0784915238954544,1.0908109444165417,1.1043209664045062,1.1106603706172393
aaro_10 >= aaro_10_sft_2,-0.0020750782,98878,62823,36055,12.37,-8318.542506809972,-1176.5703837400724,fa1fba1a54e25d7a96ab29b0d7c633f260580ef2319f10dc44e85c501c26793f,30,0.003967957571148872,27.58,0.8408993868292092,0.8408993868292092,0.9039522990144957,0.9373298680216676,0.9662080520709647,0.9966649676016033,1.0229852922363885,1.0410664812764048,1.0469455570600819,1.0619349997306553,1.083429747294319,1.0964694015587022,1.106979877100962,1.1230089882778196,1.1363119213702337
plus_di_20 <= plus_di_20_sft_2,-0.002081509,98878,61288,37590,12.36,-7624.158833442296,-1195.341956751945,bd972efc927c87708f479b3c989a305bfeb89b6aa0381d01606955fa59f6baca,30,-0.005203424021601677,27.26,0.8452292931031553,0.8452292931031553,0.8873544380037142,0.9204514266441136,0.938747284634973,0.9622832849893628,0.9857740121835761,1.0098591000611734,1.0247122048831314,1.0407018295378088,1.0550348456000878,1.0713438145526042,1.090958948371803,1.0986959988026381,1.1059424327537404
stdev_30 >= stdev_20_sft_3,-0.0020927305,98878,78622,20256,12.38,-11129.786445613252,-1507.210630239184,a092dbfa6dbefd1d342d1a211503f33f5c7745cd5359e4d4115f2b75459bc7b9,30,0.007145454175770283,27.61,0.8299860306578617,0.8299860306578617,0.8861025758681373,0.9291303515363372,0.9656343060636682,0.9925530772883395,1.0168124889883388,1.0373659571806708,1.060229204087652,1.0824155354832803,1.0970268163751336,1.1098918103619844,1.1246824511087112,1.1455985564481308,1.1584492147126946
aaro_30 <= -86,-0.0021019436,98878,7295,91583,12.17,-1178.2224481601152,-160.50149294713628,87b58f9896252e251c68e9159d326bea7ed912172d4942a46db4a6bfa531cebe,30,0.005539392586797476,28.32,0.7866301746757565,0.7866301746757565,0.8446358754130786,0.8547133766487454,0.8821378389121376,0.8956929250678276,0.889887794762087,0.9128831345860593,0.9339155053987975,0.9512794726407413,0.9696231811746026,0.9828243266544584,0.9893392790669373,0.995642466666239,1.0192151978875719
sma_100 <= Close_sft_1,-0.002106024,98878,44774,54104,12.34,-4213.456729164904,-685.7418233106146,50a0e61b02a2d5c963e9603b4bade036c42f4965c5f54e99ff926c2165cc53b8,30,0.004316621460020542,27.66,0.8852725593726684,0.8852725593726684,0.9694906490026554,1.030598972449715,1.0842396022880152,1.1306709304653866,1.169687830066899,1.2092597847241444,1.2448884108314924,1.2714169929804542,1.2942262536727265,1.3149063056413672,1.335677110236676,1.360136961088755,1.3789297153490914
bb_lower_2_20 <= bb_lower_2_30_sft_2,-0.0021318109,98878,36644,62234,12.33,-4479.469895286418,-777.935219750856,1b1f7d2955b86143cbe65db86c488966f4bce7b7721643a6a4f3f03e8b4d5ec5,30,0.0007545310072600842,27.49,0.8506727666153717,0.8506727666153717,0.9093250304829751,0.9485243198744048,0.974752853056801,0.994489009875892,1.0104568000950178,1.0233898758677291,1.0282007851950212,1.022240392577188,1.0279758490865911,1.0432565432693686,1.0622098848891803,1.0723454327672821,1.0822809440879495
aarou_14 >= aarou_5_sft_2,-0.0021710326,98878,57133,41745,12.36,-8195.720644054365,-1140.461770482012,0f031b3780e6467809600593d6806420193325d9573f332c17b627db66a26893,30,-0.002024234738200903,27.37,0.8299185172884408,0.8299185172884408,0.8974809464429214,0.9227128631854272,0.9580037809624816,0.98148061321064,1.0084445003563651,1.0314618131659343,1.0477934133113358,1.0605610847289049,1.0702229198064723,1.0820448350071887,1.1001148891112278,1.1084894550685422,1.1315912038854339
mom_10 <= mom_2_sft_1,-0.0021711413,98878,50960,47918,12.35,-6917.746101622285,-1048.179151930024,99b230403b43b61a62d1e1bb62b812e1617b1ac927f76ee434dad8be358b43f3,30,0.0014540280681103468,27.51,0.8254827940706937,0.8254827940706937,0.8717381752969199,0.890759902254839,0.9115407441478092,0.9335797263526214,0.9560008382057738,0.9678809949470192,0.9884742289928752,1.010469065907075,1.0294421689286477,1.0479860824359846,1.065880844598166,1.0753515465068337,1.082188310608952
mom_20 >= mom_5_sft_1,-0.0021753868,98878,49020,49858,12.35,-6460.023203076431,-866.7272864639745,eaab1708ca388033e741f56742381a7a1263cfafa2fbe8f413d450736cce3e74,30,-0.009904786013066769,27.0,0.8475837123483513,0.8475837123483513,0.9212067964708047,0.965808853351632,0.9947510308616095,1.0279519222310896,1.0503934125939784,1.0761042616781196,1.0929296992707667,1.1048758494166462,1.1188049052086202,1.1332792253641288,1.1374244551708814,1.1532226345342804,1.1707509524045372
willr_10 <= willr_14_sft_1,-0.0021905196,98878,51510,47368,12.35,-4209.348162380145,-889.7023634268044,1427ae29e5c4ed561613e902f1f63301f41038d7cf9fdf54aa945c6a3e2bca60,30,-0.0037149274721741676,27.29,0.8968760641144033,0.8968760641144033,0.9492946137001611,0.9821336778843366,1.0016707974398038,1.026651332826883,1.0414575584614678,1.0569621731162038,1.0678321646096496,1.0876719000911836,1.0942098288751665,1.1039907213693267,1.11927854920824,1.13565448840184,1.1412506295889233
plus_di_5 <= 14,-0.002207202,98878,31151,67727,12.31,-3603.794591600699,-647.0756596620486,14a9c3710fc1b17e882c866201c8dfd17bc6a0c5cee2921d8c0a77ac8ad2afa3,30,-0.00465297419577837,27.14,0.8429574625220243,0.8429574625220243,0.8738539782525708,0.9035325697460393,0.926832676468321,0.9398902414994151,0.9599148438469653,0.9727345059123209,0.9849814240135686,0.9973142226361014,1.018678024643577,1.0365532311962118,1.0553480328074447,1.0643804190184951,1.0821788222742423
aarod_5 <= aarod_30,-0.0022096403,98878,57138,41740,12.36,-8058.805662065155,-1145.339212458668,1c17b055d6052442bbc23e9c5f48c3b369df45790e4212d5edae44425931e847,30,0.008466939441859722,27.77,0.8319366005582054,0.8319366005582054,0.8874999936773806,0.9178322095007859,0.9490057788956804,0.9687889050183993,0.9905945622699908,1.0152588835248615,1.0324028948115198,1.0445027536254492,1.0578462240635298,1.074279025358222,1.0919090847454718,1.0969921514041838,1.1027249409257258
plus_di_14 <= plus_di_14_sft_2,-0.0022100636,98878,61232,37646,12.36,-7253.936149163386,-1182.8145746836308,bd972efc927c87708f479b3c989a305bfeb89b6aa0381d01606955fa59f6baca,30,-0.006351623684167862,27.22,0.8527956207030942,0.8527956207030942,0.8967731435089022,0.9293458052068102,0.9487426301737695,0.9707555022115629,0.991507125821543,1.0153555673157777,1.0284518505622848,1.045309195027512,1.0602423560709058,1.0773130594453946,1.0974177462748682,1.1057682951053107,1.1115681599119454
mema_20 >= Close_sft_1,-0.0022357332,98878,51210,47668,12.35,-8678.356541737809,-1156.0393568798463,1e15dac9f18b8bc737934702402ffb02b545ee7fbda8772d4c0156705e9d2a44,30,0.0027871816419065,27.56,0.7873586522465487,0.7873586522465487,0.8252229351652721,0.8531292368388494,0.8734381705036113,0.8934550901519962,0.913105016320682,0.9301763551557864,0.9501490966694113,0.9730197275957753,0.9955523726960327,1.0157357289893738,1.0264105510051567,1.0354029156509903,1.0503245666304952
atr_10 >= atr_5_sft_3,-0.0022542765,98878,54070,44808,12.35,-7628.482793408824,-1079.4866291349826,532171b4b026df3b7d23c8264137467a8cc80a53ca41565a8c760a4fc7c55907,30,-0.007943501695990562,27.12,0.830661395047945,0.830661395047945,0.8787929247667776,0.9152511057863798,0.9485272373763605,0.9707094254502685,0.98758903028728,1.0057608307483765,1.0283687449564618,1.0506810118802592,1.0667084570015153,1.0876125772823546,1.1003708628365323,1.1134038886755924,1.1230099166631287
aaro_20 <= aaro_30,-0.0022752443,98878,51344,47534,12.35,-6142.943899409515,-939.2885876903456,03178e4886fc07979b0c314ad9c68ba2f86b07645c5f6bfdb6bc96b9669a3c24,30,0.0015728962607681751,27.51,0.8511601351230303,0.8511601351230303,0.9003026355428498,0.9368542927993074,0.9611907755901803,0.9853724233455249,1.0073146611202544,1.024753405340096,1.0425253782514379,1.064645748446204,1.0817382910909281,1.1024561439912326,1.1241570807399484,1.1411669563956195,1.1502324167230797
mema_20 <= Close_sft_3,-0.0022787226,98878,47157,51721,12.34,-4389.671061099092,-763.6377362065177,7bbedcb317d5c12750ad9ed3d218721554e71f07d9c51daeb72ddac27b693913,30,-0.005182272754609585,27.2,0.8883745941515437,0.8883745941515437,0.9432828792393001,0.9920845082577398,1.0268902217410374,1.0542634418226382,1.08076352489917,1.0988359628186393,1.1086002164133155,1.1189869816839852,1.1339427877149912,1.1576104100947142,1.177496832150869,1.184166420077992,1.1993009858506785
willr_20 <= -14,-0.002281518,98878,84786,14092,12.39,-11908.354414013422,-1680.3814605761218,c087f74a8ef9fdefe2bfbfe4c42e7c177e68996d73089fae9a8de15f5638210d,30,-0.0042438870295882225,27.37,0.8278481065866657,0.8278481065866657,0.874998671997794,0.9061697579642912,0.9256043997747729,0.946356261004639,0.9686054921844596,0.9888915416690356,1.0069025185819396,1.0268953843804094,1.0430780885403674,1.0590389340346376,1.0724364779535518,1.0823947606747968,1.0897223743401787
aaro_14 <= aaro_30,-0.002284532,98878,50524,48354,12.34,-6310.073553713407,-939.3983023891196,03178e4886fc07979b0c314ad9c68ba2f86b07645c5f6bfdb6bc96b9669a3c24,30,-0.005090499762445688,27.22,0.8464272822194842,0.8464272822194842,0.8952872917162917,0.9307183322048178,0.9599076842127439,0.9888960513097643,1.012498722412067,1.0257963329052424,1.0337413434978424,1.0469453660337966,1.057091533098902,1.0702490714153783,1.0866866268448778,1.1025428871151022,1.120823029236987
rsi_20 <= 18,-0.0022961341,98878,135,98743,10.37,-51.86523706431035,-7.755058060138253,64f5e1bb8a7d01ed3bc711ef82f8836c32f34a4dc5e2cbccb6c4442736ec4dbc,22,0.0,0.0,0.7072706716556021,0.7072706716556021,0.6968424138976145,0.7936863398727854,0.7694428761280104,0.7423645981246997,0.7360658132301503,0.7008731300172498,0.683249662609389,0.7401909085624233,0.8112995272755481,0.8099931348847937,0.7659679299447629,0.8052513572235921,0.7933596196942276
aaro_10 <= aaro_14_sft_2,-0.0023208372,98878,50722,48156,12.34,-7173.981992156932,-1001.9824156061513,03178e4886fc07979b0c314ad9c68ba2f86b07645c5f6bfdb6bc96b9669a3c24,30,-0.008779280818998814,27.06,0.8282939879812455,0.8282939879812455,0.8857923462724727,0.9179491036028056,0.9334194051346683,0.9509311122649333,0.9788604255572864,1.0130614451749071,1.0254335219907313,1.0360000350947787,1.0561567238242202,1.071489434311012,1.0871356957354976,1.0989102484218034,1.1045988934176643
mema_50 <= Open,-0.0023319316,98878,46149,52729,12.34,-5081.64420166637,-754.0757873272596,3f09a8cfd91be85ac3ab2cd04a48d69ab7c7071f9e008243aa343f4a8d621b5b,30,-0.0005252468399703503,27.42,0.8713917139441695,0.8713917139441695,0.9586312823205297,1.0213748653923578,1.0628173809333625,1.102446212916219,1.1388935660066615,1.1699210508734805,1.1946136537894887,1.2130786162380356,1.2232813556965594,1.2354816856061006,1.2517886970965826,1.2691521990543142,1.2805239237075217
aaro_10 >= aaro_5_sft_2,-0.0023395652,98878,55248,43630,12.35,-7551.2285537484695,-1107.457981118183,fa1fba1a54e25d7a96ab29b0d7c633f260580ef2319f10dc44e85c501c26793f,30,-0.005330119747668505,27.23,0.8370847175974563,0.8370847175974563,0.903978149556105,0.9323795685351132,0.9648592173953953,0.9833989490673257,0.998733839788018,1.0143758713956368,1.028063570349609,1.051093529293686,1.0643756168620728,1.0724899524586022,1.0933453279226841,1.1079366626171654,1.1290216662276995
bb_lower_2_30 <= bb_lower_2_10_sft_1,-0.0023414178,98878,77165,21713,12.38,-10654.637117400656,-1433.7299819952168,1b1f7d2955b86143cbe65db86c488966f4bce7b7721643a6a4f3f03e8b4d5ec5,30,-0.00749395415186882,27.27,0.8335241749486647,0.8335241749486647,0.890766674085154,0.9318086693496814,0.9681054501076453,0.9998882360071717,1.025216778839453,1.0474340604313557,1.0637705282395313,1.0815525736437153,1.0955090649758858,1.1103762755685445,1.124213904650777,1.136201661192026,1.149102672164806
mema_5 >= mema_20,-0.0023421007,98878,47560,51318,12.34,-5987.694758262063,-788.1368304968419,da871536f9280a0159baee359a9496c73c67bcc656bfb6cada940a1228de3547,30,-0.0033480562269687653,27.29,0.8570656388764465,0.8570656388764465,0.9321448505719246,0.9896188725686091,1.0327597617990043,1.0658397640091875,1.0926151248088594,1.1191786516295614,1.1388244367588267,1.1508614640213923,1.1576527031785728,1.1645464050511634,1.175660444072675,1.1949138022273627,1.2109446766869618
stdev_10 >= stdev_14_sft_1,-0.0023505376,98878,33259,65619,12.31,-3974.724389993993,-644.050688443167,a092dbfa6dbefd1d342d1a211503f33f5c7745cd5359e4d4115f2b75459bc7b9,30,-0.00018758887017611414,27.43,0.8602188295719619,0.8602188295719619,0.9231446575181492,0.9635017489744837,0.9888177176755057,0.9959593871545367,1.0133942600346604,1.029932922203804,1.0519182966427802,1.0676417146803385,1.0810085053269656,1.0896724117549754,1.1003997646640276,1.11713621435841,1.1372956261412577
plus_di_20 >= 8,-0.0023631288,98878,96493,2385,12.41,-13575.77539995009,-1900.2642391926638,4f583626fd6f59b1b2e0825c720b1d1aad3858951a5b50964ea86a5c13485b5d,30,0.017366351559758186,27.57,0.830787260219077,0.830787260219077,0.885696383988556,0.9237408581968176,0.9535994279388352,0.9796564577316098,1.003749900939041,1.0246835434257213,1.0438719938187155,1.061756391178125,1.0779781973844118,1.0924815322564772,1.106164121633308,1.1189116526246965,1.1312628827155113
minus_di_5 >= 10,-0.00239731,98878,79127,19751,12.38,-10274.447420648521,-1590.459755821772,a06e18f5f366aa3040f30d3f53c74e6c3d30e6b8f15e9282eabbaa7fe9dd85a0,30,0.018063005059957504,27.85,0.8373290590734127,0.8373290590734127,0.8948219617414168,0.9255134174389954,0.9484371312881655,0.9738396863118541,0.9973922217912371,1.0184046724774998,1.038506372258101,1.0586356607741425,1.076165461779821,1.0912228458524151,1.105665887887614,1.1204798295730118,1.1332052048586505
mom_5 <= mom_5_sft_2,-0.002400113,98878,50201,48677,12.34,-5064.506808948542,-941.6000589275282,99b230403b43b61a62d1e1bb62b812e1617b1ac927f76ee434dad8be358b43f3,30,-7.390111568383873e-05,27.44,0.873166007396824,0.873166007396824,0.9343729597646188,0.9686829472984185,0.98937517888916,1.0068467468044096,1.0243936924895576,1.0368561930291722,1.0495152738780673,1.0601919574443728,1.067601357733932,1.0862230927009244,1.1065063613428967,1.1145949482469097,1.121655336380459
willr_20 <= -11,-0.0024055794,98878,87428,11450,12.39,-12329.453602844998,-1737.7414533831761,c087f74a8ef9fdefe2bfbfe4c42e7c177e68996d73089fae9a8de15f5638210d,30,-0.002093349816277623,27.41,0.8275666018296258,0.8275666018296258,0.8744647546773721,0.9053186403741352,0.9274949090420851,0.9498151009427905,0.9721891033270973,0.9936216162366912,1.0131038855927,1.0319156028831924,1.0485329308840479,1.0644639812891992,1.0773085910153315,1.088883590828601,1.097154199370505
aarou_5 <= aarou_10,-0.0024084523,98878,73964,24914,12.37,-9054.839703526515,-1370.4370446231333,11ecda3140789fc7bb03c4e9ce6db1e36d26d05f5895e9047d4b04d8e05db454,30,-0.005135268438607454,27.31,0.8545838381232206,0.8545838381232206,0.9166089929689122,0.9570323951598053,0.9866192656977854,1.0071158729536642,1.0223863047192765,1.041438271723532,1.059402829459114,1.0744316703078456,1.0879327788197903,1.0980444474934137,1.1112977999960452,1.1268488686665594,1.1419113045218492
aarod_20 >= aarod_30,-0.002433619,98878,36158,62720,12.31,-4439.326814986158,-676.488261773331,010ce60baf3de2cf8c4bcfd243c9185441a26efa8e16690af1f746cc88b42f78,30,2.1738349460065365e-05,27.45,0.8498432653979843,0.8498432653979843,0.9034679855570965,0.944935262497856,0.9781820275301586,0.9998007882003302,1.0194677313034346,1.0387594537675349,1.0589822510612679,1.0808367370196768,1.0983246977125438,1.1202242558183635,1.1522872808566256,1.17544960170387,1.1897248362574169
willr_20 <= willr_10_sft_1,-0.0024592401,98878,52149,46729,12.34,-5341.736078762533,-942.8856367769768,1427ae29e5c4ed561613e902f1f63301f41038d7cf9fdf54aa945c6a3e2bca60,30,0.004527946002781391,27.64,0.8690787023146495,0.8690787023146495,0.9201899694699711,0.9510259338175837,0.9787901008084048,0.999420389042283,1.0165613634454675,1.0320949070699421,1.0475635010296145,1.0767149501799838,1.094935237470419,1.113663604728801,1.1307301189930432,1.1433180594593355,1.1487631210228075
willr_20 <= -16,-0.0024607019,98878,83106,15772,12.38,-11557.432612054985,-1638.617571890034,c087f74a8ef9fdefe2bfbfe4c42e7c177e68996d73089fae9a8de15f5638210d,30,-0.0020045728888362646,27.41,0.8285741850460392,0.8285741850460392,0.8730685831694234,0.904187967929181,0.9232792409665557,0.9439704204091516,0.9653339884755863,0.9866140441286427,1.003633175763908,1.0239239947110432,1.0400425687110322,1.0546821593342577,1.0676195969911009,1.0755167434151889,1.0818152313252904
bb_upper_2_10 <= Close_sft_3,-0.0024651913,98878,757,98121,11.49,66.29403316089885,-3.588969199576237,4aa098b95dabd7168bbfce38d1fe5bd4350fa2d5da10de71df5da0c41bf16fa2,8,0.0,0.0,1.1027483059891363,1.1027483059891363,0.9205439328341054,1.1092608143581901,1.0723505211243183,1.028604493846499,1.0194433975420734,1.03307976505041,0.9752107715912178,1.0155771963657305,0.9954294755881635,0.9889195447049435,0.9871595218327907,0.9764289312316159,1.0163886064214842
minus_di_5 >= 11,-0.0024656411,98878,76521,22357,12.37,-9961.38349350819,-1526.9702239312173,a06e18f5f366aa3040f30d3f53c74e6c3d30e6b8f15e9282eabbaa7fe9dd85a0,30,0.018305402249097824,27.89,0.8362020487758929,0.8362020487758929,0.8981606960526661,0.928098026192065,0.9512080138758294,0.9762855566888968,0.9983324907917038,1.0187476551335977,1.037931189874086,1.0597022780896477,1.0757638470324207,1.0923612668188996,1.1069454389839235,1.122470894299212,1.136277781562612
aarod_10 >= aarod_14_sft_1,-0.002474583,98878,40752,58126,12.32,-5131.024572135899,-794.2326523468291,010ce60baf3de2cf8c4bcfd243c9185441a26efa8e16690af1f746cc88b42f78,30,-0.006094351410865784,27.12,0.84594039402271,0.84594039402271,0.9141559303756328,0.9445133574160043,0.9706856875891854,0.9874630846653005,1.0098063794198122,1.037020362218291,1.0602536712975827,1.0691884572792338,1.0787927393468768,1.095638096449014,1.1199410277346555,1.1294212876298404,1.1431382533967456
aarou_10 >= aarou_5_sft_1,-0.0024969815,98878,69295,29583,12.36,-8717.327647232603,-1315.8403281549326,0f031b3780e6467809600593d6806420193325d9573f332c17b627db66a26893,30,-0.0026215529069304466,27.37,0.8503695190732732,0.8503695190732732,0.913644017533685,0.9463344005010462,0.973136395740705,0.9972777809626722,1.0191794627110424,1.0385230859529175,1.055138112674624,1.0691711296835325,1.0821587854222776,1.0896176775149136,1.106538391108833,1.1188408755831287,1.1363244731223943
adx_30 >= 11,-0.002507357,98878,82238,16640,12.38,-11590.274531270396,-1603.8649965533332,4118d96628e9d7109ca1b25b71d8f7665de5864ad974c7631ea4a76d380fc96f,30,-0.020788492634892464,27.03,0.8309886307749029,0.8309886307749029,0.8848143755804133,0.9221021159188878,0.950891596064411,0.9745293961312664,0.9968555818116398,1.0153773803342339,1.0326559543404132,1.0482439229043792,1.0625674533184744,1.0760435761896159,1.0898272954557706,1.1016371541877008,1.1133191846543553
aarou_30 <= 14,-0.0025215917,98878,24783,74095,12.27,-4664.790859578861,-549.4277854129105,da60be741621a42d93721696dcc6252cb06464cd161c4da151f0e18e03138794,30,0.012463152408599854,28.41,0.767818210580698,0.767818210580698,0.8225816678594835,0.849623780915318,0.8778912606398761,0.9149647608831327,0.9428281550638787,0.9801775391850546,1.0206435805870406,1.0486891112630952,1.0756147533479758,1.0932762160191567,1.1079054550862395,1.1095736499927644,1.1183839720950814
rsi_20 <= 17,-0.002549868,98878,111,98767,9.91,-57.30996391887311,-7.843858044798252,64f5e1bb8a7d01ed3bc711ef82f8836c32f34a4dc5e2cbccb6c4442736ec4dbc,8,0.0,0.0,0.6491836544379408,0.6491836544379408,0.6846488615610525,0.7723204848753378,0.7519573018894072,0.7219721156039771,0.7152023254775585,0.6357596475064857,0.6208676481681916,0.6627487177380884,0.7490926696229716,0.745056772024649,0.7070476040995027,0.745241300489016,0.745152977074169
adx_14 >= 13,-0.0025777207,98878,92028,6850,12.4,-12559.897730685105,-1768.8696122223118,4118d96628e9d7109ca1b25b71d8f7665de5864ad974c7631ea4a76d380fc96f,30,-0.012497616931796074,27.29,0.8349476697381741,0.8349476697381741,0.8908864126697429,0.9294876410879311,0.9595211538502808,0.9850078977082196,1.0081656462885384,1.0269259825609427,1.041728938283051,1.0575374177469379,1.0724012406914427,1.0862875974461317,1.1008713516720323,1.1136114796534375,1.1261875827094727
mom_15 <= mom_5_sft_3,-0.0026002189,98878,50654,48224,12.33,-6590.470879738136,-1022.4598994770204,99b230403b43b61a62d1e1bb62b812e1617b1ac927f76ee434dad8be358b43f3,30,0.005488322116434574,27.68,0.8315367705317458,0.8315367705317458,0.8741385286594159,0.8996271536991687,0.9248100591893904,0.943673347341183,0.9652375449386649,0.9792513385294741,0.9934774463171414,1.0166896508786412,1.0310766283188852,1.0456662349806602,1.0611727368373687,1.069656656557473,1.0820227094951125
adx_10 <= adx_14_sft_3,-0.0026096124,98878,27129,71749,12.28,-5333.3913928843685,-591.2717572524562,234f8ad1c2baf91b95c9f1aef2798b533888ce55558d2a8e51c247014080fabc,30,-0.007087519858032465,26.93,0.771432958217518,0.771432958217518,0.818580682281538,0.8588138885308517,0.8996324077676182,0.9399735242831251,0.9851603268404997,1.0103363844585231,1.0385880108934704,1.0641744823129824,1.0765372838586178,1.0841665532883622,1.0962052420649757,1.1079969594102648,1.1248758571255872
willr_30 <= willr_14_sft_3,-0.0026157014,98878,51284,47594,12.34,-5616.770656757009,-940.7042875892585,1427ae29e5c4ed561613e902f1f63301f41038d7cf9fdf54aa945c6a3e2bca60,30,0.0038165897130966187,27.61,0.8601608045769387,0.8601608045769387,0.9116664431082302,0.9468705401026501,0.9700877476151218,0.9872149498736539,1.0048170436771224,1.0260037510368916,1.0495408190669095,1.0728947624297642,1.0877189087235077,1.105415896818765,1.1199623769303892,1.1243026344526506,1.1316797363028355
sma_100 <= Open,-0.0027162358,98878,44741,54137,12.32,-4280.494206018371,-691.746791400481,659d58123c665d04b1d1e2e117e70aed112d82f8ffe31d55b35e1d954526de02,30,0.003909693099558353,27.64,0.8837065368148388,0.8837065368148388,0.9670025789321854,1.0301293218540402,1.0818543529427946,1.1275166798492624,1.1674498420322112,1.2071885845912629,1.2414036970633087,1.271808276632225,1.2936416837636016,1.3150157739359603,1.335961445014107,1.3601903244768652,1.378303498559151
adx_5 >= 18,-0.0027204396,98878,96696,2182,12.4,-12151.625353719737,-1854.6442051726553,4118d96628e9d7109ca1b25b71d8f7665de5864ad974c7631ea4a76d380fc96f,30,-0.008354386314749718,27.39,0.8487353933399081,0.8487353933399081,0.9027565632299531,0.9424294371652245,0.9739146837021143,0.9987386302748349,1.019113916453826,1.0368714877350453,1.0530666149869186,1.0698816302210863,1.0846274669307676,1.097426646227796,1.1110644454008929,1.1231286049076223,1.1351674479721108
bb_lower_2_10 <= bb_lower_2_30_sft_1,-0.0027341468,98878,24500,74378,12.26,-3604.580004729373,-590.1471900657561,1b1f7d2955b86143cbe65db86c488966f4bce7b7721643a6a4f3f03e8b4d5ec5,30,0.006299146451056004,27.93,0.8206666049552108,0.8206666049552108,0.8672302446899943,0.9022699539162493,0.9310869444087282,0.9348769533071626,0.9516140558185071,0.9672207192328919,0.980357974632244,0.9917636833582787,1.002991384064727,1.0079616971947738,1.0168798379780848,1.0266066800070281,1.0397282197937632
plus_di_30 <= plus_di_30_sft_2,-0.0027346793,98878,61347,37531,12.35,-7437.120738668794,-1194.5105727325572,bd972efc927c87708f479b3c989a305bfeb89b6aa0381d01606955fa59f6baca,30,-0.006381601095199585,27.22,0.8479155722094065,0.8479155722094065,0.8908124765408584,0.9229008762444488,0.9413206781478457,0.9649872317771837,0.9883836605101166,1.011939351969099,1.0268019316485446,1.041188540082504,1.053899767584362,1.0688679753235284,1.0876105884776717,1.0967760422143358,1.1024352986303911
aarod_14 >= aarod_20_sft_2,-0.002757255,98878,40587,58291,12.31,-5007.964874265908,-675.3601753635885,010ce60baf3de2cf8c4bcfd243c9185441a26efa8e16690af1f746cc88b42f78,30,-0.002952062524855137,27.29,0.8472207464012835,0.8472207464012835,0.900803034133854,0.9330499256827366,0.972081808518126,1.0044319293005104,1.0246966693407407,1.0402943899481252,1.0474888975404408,1.0655721242584015,1.085501514165079,1.102773208918034,1.1223405445508463,1.1503291455999995,1.1706603554529555
mom_20 >= mom_2_sft_3,-0.0027795807,98878,48898,49980,12.33,-6541.64555623506,-835.0995706563044,eaab1708ca388033e741f56742381a7a1263cfafa2fbe8f413d450736cce3e74,30,-0.008568505756556988,27.06,0.8469373435751679,0.8469373435751679,0.9195586110200966,0.9678946856053648,1.002956602653265,1.0392724223847642,1.0691452198677869,1.0942819133572974,1.1166530928611378,1.1326438752731012,1.1455280152296472,1.1501377530964263,1.152694539857275,1.1654407753372324,1.182163357511884
willr_30 <= willr_5_sft_3,-0.002807431,98878,51768,47110,12.33,-5970.487402610427,-968.9399912481967,1427ae29e5c4ed561613e902f1f63301f41038d7cf9fdf54aa945c6a3e2bca60,30,0.003961854614317417,27.61,0.8520277264770093,0.8520277264770093,0.8982905857673059,0.940880667559346,0.9631759006388219,0.982245607212141,0.997318433635231,1.0150074187727982,1.0365728442161881,1.0547647626152903,1.0659106556700637,1.0892284800151737,1.1103748212563724,1.1190633848378155,1.1265246081256535
sma_100 <= Low_sft_1,-0.002820379,98878,40321,58557,12.31,-3137.9891104751773,-560.4478606092089,984863a5cb13aec2699710705080435de7dea983a917ddee35d0db64a2bad484,30,0.005669353995472193,27.75,0.9043667079431804,0.9043667079431804,0.9936064480955543,1.0565844910613336,1.1116884508155478,1.1599145581722183,1.2017706625871183,1.2450888873169408,1.2845470735124398,1.3107515129652745,1.3336904796889548,1.3530023673440548,1.375979332369535,1.402768388950614,1.4222361169636828
aaro_10 >= aaro_5_sft_1,-0.0028273724,98878,55038,43840,12.34,-7714.036216362641,-1136.966112142858,fa1fba1a54e25d7a96ab29b0d7c633f260580ef2319f10dc44e85c501c26793f,30,-0.0045686038210988045,27.26,0.8340327323404609,0.8340327323404609,0.8956022994454768,0.9321097831931598,0.9577422640776716,0.9845477080284178,1.0001103105302702,1.0136439978579685,1.0297875945986867,1.0532472125469485,1.0736495049123749,1.0832732624481451,1.0983874128422328,1.1148852510051135,1.1330671130998486
mema_5 >= Low_sft_2,-0.0028544504,98878,79519,19359,12.37,-11308.942081553509,-1583.941577429512,e7e0f1d344c8e3b4344908a65185f87340bab0bfe5216b7073401aaebfc88a19,30,-0.01301877386868,27.16,0.8340848251916628,0.8340848251916628,0.8919520653533649,0.931410196468388,0.9603439308230227,0.9864599349550002,1.013392507528863,1.0315450206888368,1.0488381892402219,1.0630138315861226,1.0801690317589754,1.0925897339951003,1.1037600784429402,1.1156170526581786,1.1293009476495894
aaro_30 <= -80,-0.0028679036,98878,10556,88322,12.14,-1725.0933711241087,-246.88598592554627,87b58f9896252e251c68e9159d326bea7ed912172d4942a46db4a6bfa531cebe,30,0.007406239397823811,28.4,0.7839477409185577,0.7839477409185577,0.8411809805461679,0.8688213749308682,0.8878759947078713,0.9063596323541421,0.9091061880518807,0.9218586622879631,0.9273859937148815,0.9340534704609336,0.9477748956901689,0.9659509768561968,0.9703450648741954,0.9746203418396037,1.001397863314232
aarod_30 >= aarod_10_sft_2,-0.0028680542,98878,58703,40175,12.34,-7749.428401016862,-1170.0273848513534,010ce60baf3de2cf8c4bcfd243c9185441a26efa8e16690af1f746cc88b42f78,30,0.0039224037900567055,27.59,0.8400574471568807,0.8400574471568807,0.8892304353784213,0.9297620202941722,0.9639691611246143,0.9845124960391766,1.009490613188016,1.027886804106995,1.0552041112743256,1.0716665904847966,1.0826440552022678,1.089327665355654,1.0994735206561,1.1071368211500452,1.1173376453690604
minus_di_10 <= 22,-0.0028684437,98878,51293,47585,12.33,-6976.688562968715,-932.7236833250572,cee77ee220a5e77fe95d20a730179fabcb0f2e40106664424787bbccffac6b44,30,-0.03072347305715084,26.12,0.847649029092395,0.847649029092395,0.9033983497685961,0.9440870135686934,0.9695719428026351,0.9909705929802373,1.012422816456492,1.024195970779193,1.0330065498892798,1.034390496004438,1.038527642142923,1.0422784316005667,1.0497821282657418,1.0626737203920658,1.068787885497538
mema_5 >= High,-0.002876519,98878,17521,81357,12.21,-1903.0597243123111,-346.82020740884036,b49daa998de516ee8744d85f0961964bee1fbf801ca0904e585341376b8b86ae,30,0.0025744540616869926,27.69,0.8545567790256559,0.8545567790256559,0.9002716096803398,0.9550524532521004,0.9737915697367547,0.9902409495903772,1.0049382644898763,1.035274206685791,1.0479830915838448,1.0733481062112507,1.102329178283353,1.1139397765633223,1.1347980034321086,1.1412201860337723,1.167989082238663
bb_lower_2_20 >= Low_sft_3,-0.0029074063,98878,4917,93961,12.0,-1023.922791265155,-110.29719982693496,4e26baca5a6303a13016cf43f2fb7e5c7be993260b396d0848e5bc87608a1ef6,24,-0.0014931285986676812,25.44,0.7526327114846065,0.7526327114846065,0.8530898957538933,0.8781728399308734,0.8726147331610407,0.8693290006877684,0.8475510465095012,0.8688214102135204,0.9072344362286884,0.9275129171864651,0.9274494088743397,0.9297051314661611,0.911923778117071,0.9264070848730366,0.9092705042227539
willr_10 <= willr_10_sft_1,-0.0029196022,98878,53320,45558,12.33,-4151.367416502613,-909.5774924374855,1427ae29e5c4ed561613e902f1f63301f41038d7cf9fdf54aa945c6a3e2bca60,30,-0.002347905421629548,27.35,0.9007108190456178,0.9007108190456178,0.9502785839470248,0.9822938402253418,1.01238619496318,1.0383535380696636,1.0521845964779295,1.0692953566900745,1.0819847600130328,1.1081433154540667,1.1229736043975103,1.1400002014900603,1.1558525798999653,1.1703186537594816,1.1759147534515226
willr_20 <= -4,-0.0029270966,98878,93020,5858,12.39,-13364.178001127486,-1832.6331611072164,c087f74a8ef9fdefe2bfbfe4c42e7c177e68996d73089fae9a8de15f5638210d,30,-0.0024265001993626356,27.42,0.8261956581690969,0.8261956581690969,0.8742205554787186,0.9102860431797358,0.9352542259663712,0.9619575962743954,0.9839571950541435,1.0035182354554883,1.0204737762066376,1.0380150361956761,1.054886592308069,1.0705912580405932,1.0852258881781585,1.094973681674262,1.1055082799600366
mema_20 >= Close_sft_2,-0.002929458,98878,51301,47577,12.33,-8684.373410605152,-1137.8868763294377,1e15dac9f18b8bc737934702402ffb02b545ee7fbda8772d4c0156705e9d2a44,30,0.0020627519115805626,27.53,0.7890091334346254,0.7890091334346254,0.8290265611693333,0.851623797114839,0.8760677628253488,0.9018092168199351,0.9205821544160759,0.9404183588490285,0.9635174710276627,0.982949297123001,1.0083470927991263,1.024760257688767,1.0330949012073762,1.043938355744999,1.0581871255309467
stdev_5 >= stdev_10,-0.0029389558,98878,21019,77859,12.23,-3108.712999948868,-444.6001915193192,a092dbfa6dbefd1d342d1a211503f33f5c7745cd5359e4d4115f2b75459bc7b9,30,-0.005520198494195938,26.97,0.8292113233471352,0.8292113233471352,0.8598114963611526,0.909564321345498,0.9574068214959753,0.9775277878147385,0.9802580922775673,0.9877759504096032,1.0046634419576927,1.0296150213758666,1.0512284282647912,1.0602449245641383,1.06950164810398,1.080730042817853,1.096725679437081
sma_5 >= Low_sft_3,-0.0029665597,98878,78618,20260,12.37,-10670.669061931807,-1551.023563628034,7e47ad2f5aad8309cb5e81c51f9a75f0ebc795f902c6c62c65c20c0b4901b7f7,30,-0.013456885702908039,27.14,0.8419755314130623,0.8419755314130623,0.9014697708848796,0.9418002375602784,0.9718151630437014,1.0025632565807143,1.0274006259363135,1.0447599396902434,1.0616607764310437,1.0736284480907037,1.0912519585823377,1.100753502716891,1.1141902523816212,1.1276849019069577,1.1340888330372083
sma_20 <= Close_sft_2,-0.0029666258,98878,47795,51083,12.32,-5105.813516865841,-821.4019164159472,50a0e61b02a2d5c963e9603b4bade036c42f4965c5f54e99ff926c2165cc53b8,30,-0.004140967037528753,27.25,0.8742486237556854,0.8742486237556854,0.9355850243025274,0.9848913038842139,1.0201542236178538,1.048447324876905,1.0765991355199829,1.0944029229500405,1.1080515238100639,1.1234488070021236,1.1299076721688834,1.143506405334516,1.1577973026023327,1.1726045884308574,1.1817447319057015
sma_20 <= Close_sft_3,-0.002981876,98878,47797,51081,12.32,-4858.282177936409,-800.219211427815,50a0e61b02a2d5c963e9603b4bade036c42f4965c5f54e99ff926c2165cc53b8,30,-0.00770336389541626,27.09,0.8791220815736548,0.8791220815736548,0.9296413432405336,0.9778108590522748,1.0138109590730335,1.0429567372649415,1.0682340405310142,1.0856923901820397,1.0992647980557129,1.1123130097790082,1.1235612715061736,1.1427234255149648,1.1545642367022437,1.1633220249416016,1.1748219814273795
aaro_10 <= aaro_5_sft_3,-0.0029925322,98878,55502,43376,12.33,-7079.009701158885,-1080.8158221613194,03178e4886fc07979b0c314ad9c68ba2f86b07645c5f6bfdb6bc96b9669a3c24,30,-0.002488554222509265,27.35,0.8438721314546824,0.8438721314546824,0.9052178048505507,0.9442056692276728,0.9680275409135762,0.997388861114198,1.0204723799764615,1.036863292730975,1.0481724506642012,1.0653487815676295,1.0904544199752937,1.1109393925169218,1.1286845321824335,1.1332041889712612,1.1460803653289633
aarod_14 >= aarod_20,-0.0029925564,98878,37173,61705,12.29,-4466.315281574371,-638.7772158932057,010ce60baf3de2cf8c4bcfd243c9185441a26efa8e16690af1f746cc88b42f78,30,-0.0061813234351575375,27.09,0.851670078444082,0.851670078444082,0.9028462092174722,0.9392940622589316,0.976824707241688,1.0091229841129647,1.0270754913272453,1.0405787379452052,1.050094850788218,1.0674820845865451,1.090506824472541,1.1061815426111818,1.1271776056727714,1.143546676061893,1.1729018864623184
mom_20 >= mom_5_sft_2,-0.0029987392,98878,49112,49766,12.32,-6819.911149452499,-883.1538906584974,eaab1708ca388033e741f56742381a7a1263cfafa2fbe8f413d450736cce3e74,30,-0.010867813602089882,26.96,0.8405049267137675,0.8405049267137675,0.9096525749174018,0.9598163731064822,0.9904532636102352,1.0254025554582165,1.051098245347448,1.0792734955941155,1.1031298415000963,1.1241909399701837,1.135175981686508,1.1404472423096332,1.1444054522513507,1.159322402404502,1.1776023742836763
aaro_5 >= aaro_10,-0.0030049365,98878,55214,43664,12.33,-7842.214698449175,-1090.187409209524,fa1fba1a54e25d7a96ab29b0d7c633f260580ef2319f10dc44e85c501c26793f,30,0.00020788816618733108,27.45,0.8287736719053689,0.8287736719053689,0.8840386129042501,0.9224295374074443,0.960858786302294,0.9869512698967836,1.0188781169999555,1.0435895152367534,1.058353293116263,1.0700001945559015,1.0788357593036848,1.0981517449159723,1.1171440237843084,1.125375431029911,1.1372511411630937
aarou_30 >= aarou_20_sft_2,-0.0030202756,98878,63609,35269,12.34,-9000.883173716491,-1253.3638876126133,0f031b3780e6467809600593d6806420193325d9573f332c17b627db66a26893,30,-0.006077173165977001,27.24,0.82781914834014,0.82781914834014,0.8781734646881554,0.9131827462194434,0.9463105803487843,0.9709202470988395,0.9883845265937125,1.0003363024462293,1.0135458152869823,1.0273126790588543,1.0425863667144477,1.0609853167676062,1.077975226857646,1.0859403488164583,1.101320002246746
aarod_14 >= aarod_5_sft_1,-0.0030445077,98878,62423,36455,12.34,-8086.2665598462445,-1177.5967200306914,010ce60baf3de2cf8c4bcfd243c9185441a26efa8e16690af1f746cc88b42f78,30,0.0029618919361382723,27.55,0.8430810322237501,0.8430810322237501,0.9048970460059663,0.9312792146503029,0.959751620018964,0.9827730404403786,1.006992584540901,1.0288768903421652,1.0413596864883992,1.0553740548887032,1.075225635606178,1.0921986007683193,1.1150645227871623,1.123231941629181,1.1344972119554895
plus_di_14 >= plus_di_10_sft_3,-0.0030572256,98878,47823,51055,12.31,-7056.8277409731645,-897.0185263970998,e29890bc12ea37e8ab50982e55f5d20643af7c43a2ddc27569a065e219a2f597,30,0.0029483071994036436,27.58,0.8255293763544618,0.8255293763544618,0.8861521663683884,0.9330619901636638,0.9687375636977175,0.9938321019348428,1.0180846653072404,1.0427133162389206,1.0686011667315727,1.0927288373714097,1.1102110010305446,1.1299515755041871,1.1406450074232735,1.1670842672744999,1.1787737652945713
adx_20 <= 8,-0.003066293,98878,822,98056,11.31,-170.16381434015057,-18.662663978822817,3c92cb65188a6807549ad02f373e5063a01a53cbce3d2b8fe4af860199995f57,22,0.0,0.0,0.736644755586558,0.736644755586558,0.8058078746024712,0.854971475129512,0.8932027013966691,0.9654163754043537,1.01082998396129,1.0422917098769742,1.1601319786601259,1.1818853156027431,1.2494815078341066,1.2265128095202837,1.132592259037478,1.06104472098012,0.9836066263135195
minus_di_10 >= 21,-0.003102935,98878,51364,47514,12.32,-6788.311214898269,-1074.1221475962593,a06e18f5f366aa3040f30d3f53c74e6c3d30e6b8f15e9282eabbaa7fe9dd85a0,30,0.027135036885738373,28.61,0.8270121865715461,0.8270121865715461,0.8774096081461034,0.9121450658952458,0.9452315817916179,0.9725385636372401,0.9958883626646802,1.0243491244305256,1.049055249190838,1.0833767485763093,1.1134977343973451,1.1396085322134155,1.157725479730241,1.1724357043875908,1.1912795523893946
atr_14 <= atr_10_sft_2,-0.003105969,98878,45485,53393,12.31,-5541.54112464951,-847.6108802887466,6c56a6e37fe7066fac040219b9e7cfe2398571a456467cde7a8327153ebc94da,30,-0.0038346489891409874,27.26,0.8525240436263086,0.8525240436263086,0.9095458888310254,0.9467981720028941,0.9711282151065718,0.9958672847276673,1.014176178854379,1.0373159110258927,1.05045267574259,1.0643622386279505,1.0823461705819402,1.09730831277913,1.119490477516495,1.1393068422566555,1.1578450727291787
stdev_30 <= stdev_20_sft_1,-0.003106526,98878,22689,76189,12.23,-2648.9425535105597,-439.02865015814314,76cc05d7e847d59489f80a379ae9909f097acc0055c98dd465d85c99099ff3c8,30,-0.010509285144507885,26.59,0.8544753306487187,0.8544753306487187,0.9144494396325487,0.9409023003973048,0.9655360570011587,0.9843709410607863,1.0017804217213209,1.0149776550494525,1.0115673204195885,1.0107358544610052,1.0055655002225994,1.015327603824239,1.0291242482512462,1.0358959317654417,1.0393481380314529
plus_di_10 >= 3,-0.0031159811,98878,97842,1036,12.41,-12770.466202429485,-1910.3022410642589,4f583626fd6f59b1b2e0825c720b1d1aad3858951a5b50964ea86a5c13485b5d,30,0.008308915421366692,27.48,0.8432775415486672,0.8432775415486672,0.8976602988265218,0.9363830169393041,0.9665049130666937,0.9910146398052802,1.0122835055434614,1.0311316180656107,1.047941152174967,1.0647066816251072,1.0802692929220339,1.0945164911781664,1.1087845339779576,1.1218313965828695,1.1339989723296682
mom_15 <= mom_5_sft_1,-0.003135474,98878,50845,48033,12.32,-6790.573542718023,-1029.6180102407598,99b230403b43b61a62d1e1bb62b812e1617b1ac927f76ee434dad8be358b43f3,30,0.005515196360647678,27.68,0.829188995694723,0.829188995694723,0.8682867493573206,0.9004271296840942,0.9287122421771938,0.9430531947055902,0.9657743307366361,0.9760594160561133,0.9943612351743957,1.0133525338463252,1.0352992286250964,1.045661249655317,1.063126611771378,1.074975264569366,1.086920925388797
willr_20 <= -13,-0.0031431988,98878,85527,13351,12.38,-12211.358815734482,-1702.0130695486296,c087f74a8ef9fdefe2bfbfe4c42e7c177e68996d73089fae9a8de15f5638210d,30,-0.0025749222841113806,27.4,0.8254325903727135,0.8254325903727135,0.8724939011743815,0.9037555945407791,0.9238240094829415,0.9446321020522584,0.9675046238019845,0.9887992234024666,1.0077877231592955,1.0280511302150752,1.0447610049395868,1.0604688052958144,1.0736535596049213,1.0848940819399688,1.0922431257009237
aaro_30 <= -76,-0.0031697215,98878,12346,86532,12.14,-1936.5516619238624,-278.60153520647145,87b58f9896252e251c68e9159d326bea7ed912172d4942a46db4a6bfa531cebe,30,0.006969225127249956,28.27,0.7922699355815753,0.7922699355815753,0.8410571911330444,0.8819304842905621,0.9060819347573393,0.9310100282732188,0.9365880909032479,0.9407624705334665,0.9428469504857453,0.9509435332875034,0.9610096475555151,0.9767063660058145,0.9874937998209246,0.9945135272530422,1.0164692641818553
aarod_5 <= aarod_30_sft_1,-0.0031787443,98878,53201,45677,12.32,-7626.282262078232,-1064.3855834975911,1c17b055d6052442bbc23e9c5f48c3b369df45790e4212d5edae44425931e847,30,0.006956297904253006,27.73,0.8305358657174426,0.8305358657174426,0.8837081255369919,0.9122980236275806,0.944514609734891,0.9672882799443245,0.9896325068626686,1.017811786361897,1.0351518778378002,1.0476599833847446,1.0634642853692897,1.079301322918285,1.0962681649901875,1.1003088363013043,1.1069557415240423
aaro_20 <= aaro_14_sft_3,-0.003236697,98878,51293,47585,12.32,-6081.339710146463,-983.436148511908,03178e4886fc07979b0c314ad9c68ba2f86b07645c5f6bfdb6bc96b9669a3c24,28,-0.0027331572491675615,26.85,0.8538674834516019,0.8538674834516019,0.9094571769853179,0.9421907546012624,0.9577007239627425,0.9824535677729497,1.0146551957177605,1.041770849508449,1.0606092754159215,1.0721125191217764,1.0890392122505477,1.1071677747193596,1.1229653248347804,1.1344120764398375,1.133875282679934
aarou_30 >= aarou_30_sft_2,-0.0032477193,98878,23741,75137,12.23,-3458.212682297243,-484.3470508205937,0f031b3780e6467809600593d6806420193325d9573f332c17b627db66a26893,30,0.0004403315542731434,27.48,0.8330270964862189,0.8330270964862189,0.9036700490330494,0.9537370867197711,0.9996684763209817,1.0403512941722226,1.0552651395702768,1.0708798734990381,1.0902743951327791,1.1003559588082399,1.1172146979850195,1.1368987642242314,1.1545349320588516,1.1620018847828408,1.1937362191407401
adx_5 >= 17,-0.0032733213,98878,97326,1552,12.4,-12159.469229526632,-1867.4510001506933,4118d96628e9d7109ca1b25b71d8f7665de5864ad974c7631ea4a76d380fc96f,30,-0.008032795041799545,27.4,0.8495795893346245,0.8495795893346245,0.9026981060978576,0.9413758998363522,0.9724756745459597,0.9979572401962931,1.018993814571887,1.0367091159592436,1.053316854253571,1.0701180930414576,1.0847080286167317,1.0976024623844218,1.1109047376262227,1.1236616472397734,1.1365071685676018
stdev_5 >= stdev_5_sft_1,-0.0032822862,98878,50349,48529,12.31,-5118.638244978943,-948.5807045832553,a092dbfa6dbefd1d342d1a211503f33f5c7745cd5359e4d4115f2b75459bc7b9,30,-0.004816866479814053,27.23,0.8756962750363089,0.8756962750363089,0.9261287746454199,0.9624350555641703,1.0045940220458882,1.026555472921998,1.0371819856095428,1.051964626688535,1.0666216614838395,1.083598789585387,1.092795562686326,1.106546564043925,1.1147188111521045,1.1238933450556874,1.1408664748450201
bb_upper_2_10 <= Close_sft_2,-0.003284165,98878,819,98059,11.23,-50.69852770352736,-13.230995954763781,4aa098b95dabd7168bbfce38d1fe5bd4350fa2d5da10de71df5da0c41bf16fa2,28,0.0,0.0,0.9251565469742119,0.9251565469742119,0.8599452090378942,0.9981283159711326,0.9984735831643196,1.0637092337209308,1.0369259539647688,1.0678686634829797,1.1203948209616839,1.137811587945395,1.1492108880248544,1.1321920231276859,1.1519365355319886,1.2399124679572306,1.2083600727295312
aarou_14 <= aarou_20_sft_1,-0.0032860006,98878,71186,27692,12.35,-9008.333773946786,-1322.2506334125283,11ecda3140789fc7bb03c4e9ce6db1e36d26d05f5895e9047d4b04d8e05db454,30,-0.008022675290703773,27.22,0.8466429713956711,0.8466429713956711,0.8990725835507383,0.9395608939831361,0.9683053809208445,0.9995153716026253,1.0220661269438518,1.0406001038424064,1.0531676785768231,1.0677159130227087,1.0764445752842582,1.086234458421065,1.0973320523911643,1.1121652779346867,1.1266986530052159
mom_2 >= mom_10_sft_2,-0.0032980854,98878,51132,47746,12.31,-8761.027848054171,-1086.3575751713652,eaab1708ca388033e741f56742381a7a1263cfafa2fbe8f413d450736cce3e74,30,-0.005176872946321964,27.22,0.7922863257125935,0.7922863257125935,0.8413591173852193,0.8724770215894383,0.9057803597180168,0.9282704272206971,0.9488547339088598,0.9728096381601388,0.9986677099394297,1.0105168740127706,1.031974378756124,1.0429799643549074,1.051577040144956,1.0587308243076508,1.0776287857091393
mom_15 <= mom_20_sft_2,-0.0033081556,98878,49362,49516,12.31,-5553.082618916724,-830.6731317948579,99b230403b43b61a62d1e1bb62b812e1617b1ac927f76ee434dad8be358b43f3,30,0.0016604706179350615,27.52,0.8585882148071063,0.8585882148071063,0.9048614808843957,0.9404613064414783,0.9757971377715136,0.9991885581069998,1.0188918804975398,1.0379187761990454,1.0464279767938152,1.0620637340662076,1.0638839055633231,1.0661741044779887,1.0840197070157038,1.1037844952250693,1.1274652070076243
bb_lower_2_20 >= bb_lower_2_30,-0.0033144075,98878,63670,35208,12.34,-9487.82149132539,-1176.750645915432,14f3c68ebc76bb97608c90e96e22d07d8e6617ab0d939b3b0b66c54f45811d90,30,-0.003085429547354579,27.34,0.8203498930761779,0.8203498930761779,0.872729164327873,0.908183627913762,0.9332376180939839,0.9589833655608032,0.9844006663031784,1.0092803648547368,1.0335849236931256,1.0624690860986943,1.084995481416544,1.104807067995806,1.119096698864413,1.1308626820803023,1.1460168113424236
aaro_30 <= -83,-0.0033252162,98878,8931,89947,12.07,-1617.9649826023815,-215.820265848306,87b58f9896252e251c68e9159d326bea7ed912172d4942a46db4a6bfa531cebe,30,0.005288983695209026,28.19,0.7646383998830237,0.7646383998830237,0.8301748177678311,0.8491080547072396,0.8792363360222072,0.8968138686259924,0.9022366241876444,0.9181794458925302,0.9234274144670782,0.9352507015755538,0.9537121657440621,0.9695786545367779,0.9770681873063576,0.9764575807250999,1.0083236664170083
sma_20 <= Low_sft_3,-0.0033289776,98878,32678,66200,12.26,-3334.449290919685,-548.6267985582599,984863a5cb13aec2699710705080435de7dea983a917ddee35d0db64a2bad484,30,-0.0024309735745191574,27.29,0.8795968978910665,0.8795968978910665,0.9480133909332596,0.9978325720144099,1.0340419930219134,1.0569728591531538,1.0849226392304137,1.1068451772306005,1.1225823315159233,1.141345784696809,1.1590431390191327,1.1891503405962929,1.2093857856892958,1.2164412984277662,1.236052953589586
mom_2 >= mom_5_sft_2,-0.0033396354,98878,51226,47652,12.31,-7336.429150465014,-1038.217720274879,eaab1708ca388033e741f56742381a7a1263cfafa2fbe8f413d450736cce3e74,30,-0.005530910566449165,27.21,0.8281825783945524,0.8281825783945524,0.8653299063153994,0.897260714692252,0.9220993659599831,0.9462099906145868,0.9620830242472486,0.9876409607443809,1.0082365283965655,1.0294603347692415,1.0512420382527472,1.0655526596105538,1.069404434670199,1.0826540710142059,1.0991675798222809
aarod_30 >= aarod_14_sft_2,-0.0033468187,98878,59898,38980,12.33,-8100.1486718374945,-1190.844775076992,010ce60baf3de2cf8c4bcfd243c9185441a26efa8e16690af1f746cc88b42f78,30,-0.003476712154224515,27.32,0.8354908757470701,0.8354908757470701,0.89250272824299,0.9256452201720107,0.9545846699706462,0.9826665798409386,1.0145435167551706,1.0393473764133978,1.058434685284231,1.0676887611110666,1.0763432775805384,1.08546758040935,1.093510583938144,1.1024687825632393,1.1073447726483336
aarod_10 >= aarod_10_sft_2,-0.0033573227,98878,39495,59383,12.28,-5072.168577342458,-800.1020363640928,010ce60baf3de2cf8c4bcfd243c9185441a26efa8e16690af1f746cc88b42f78,30,-0.008115245029330254,27.0,0.84393948747749,0.84393948747749,0.8950183967663501,0.9386931835331438,0.9693175533938544,0.984870114588614,0.9986132850178404,1.016705261532286,1.0502408463457165,1.0720267597238096,1.0806548195152117,1.0993411991120299,1.1213056227137062,1.1313917642133797,1.145829446475252
aaro_14 >= aaro_10_sft_1,-0.0033579627,98878,51486,47392,12.31,-7729.854694061571,-1055.527550036386,fa1fba1a54e25d7a96ab29b0d7c633f260580ef2319f10dc44e85c501c26793f,30,-0.0037789661437273026,27.28,0.8197085600562684,0.8197085600562684,0.8787460498678947,0.9137096953625402,0.9353735566657149,0.957971891311691,0.9807584348922392,1.0109486259572373,1.0281729560802,1.039045430024671,1.0549867211728177,1.0718264735678131,1.0926433399431115,1.1052343158329712,1.1094807152956214
aarou_30 <= 17,-0.0033606645,98878,27638,71240,12.24,-5150.556229631911,-621.5787345752979,da60be741621a42d93721696dcc6252cb06464cd161c4da151f0e18e03138794,30,0.012967725284397602,28.37,0.7683333469472127,0.7683333469472127,0.8229556963589972,0.8537763123368504,0.8830503726125479,0.9196972546290554,0.9495618903289023,0.9763665563724657,1.0191219073095452,1.0539224736569883,1.076277824525394,1.094061968707989,1.108490469647446,1.1138679880968083,1.123094661165517
willr_20 <= -6,-0.0033636973,98878,91548,7330,12.39,-13199.9181314872,-1804.4456332698246,c087f74a8ef9fdefe2bfbfe4c42e7c177e68996d73089fae9a8de15f5638210d,30,-0.0021009771153330803,27.42,0.8252188038108194,0.8252188038108194,0.8726846043893428,0.9083230044969968,0.9317063565559932,0.9561464142741695,0.9783307979440478,0.9986267041098912,1.0163964046240896,1.03564425133477,1.0531904905639329,1.068877329859418,1.0837136107194558,1.093765930573834,1.10297308131135
sma_100 <= High,-0.003373138,98878,49137,49741,12.31,-5447.47855808758,-824.9800337951019,96dbcbed1df94b1ba010b345e5b1a9039b5cdd6019405ebbb50c28754007bf82,30,0.0002893810160458088,27.46,0.8670485852901875,0.8670485852901875,0.9460275522365168,1.0013547225817756,1.046731370594807,1.0890401780589525,1.127097265446816,1.1630974694394423,1.1951633535743285,1.225129036412965,1.246825410983576,1.267027839100442,1.2873066940712543,1.307029121736135,1.3243033332158407
willr_20 <= -3,-0.0034070043,98878,93627,5251,12.39,-13448.971346956609,-1844.0920342268946,c087f74a8ef9fdefe2bfbfe4c42e7c177e68996d73089fae9a8de15f5638210d,30,-0.0029174843803048134,27.41,0.8264291320414721,0.8264291320414721,0.8743496993091336,0.9106073086249588,0.9372363115234831,0.9643875450903597,0.9863164100875734,1.0063622810814243,1.0242505552955568,1.0416908701466545,1.0579450841977922,1.074120387677966,1.0882420333590384,1.098221238499002,1.108820248618121
aarou_14 >= aarou_14_sft_3,-0.0034202575,98878,38664,60214,12.28,-5173.918990729333,-771.6725056235737,0f031b3780e6467809600593d6806420193325d9573f332c17b627db66a26893,30,-0.0007574153132736683,27.4,0.8425297485730969,0.8425297485730969,0.898159460329256,0.9437997968575449,0.9868636646523863,1.0073066484091995,1.034218756004565,1.059893453576528,1.081843913287899,1.0981688999536985,1.1108544252916486,1.1292658531290238,1.144880068161196,1.1586846797189567,1.184730492012818
atr_14 >= atr_10_sft_2,-0.0034262207,98878,53169,45709,12.31,-7932.1900117912455,-1078.8704196962863,532171b4b026df3b7d23c8264137467a8cc80a53ca41565a8c760a4fc7c55907,30,0.0005365568213164806,27.47,0.8203049954882435,0.8203049954882435,0.8745728031693395,0.9117505290518183,0.9429502930154108,0.9678304410900481,0.9935854123700861,1.01015142704182,1.0314310411936116,1.0514455892376033,1.0655922749089581,1.0802466542241127,1.0877357132251584,1.0946862312205048,1.1019494688395848
aarou_30 >= aarou_20_sft_3,-0.0034297951,98878,59772,39106,12.33,-8560.77034034285,-1164.4675336864966,0f031b3780e6467809600593d6806420193325d9573f332c17b627db66a26893,30,-0.00581177044659853,27.24,0.8263980017101811,0.8263980017101811,0.8767896903525632,0.9164042366398508,0.9442726321612126,0.9723175660901098,0.990132338173064,1.0031695141423467,1.0187432714886746,1.0370915692187055,1.057354850988974,1.0790341680202606,1.0912533789309447,1.1015380151177863,1.1174066157258178
mom_15 <= mom_20_sft_3,-0.0034336555,98878,49306,49572,12.3,-5601.929131625312,-830.6840880822419,99b230403b43b61a62d1e1bb62b812e1617b1ac927f76ee434dad8be358b43f3,30,-0.00045318377669900656,27.42,0.8563638925976921,0.8563638925976921,0.8981302094444722,0.9371297408320459,0.9759918965952566,1.0013956970313456,1.0227104236148086,1.0416768377035879,1.0517911586565527,1.0613074403383778,1.064225088612562,1.0683414688300656,1.0846401043799079,1.100141556962775,1.120572393418509
aarou_14 <= aarou_20,-0.003442147,98878,77564,21314,12.36,-9948.093909866166,-1439.726936047351,11ecda3140789fc7bb03c4e9ce6db1e36d26d05f5895e9047d4b04d8e05db454,30,-0.011209757998585701,27.18,0.8459211642679607,0.8459211642679607,0.9011203796256377,0.9409719252153833,0.9731242087232932,1.0011073003979005,1.023269366832846,1.040674036115755,1.0559865716589325,1.0702490667478453,1.0805477927610254,1.090149123885044,1.102320775272142,1.1144031090438755,1.1306337946301255
mom_15 <= mom_20_sft_1,-0.0034428628,98878,49581,49297,12.31,-5535.770033632637,-811.8560781213455,99b230403b43b61a62d1e1bb62b812e1617b1ac927f76ee434dad8be358b43f3,30,-0.00255974056199193,27.33,0.8597272264102774,0.8597272264102774,0.9131275192932528,0.9445861358514341,0.9784873147737698,1.0030250966810217,1.0284014433744582,1.044568040293171,1.0591489850418399,1.0771040286237572,1.0832432717394551,1.0840450748144945,1.0948399459218943,1.117830602721581,1.1405295953176322
aarod_10 >= aarod_10_sft_1,-0.0034497513,98878,34147,64731,12.26,-3528.3679648742877,-667.3669210513108,010ce60baf3de2cf8c4bcfd243c9185441a26efa8e16690af1f746cc88b42f78,30,-0.004319475032389164,27.18,0.8717764849073105,0.8717764849073105,0.9125344961250564,0.9444732914998814,0.9821342408503579,0.9965057135369335,1.0108593836876791,1.027432905332445,1.0509423130796876,1.0824522242438621,1.0945714367477004,1.107912075838835,1.129961495896492,1.1363253459306903,1.156062339869728
willr_20 <= willr_20_sft_1,-0.0034519308,98878,53454,45424,12.31,-4555.926243817605,-881.7616124364868,1427ae29e5c4ed561613e902f1f63301f41038d7cf9fdf54aa945c6a3e2bca60,30,-0.00493043614551425,27.24,0.8899821747473189,0.8899821747473189,0.9385195892966961,0.9731055033259665,1.0021486003713636,1.0270940230889074,1.0410166625277126,1.0601534129553567,1.0752679496155642,1.0972320228882397,1.1084823738016725,1.125612495627363,1.142854365618142,1.156347129363857,1.1630586338796096
mom_15 >= mom_2_sft_1,-0.0034581644,98878,49124,49754,12.3,-5885.143166689886,-856.0350951254877,eaab1708ca388033e741f56742381a7a1263cfafa2fbe8f413d450736cce3e74,30,-0.007753449492156506,27.1,0.8619568871110924,0.8619568871110924,0.9267350889485366,0.9774286773553549,1.0106211239229952,1.04590330612615,1.0669930735608848,1.0920097277808825,1.1101412872588574,1.1234891181514945,1.1337968807687573,1.1482455412730963,1.1569620933094027,1.1720845227296999,1.1846637815399748
plus_di_14 <= plus_di_10_sft_3,-0.0034582932,98878,50831,48047,12.31,-6416.903395467591,-1029.462773587933,bd972efc927c87708f479b3c989a305bfeb89b6aa0381d01606955fa59f6baca,30,-0.006236564368009567,27.17,0.844519107217854,0.844519107217854,0.8948100801345655,0.9224665214622297,0.9431772050424335,0.9674821082622223,0.9881092580131596,1.0028439836239684,1.0123868103953049,1.0230162502992144,1.0372507191037703,1.0471736660234958,1.0647447782371149,1.0646746544630172,1.0777502977340288
sma_5 >= sma_20,-0.0034606669,98878,48029,50849,12.3,-5912.537059754672,-857.9427327955054,724f0edc848b1caa180dcda4bf9f5a94c2dcd0eddd874575510f7c410089d747,30,-0.006236318498849869,27.16,0.8580136903880201,0.8580136903880201,0.9221834104043464,0.9712406482542512,1.010434371514467,1.0423821829060451,1.0730289630423275,1.099208964013497,1.1161052206596032,1.1292383610637051,1.1374442133681228,1.1451680398572375,1.1578664117549147,1.1732516355831755,1.188436709701268
aaro_14 <= aaro_5_sft_3,-0.0034682222,98878,50784,48094,12.31,-6096.867584961646,-971.1807631830743,03178e4886fc07979b0c314ad9c68ba2f86b07645c5f6bfdb6bc96b9669a3c24,30,-0.004245789721608162,27.26,0.8514260437619642,0.8514260437619642,0.9016019292098537,0.9416642440744455,0.9665296424934445,1.0044793185867709,1.0295197124661541,1.0420726756379115,1.0553177186142422,1.0741784842153135,1.1009054767391047,1.1135701754454996,1.1244485868659981,1.1343115554062302,1.1464397738087213
bb_upper_2_10 <= bb_upper_2_10_sft_2,-0.0034682867,98878,52080,46798,12.31,-7320.881755313499,-1028.0639868509024,3aa49a56ba366f74cacb6b40add631875fca9bf88d1abae08516bfe7d1357af1,30,-0.0005592347006313503,27.42,0.8241147152876839,0.8241147152876839,0.8652114261868779,0.899635820327883,0.9199608936906707,0.9476203368231263,0.9778860424950404,0.99691751136572,1.0074839154175006,1.025626019866499,1.0418037010894288,1.0570948163060827,1.074955951170157,1.0883047582922376,1.0928276833245376
mema_50 <= High_sft_1,-0.0034999726,98878,54466,44412,12.31,-6201.659616035648,-929.8880427879703,272a901e1625028460b95370368ae350ea9835e10fc1933b41122586149e5de3,30,-0.012172727845609188,26.95,0.8654341499388417,0.8654341499388417,0.937265392705835,0.9900361922649118,1.0307920302211384,1.0659449604766684,1.097731386147756,1.1274036743769433,1.1500491144717522,1.1664281068769262,1.1782496756055834,1.1896645069483738,1.2064069367019583,1.2223605102298096,1.2332856327301736
aaro_20 >= aaro_5_sft_3,-0.0035351317,98878,52129,46749,12.31,-7440.012092971767,-971.5128106364355,fa1fba1a54e25d7a96ab29b0d7c633f260580ef2319f10dc44e85c501c26793f,30,-0.005255310796201229,27.22,0.8282982800094796,0.8282982800094796,0.8832608847465105,0.9180236867140401,0.9498569329123181,0.9620550371249179,0.9833252581568387,1.0056362218882569,1.025272767237516,1.0441009443183054,1.0503708789711441,1.0664889097358063,1.085137239394955,1.1004003199363943,1.114740473840195
aaro_5 <= aaro_5_sft_2,-0.0035528948,98878,58132,40746,12.32,-6388.848772616613,-1087.366427954701,03178e4886fc07979b0c314ad9c68ba2f86b07645c5f6bfdb6bc96b9669a3c24,30,0.0030257145408540964,27.56,0.8658441792431358,0.8658441792431358,0.9249049929385,0.9654128008107217,0.98007957719952,1.000315817084035,1.0245773878044073,1.039492431604413,1.0535510948092635,1.063150716208837,1.0863391158515778,1.1025775287739363,1.116200254635417,1.1322444832304805,1.143185298824309
aarou_30 >= aarou_30_sft_3,-0.0035679662,98878,27080,71798,12.23,-3625.374819500438,-535.6561087005684,0f031b3780e6467809600593d6806420193325d9573f332c17b627db66a26893,30,-4.469358827918768e-06,27.44,0.8442830978666043,0.8442830978666043,0.9096276265575489,0.9579765566113363,1.0021512553299594,1.0314958653318183,1.062371208905396,1.0790623031169513,1.0982512109112328,1.1067750603603064,1.1294788693855582,1.1478324545567038,1.1554642306298346,1.1692883939317174,1.1864190327555024
willr_20 <= -5,-0.00359682,98878,92285,6593,12.39,-13266.60559416404,-1815.632341211698,c087f74a8ef9fdefe2bfbfe4c42e7c177e68996d73089fae9a8de15f5638210d,30,-0.0017766616074368358,27.42,0.8259753330101217,0.8259753330101217,0.8737419191222281,0.9083096744310467,0.9330656180512724,0.9587412607884079,0.9803093315518373,1.0003824320852628,1.0179683748110195,1.0371852217980777,1.053856541022784,1.070020476817922,1.0852441629043872,1.095410612985638,1.1054161991240081
mema_5 >= Close_sft_2,-0.003598057,98878,49698,49180,12.3,-7555.6033447647,-1019.2424287905742,1e15dac9f18b8bc737934702402ffb02b545ee7fbda8772d4c0156705e9d2a44,30,-0.005329848267138004,27.21,0.8246409835466224,0.8246409835466224,0.8799192472823844,0.9193280223492228,0.9596565733464811,0.9867488857625653,1.006202242868599,1.0265922242702217,1.0449084284710264,1.0564564485356174,1.074831550841587,1.088037690555508,1.0922911074147525,1.1093828631579317,1.1286335789386164
sma_20 <= Open,-0.0036153975,98878,47711,51167,12.29,-5394.98063091885,-843.029516233204,659d58123c665d04b1d1e2e117e70aed112d82f8ffe31d55b35e1d954526de02,30,-0.005454050377011299,27.19,0.8679234226503385,0.8679234226503385,0.9330980029015972,0.9769041082869347,1.0178009899665874,1.0494623639127436,1.0806957881926214,1.1024121948994798,1.1214216675310145,1.1316716172945271,1.1403104639168804,1.1525413943139258,1.166840850815636,1.1791017424292514,1.1904727673680717
sma_5 >= sma_100,-0.0036249678,98878,44876,54002,12.29,-4329.991368689505,-695.5780501994304,724f0edc848b1caa180dcda4bf9f5a94c2dcd0eddd874575510f7c410089d747,30,0.002677301410585642,27.58,0.8824985196511271,0.8824985196511271,0.9631385600957273,1.0308014104651895,1.0821432212161395,1.125985719726887,1.1658583522805652,1.2043918902906063,1.2388401726254634,1.2661070660630631,1.2882106264239082,1.308332631845223,1.3309963008644103,1.3536609126139334,1.3721888007726248
minus_di_5 <= 15,-0.003634262,98878,33338,65540,12.25,-3303.642524712382,-588.6782337730474,cee77ee220a5e77fe95d20a730179fabcb0f2e40106664424787bbccffac6b44,30,-0.02318410761654377,25.99,0.8918709822342756,0.8918709822342756,0.939135359000789,0.9779913920365476,1.0174060275204617,1.046211733359095,1.0676951812099582,1.0739644630562435,1.0754806826572278,1.0717596405373044,1.0814964744470745,1.083973898189994,1.0950408941334624,1.1007436477845434,1.1075882431578743
aaro_30 >= aaro_14_sft_2,-0.0036679157,98878,50303,48575,12.3,-6826.4335698345285,-949.0402084717643,fa1fba1a54e25d7a96ab29b0d7c633f260580ef2319f10dc44e85c501c26793f,30,-0.0047431145794689655,27.24,0.8343789664567887,0.8343789664567887,0.8835178415095724,0.9293917389913325,0.9644550500995422,0.9879197221729937,1.0016681261461289,1.0100074814325213,1.0245104870262485,1.0384394136351955,1.0546901786310052,1.0736633965783955,1.096107727928061,1.1167281526151145,1.1372184473656672
rsi_30 <= 23,-0.0036928146,98878,178,98700,9.55,-76.93331256287638,-9.843958102137547,64f5e1bb8a7d01ed3bc711ef82f8836c32f34a4dc5e2cbccb6c4442736ec4dbc,22,0.0,0.0,0.6340596435410395,0.6340596435410395,0.6013178789818056,0.7009914654908992,0.7169342611974066,0.6989152130804578,0.7125069615053587,0.6774368449451528,0.6848762253528267,0.7546800910140907,0.8248025534372762,0.7960985513867038,0.7612130619306198,0.7816059977581608,0.7766822761041854
mom_2 >= mom_10,-0.0036953185,98878,51820,47058,12.3,-7452.877827814312,-1058.1484677886547,eaab1708ca388033e741f56742381a7a1263cfafa2fbe8f413d450736cce3e74,30,-0.0008151918882504106,27.41,0.8172532821241607,0.8172532821241607,0.8647581938337866,0.8924776281866356,0.9196902540386607,0.9438865838022014,0.9663262359096133,0.9801923807341261,1.0019525624678332,1.019140200177841,1.0352152449906207,1.049901112686256,1.0661209974967707,1.0734532150089022,1.0862911013305017
bb_lower_2_10 <= bb_lower_2_20_sft_1,-0.0037009055,98878,31439,67439,12.24,-5009.514855317515,-694.037147945659,1b1f7d2955b86143cbe65db86c488966f4bce7b7721643a6a4f3f03e8b4d5ec5,30,0.004457415547221899,27.74,0.8026774910746813,0.8026774910746813,0.8480587081644769,0.882052170164272,0.9071326099981715,0.9181795185551754,0.9393326572162973,0.9598133004167513,0.9799726535269819,1.0012844002277677,1.0166493338742035,1.0221177482967934,1.0262971367324945,1.0383756553257268,1.0535629953376884
willr_20 <= willr_5_sft_1,-0.0037028007,98878,51990,46888,12.3,-6228.2662662125185,-976.8347421931612,1427ae29e5c4ed561613e902f1f63301f41038d7cf9fdf54aa945c6a3e2bca60,30,-0.0005728010437451303,27.42,0.8484569351639889,0.8484569351639889,0.8994755966753906,0.9303700219026455,0.9626021118333421,0.9836398244333154,1.0057324277154667,1.0234841064480282,1.0394130232488012,1.069392243508151,1.0817729057929153,1.0932602555265476,1.1146528978563366,1.1243436617468558,1.1306455731921363
aaro_5 >= aaro_5_sft_2,-0.0037252402,98878,58741,40137,12.32,-7488.586231585708,-1154.5314343175123,fa1fba1a54e25d7a96ab29b0d7c633f260580ef2319f10dc44e85c501c26793f,30,-0.0014043354894965887,27.39,0.8482567778084689,0.8482567778084689,0.903021485428506,0.9292832033897548,0.9700887035862983,0.9997174787261313,1.020176797989522,1.0440325540682889,1.0576761057654933,1.0699449792901254,1.078429868701817,1.0892424436372734,1.107740254779001,1.1161957064176682,1.1330535377775237
plus_di_5 <= 10,-0.003733505,98878,19791,79087,12.17,-2045.440853284094,-444.3243455120537,14a9c3710fc1b17e882c866201c8dfd17bc6a0c5cee2921d8c0a77ac8ad2afa3,30,-0.007569039706140757,26.77,0.8560056644935725,0.8560056644935725,0.888372181423888,0.9094886584931636,0.93804475780785,0.9549341984908865,0.9792887852866707,0.9779433848098488,0.9820592460428221,0.9966401423280894,1.0168631809518593,1.045933652948081,1.0659056709338253,1.0747986798349276,1.0864644928010883
aaro_5 >= aaro_10_sft_1,-0.0037386147,98878,53757,45121,12.31,-7998.3418778354535,-1077.7870039731642,fa1fba1a54e25d7a96ab29b0d7c633f260580ef2319f10dc44e85c501c26793f,30,-0.0029836806934326887,27.32,0.8212702405565211,0.8212702405565211,0.8747359622631926,0.9093256768230064,0.9516853316413755,0.9815565911740817,1.013332360631533,1.0373772362377218,1.0498988420297828,1.0607750484937142,1.0739915102682223,1.0922835256361965,1.11264468102626,1.1252486286018983,1.137548991616795
atr_20 <= atr_14_sft_3,-0.003738721,98878,44109,54769,12.28,-6116.608912523025,-823.5998189569509,6c56a6e37fe7066fac040219b9e7cfe2398571a456467cde7a8327153ebc94da,30,-0.009970659390091896,26.95,0.8317453087347663,0.8317453087347663,0.8864423010861316,0.9255752582755373,0.9527538324980497,0.9825250363865178,1.0079243363937045,1.0307138108697678,1.0501734430011458,1.0760315577219435,1.1058766242536404,1.1273143832569965,1.158502431164759,1.1775959616183134,1.1969419279780231
plus_di_5 >= plus_di_5_sft_3,-0.0037486795,98878,41901,56977,12.27,-5481.350336772631,-744.6661992419758,e29890bc12ea37e8ab50982e55f5d20643af7c43a2ddc27569a065e219a2f597,30,0.002261051442474127,27.56,0.8457197346667411,0.8457197346667411,0.89991808045178,0.9550080695651172,0.996991903805419,1.0279646098545085,1.0514387641191472,1.065977729186699,1.0923348781819622,1.1129346510854932,1.1284716315798786,1.1422860994664383,1.1450196910527426,1.1683104342347832,1.180654376386955
aaro_10 >= aaro_14,-0.003772717,98878,52474,46404,12.3,-6606.814981502485,-985.2242504284441,fa1fba1a54e25d7a96ab29b0d7c633f260580ef2319f10dc44e85c501c26793f,30,0.0035670672077685595,27.59,0.8474750898599686,0.8474750898599686,0.9025334087524602,0.9317946955786925,0.9712875862307389,1.0058318152880485,1.0325930381403325,1.046995602676921,1.064894496917122,1.0898707540003547,1.1094318201201736,1.1236200803641874,1.1387614713165748,1.153557772528111,1.1696441669132278
aaro_14 <= aaro_20_sft_3,-0.003785544,98878,50407,48471,12.3,-7077.394777926461,-965.5023789417173,03178e4886fc07979b0c314ad9c68ba2f86b07645c5f6bfdb6bc96b9669a3c24,30,-0.005629327148199081,27.2,0.8270841247279623,0.8270841247279623,0.8768266073444463,0.9089972866373907,0.9298658627667705,0.9560940088709918,0.9777055191213212,0.99592693934863,1.006861723530081,1.0206942296081236,1.0340576667088828,1.0443243823759303,1.0599275806552229,1.0776948837822897,1.0954623114892166
aaro_14 <= aaro_14_sft_1,-0.0037885536,98878,73616,25262,12.35,-10034.317673236063,-1435.153065698738,03178e4886fc07979b0c314ad9c68ba2f86b07645c5f6bfdb6bc96b9669a3c24,30,-0.00311073986813426,27.36,0.8329927756903976,0.8329927756903976,0.8860038977091765,0.9166933169868821,0.9345010836581926,0.9534591870451574,0.9784802044084385,1.000630530887796,1.0153429769415894,1.0371729398584897,1.057490187270076,1.0757817066397122,1.0927577472968706,1.1027189567133489,1.1087589444162995
aaro_30 >= aaro_14_sft_1,-0.0037894035,98878,50327,48551,12.3,-6591.717619396998,-940.6367500265478,fa1fba1a54e25d7a96ab29b0d7c633f260580ef2319f10dc44e85c501c26793f,30,-0.0046790908090770245,27.24,0.8398648614128945,0.8398648614128945,0.8874143701137299,0.9310855510492795,0.9618580450008232,0.9894906956747368,1.0091531459011567,1.0202801443269853,1.0320414599765904,1.0440559149945472,1.060216653771301,1.0744964608629692,1.0930137385418166,1.1100120281505588,1.1278314499770632
aaro_10 <= aaro_10_sft_2,-0.0037900666,98878,62204,36674,12.32,-7641.398985101635,-1210.5103792893788,03178e4886fc07979b0c314ad9c68ba2f86b07645c5f6bfdb6bc96b9669a3c24,30,-0.0028548359405249357,27.35,0.8494863369990874,0.8494863369990874,0.8931583180729764,0.930731981050302,0.9511267942300397,0.9716838742500192,0.9827856769143107,1.0029047651165983,1.022973653254281,1.0384219630247473,1.0536713029214213,1.0735886704197266,1.0909169342695857,1.1039406884532683,1.1175875278833043
sma_20 <= Close_sft_1,-0.0038354693,98878,47756,51122,12.29,-5236.086683683192,-837.3204228231916,50a0e61b02a2d5c963e9603b4bade036c42f4965c5f54e99ff926c2165cc53b8,30,-0.005333726294338703,27.2,0.8717492050980882,0.8717492050980882,0.940125478464381,0.9839015059304176,1.0248575564931823,1.0526681876711892,1.0838736012053254,1.1056083783353725,1.1251353982878387,1.1367450888824062,1.1464359517034353,1.1565935926727187,1.169280340526649,1.1816000988506534,1.1912498224037416
willr_20 <= -12,-0.0038365058,98878,86568,12310,12.37,-12289.995850127048,-1717.4305644001142,c087f74a8ef9fdefe2bfbfe4c42e7c177e68996d73089fae9a8de15f5638210d,30,-0.002850855002179742,27.4,0.8263066555919043,0.8263066555919043,0.8730624540166374,0.9043350378417959,0.9265453468067337,0.9484018424979042,0.9708276609956484,0.9925366855080783,1.0119810632600672,1.0310433779221366,1.0471070141254186,1.0628119279396782,1.0755116661703814,1.0871695603641984,1.0951912006156461
aarou_14 <= aarou_20_sft_2,-0.0038446872,98878,66810,32068,12.33,-8598.25746793862,-1235.2512909428551,11ecda3140789fc7bb03c4e9ce6db1e36d26d05f5895e9047d4b04d8e05db454,30,-0.0051784333772957325,27.28,0.8434531235069666,0.8434531235069666,0.8985494021073148,0.9383334809262811,0.9633100311269998,0.9933456023379186,1.0170666081453872,1.036662608008658,1.0480234568432667,1.060089113415001,1.0685619804797135,1.0763643471611721,1.0905425980964165,1.1064012591209709,1.1188275851953966
aarod_5 >= aarod_14_sft_3,-0.0038451438,98878,54688,44190,12.3,-6565.847560456594,-1042.762741603401,010ce60baf3de2cf8c4bcfd243c9185441a26efa8e16690af1f746cc88b42f78,30,-0.011810537427663803,26.97,0.8501259709462448,0.8501259709462448,0.894675438439703,0.9299980902660983,0.9564244565833742,0.9780850443982751,0.9980600711869695,1.011840545376187,1.0304393478435825,1.049977889770086,1.066030491228788,1.0857521282979432,1.0917494742779912,1.1054415733212264,1.1176800229700157
bb_lower_2_30 >= High_sft_3,-0.0038518494,98878,115,98763,8.7,89.04165154905058,-0.8351000348848174,a004533119ad88e37e81983efb1d0cbf2300c3e3cc59ba199ab847ba9c57f154,18,0.0,0.0,1.8472408258650688,1.8472408258650688,3.8166638908560193,3.5465327364104775,3.4339742860721736,4.161122142834989,4.921980120134212,5.793770108900813,6.580035861007328,4.843947739390221,4.956041919865124,5.609256471167323,6.3327117736784215,6.52038692314233,6.533733594430436
aarod_10 <= aarod_30,-0.0038541453,98878,62718,36160,12.32,-8497.65022008407,-1295.541360111507,1c17b055d6052442bbc23e9c5f48c3b369df45790e4212d5edae44425931e847,30,0.004850981757044792,27.61,0.8362016434413307,0.8362016434413307,0.8894545172359235,0.9244319239403055,0.9541436982565632,0.9823309662016251,1.0037943607139208,1.0229874144439446,1.0426801531229104,1.0632505335188445,1.0813403576289358,1.0921234663983408,1.0989690840991475,1.1050981968272433,1.1139255154359686
aaro_14 <= aaro_5_sft_2,-0.0038553812,98878,50867,48011,12.29,-5935.890275054342,-936.6069363229035,03178e4886fc07979b0c314ad9c68ba2f86b07645c5f6bfdb6bc96b9669a3c24,30,0.0003893432440236211,27.46,0.8564811364026915,0.8564811364026915,0.9010724375062824,0.9496053019918599,0.9790571900696257,1.0163793597396387,1.0453336838153322,1.0588964212564482,1.0702790799109352,1.0835759312095352,1.1059449278831626,1.1258661085987758,1.1356937720947333,1.1450014732270728,1.153666127174584
minus_di_10 >= 20,-0.0038565635,98878,55341,43537,12.31,-7309.528763167233,-1140.4680615151738,a06e18f5f366aa3040f30d3f53c74e6c3d30e6b8f15e9282eabbaa7fe9dd85a0,30,0.02655714564025402,28.5,0.8270576029441006,0.8270576029441006,0.8752775277158622,0.9115584521562443,0.9403392031915825,0.9690267058281855,0.9941920538410673,1.0222816634013463,1.0469899573742756,1.0789493954494551,1.1082614371139037,1.1329010581991183,1.1520234676030163,1.1677525327803173,1.1867966340578795
aarod_20 >= aarod_14_sft_2,-0.0038574676,98878,60108,38770,12.32,-7680.952315777544,-1173.1494866198336,010ce60baf3de2cf8c4bcfd243c9185441a26efa8e16690af1f746cc88b42f78,30,-0.007826683111488819,27.16,0.8454518107808912,0.8454518107808912,0.9010312181686946,0.9352924983219543,0.9699300564535248,0.99417772428924,1.0187503152702024,1.043148217348703,1.059734394598351,1.0663179385685988,1.0766856980512594,1.086662276926021,1.0970509305916303,1.1092393357677057,1.1171369326849105
sma_5 <= Close_sft_2,-0.0038904725,98878,49986,48892,12.29,-4677.390596487177,-909.7023286050753,50a0e61b02a2d5c963e9603b4bade036c42f4965c5f54e99ff926c2165cc53b8,30,0.0037795170210301876,27.61,0.8830233322681585,0.8830233322681585,0.9455822030050276,0.9821919023213525,1.0019752134490507,1.0242033979491771,1.0520213394453242,1.0663236974469161,1.074503079245741,1.0949954642507584,1.1046193198178602,1.1151239509445472,1.1368226390308556,1.1500310993931633,1.1574848739929802
rsi_2 <= rsi_2_sft_1,-0.003904414,98878,54197,44681,12.3,-4095.728064825944,-941.7470137072814,f60792ba6ac5baece5de7ac90117c85055d233a86016db65a9b1851d8a518ee9,30,-0.0024741559755057096,27.34,0.9018070912647984,0.9018070912647984,0.958958887716495,0.9871795702005374,1.00954971209055,1.0288349605511928,1.0422469476158334,1.057791944689027,1.0730838490579828,1.0925433687173371,1.1036251723638086,1.120195269401633,1.1353757599456422,1.149011327522278,1.1518709832259713
mom_15 <= mom_2_sft_3,-0.003908359,98878,50882,47996,12.29,-6763.048367342887,-1013.4921564199612,99b230403b43b61a62d1e1bb62b812e1617b1ac927f76ee434dad8be358b43f3,30,0.0032409271225333214,27.59,0.828275338052252,0.828275338052252,0.8607961359957822,0.8875242432869563,0.9064463729338966,0.9254881457295507,0.9444129510725587,0.9585383847840415,0.9711837444750033,0.9914314858223418,1.0107088988827586,1.0291129534726162,1.0447420492709558,1.059029135930544,1.0668753601558636
mom_5 >= mom_10_sft_1,-0.0039094877,98878,51019,47859,12.29,-8217.381642834003,-1031.778078293035,eaab1708ca388033e741f56742381a7a1263cfafa2fbe8f413d450736cce3e74,30,-0.002454856876283884,27.34,0.805859901689506,0.805859901689506,0.85536046887129,0.8891139089148502,0.9212644672234936,0.9511230965649877,0.977288359191521,0.9993354177942105,1.0197333955133188,1.0372354845200842,1.0542084375834633,1.0660290452336967,1.0768384632269807,1.0868890980621362,1.0984252228654658
mema_10 <= Low_sft_3,-0.003953177,98878,22248,76630,12.18,-1707.2707394106692,-370.3403062579091,f2e93f04b3d2a46ee10823902064b64ae41106b8f01252b29032fe26a3290c3e,30,0.007655412424355745,28.08,0.8993200377128862,0.8993200377128862,0.9757373971714238,1.034781968624952,1.072429667293011,1.0931612082336857,1.0973220075823606,1.1160583580190027,1.1359436609092417,1.1414311339460121,1.1526549710972416,1.1880593727135864,1.203716900557231,1.202989280199144,1.2119067513988282
willr_30 <= willr_20_sft_2,-0.0040002456,98878,51699,47179,12.29,-5266.549389884673,-936.0552506989843,1427ae29e5c4ed561613e902f1f63301f41038d7cf9fdf54aa945c6a3e2bca60,30,-0.0020308098755776882,27.36,0.869067741945715,0.869067741945715,0.9200019610769267,0.9621534007094833,0.9894030183315128,1.0070080621776778,1.0265059300721666,1.03963608712795,1.0538853161894506,1.0773543972466098,1.0878710270491945,1.0993517509106023,1.1178954377068697,1.1181686109054156,1.1234926010870945
mema_5 >= Close_sft_3,-0.0040024426,98878,49429,49449,12.29,-7282.098737550463,-980.3733302991604,1e15dac9f18b8bc737934702402ffb02b545ee7fbda8772d4c0156705e9d2a44,30,-0.007150695659220219,27.13,0.8316644230299861,0.8316644230299861,0.9030136493467824,0.9471740585668096,0.9884953784356677,1.0171892121196948,1.048385894578254,1.0636180659043344,1.0832899193037722,1.0966764600994492,1.1103484003126571,1.1209231079243829,1.1230434431176803,1.1477125427197616,1.1625480211329766
aarod_20 >= aarod_10_sft_2,-0.004010213,98878,62007,36871,12.32,-7949.556368102316,-1250.8314776259067,010ce60baf3de2cf8c4bcfd243c9185441a26efa8e16690af1f746cc88b42f78,30,-0.0012550581013783813,27.4,0.8441414575215197,0.8441414575215197,0.8898505416787371,0.9268638226585674,0.9612987589984575,0.9804152782164137,0.9988209434536074,1.020461950662061,1.0458633660019807,1.0687523761568425,1.0772023805706878,1.089954214847677,1.1003265923415355,1.1070075503293717,1.1165838447800795
aarod_5 <= aarod_30_sft_2,-0.0040528607,98878,51231,47647,12.29,-7382.833443330594,-1009.4608784935481,1c17b055d6052442bbc23e9c5f48c3b369df45790e4212d5edae44425931e847,30,0.004476213827729225,27.64,0.8298535034105193,0.8298535034105193,0.8812198538592358,0.9086949155848281,0.942199322268833,0.9652744276493914,0.9869512458236945,1.0190442195727416,1.034593163024549,1.0491099135557767,1.0621257919805385,1.0750850497553464,1.0935676750721481,1.0965189869334688,1.1038259890534967
plus_di_14 >= 6,-0.004054295,98878,96971,1907,12.4,-13323.626582329838,-1909.8943021186715,4f583626fd6f59b1b2e0825c720b1d1aad3858951a5b50964ea86a5c13485b5d,30,0.013410013169050217,27.53,0.8351802164987802,0.8351802164987802,0.8916758921495096,0.9299656560904013,0.9584443350932256,0.9832738723892918,1.006002324952551,1.0261971361300852,1.0442979836544264,1.0619761588931176,1.0785916471277608,1.0938640619698643,1.1082331722273502,1.1211994615836438,1.133305579078794
willr_20 <= -1,-0.0040543256,98878,94782,4096,12.39,-13679.545374439145,-1868.6602623864019,c087f74a8ef9fdefe2bfbfe4c42e7c177e68996d73089fae9a8de15f5638210d,30,-0.0016895963344722986,27.43,0.8260302101948347,0.8260302101948347,0.8755372828684034,0.9132361356681917,0.9401624163704089,0.9661386752188454,0.9889303904268696,1.0089054421752817,1.0263455260426757,1.0437852981151972,1.05952536846666,1.075587339520646,1.0886347611064144,1.0996850863213161,1.109933741094276
mema_100 <= Low_sft_3,-0.0040569357,98878,38883,59995,12.25,-2446.1962511810893,-534.756502238226,f2e93f04b3d2a46ee10823902064b64ae41106b8f01252b29032fe26a3290c3e,30,0.005131022538989782,27.73,0.9214960071533572,0.9214960071533572,0.9990257944037434,1.069093821757052,1.120410554094768,1.160375437832675,1.2039775844782443,1.2431059670964213,1.267945579506318,1.2902433896512613,1.3145878401139484,1.3393669863112687,1.3685192648900892,1.3923933795477537,1.4169541466619568
mom_5 <= mom_15,-0.004066451,98878,49993,48885,12.29,-5403.023234663895,-864.8411959389778,99b230403b43b61a62d1e1bb62b812e1617b1ac927f76ee434dad8be358b43f3,30,-0.014258580282330513,26.82,0.8713350546487886,0.8713350546487886,0.9383665410126721,0.9741082025483244,1.0022811876901137,1.0319621603898366,1.0502368975360583,1.0670325490952326,1.0863537020985394,1.0945225655330395,1.1068930865531457,1.1249709661087808,1.139236329696598,1.1507758439377267,1.160412724096768
willr_20 <= -10,-0.0040753228,98878,88369,10509,12.37,-12574.21630557298,-1758.3871113032292,c087f74a8ef9fdefe2bfbfe4c42e7c177e68996d73089fae9a8de15f5638210d,30,-0.001677501481026411,27.42,0.8263128267617791,0.8263128267617791,0.8736613701675826,0.9067838822317307,0.9300729163921315,0.9524215980393854,0.9741353760012621,0.9956272073918647,1.0147921278888419,1.0341320412581354,1.0510682472701347,1.0666032752841261,1.0802148547276886,1.0925080699463645,1.1003337738788068
mema_5 <= Open,-0.0040764194,98878,48577,50301,12.28,-4806.644237974999,-891.4145692730526,3f09a8cfd91be85ac3ab2cd04a48d69ab7c7071f9e008243aa343f4a8d621b5b,30,-0.0013566166162490845,27.38,0.8802845660419236,0.8802845660419236,0.9528759093284892,0.9919301784292798,1.019344735628995,1.052701322491953,1.0770483203751593,1.0955680772190797,1.1098686997875664,1.12001301601206,1.1272093046997926,1.1436514363977475,1.1574344861210875,1.1751689688157687,1.1844350137267776
willr_20 <= willr_30,-0.0041107144,98878,64147,34731,12.32,-7234.419705468991,-1087.3822410257926,1427ae29e5c4ed561613e902f1f63301f41038d7cf9fdf54aa945c6a3e2bca60,30,-0.019233187660574913,26.81,0.8644428546888849,0.8644428546888849,0.9195281410579019,0.9626500776310039,0.9949482458868908,1.0144040685872537,1.0341219649322866,1.0491857398211826,1.0594527118754071,1.0701336929495326,1.0772155958234608,1.0871865138279297,1.1067231957911954,1.122699156016538,1.1398694749959715
mom_15 <= mom_5_sft_2,-0.0041156737,98878,50877,48001,12.29,-6460.883047207758,-990.4870466962166,99b230403b43b61a62d1e1bb62b812e1617b1ac927f76ee434dad8be358b43f3,30,0.0042554596439003944,27.63,0.8370364794408244,0.8370364794408244,0.8751944756522391,0.8996502590274079,0.9275934898438364,0.9367640634011976,0.9577009808453735,0.9704454738419583,0.9861478988871945,1.0029429615922894,1.0199423527161784,1.0362120018758918,1.0558625558728936,1.0654956732144032,1.0756509533872565
mom_10 <= mom_15,-0.0041186917,98878,50813,48065,12.29,-5439.385770402296,-935.6139296021211,99b230403b43b61a62d1e1bb62b812e1617b1ac927f76ee434dad8be358b43f3,30,-0.008461150340735912,27.08,0.8701487811921104,0.8701487811921104,0.938082761357122,0.9744021577595429,0.9970145355958125,1.0231409359595134,1.0426033590769896,1.0601328991911625,1.0738754027198554,1.0897097810356304,1.1062069439311093,1.1214017568059287,1.1379255955269416,1.142291424996222,1.1463541446720125
willr_20 <= -2,-0.0041193757,98878,94235,4643,12.39,-13588.4362784273,-1855.497446081048,c087f74a8ef9fdefe2bfbfe4c42e7c177e68996d73089fae9a8de15f5638210d,30,-0.003078168025240302,27.41,0.8260570306026167,0.8260570306026167,0.8741849792610773,0.9109731391966914,0.9373679158606595,0.9642952949771869,0.9860426729556786,1.0055032184925783,1.023271158336957,1.0413524107058774,1.0577336572397715,1.0737302519525802,1.0873486847584908,1.097626497837789,1.1079440332679014
aaro_20 <= aaro_14_sft_2,-0.004119921,98878,51111,47767,12.29,-6182.619919826218,-993.9255076435074,03178e4886fc07979b0c314ad9c68ba2f86b07645c5f6bfdb6bc96b9669a3c24,30,-0.003962981980293989,27.27,0.8525063305246522,0.8525063305246522,0.9139539511842497,0.9475326617233335,0.9636821043739324,0.987040015977788,1.0194062878865697,1.048845492558716,1.0649762355964651,1.0798472055600978,1.0974566399011845,1.1124284463962184,1.1244608214261989,1.1394034288652826,1.1401552653485887
sma_20 >= Close_sft_1,-0.0041267094,98878,50806,48072,12.29,-8530.709649533394,-1090.6593772624037,9d05ebf4a4df1374ab70d34fd4bb0bb7068613b3ea4d9f34537ac27b7aeadf15,30,0.0011484696296975017,27.49,0.7895468223533596,0.7895468223533596,0.8268718042125166,0.8587590883159243,0.8781058512542851,0.901418009833995,0.9184438736531003,0.9377463086876204,0.9554994029248265,0.9786602118463175,1.0006582004694542,1.0196316736594895,1.0342972781054591,1.046499958872413,1.0612960248804115
sma_50 <= Close,-0.00413673,98878,46861,52017,12.27,-6023.3534736638685,-785.9630747571646,50a0e61b02a2d5c963e9603b4bade036c42f4965c5f54e99ff926c2165cc53b8,30,-0.0039021663833409548,27.26,0.8526564712597431,0.8526564712597431,0.9346914200621288,0.9956238391122026,1.0451210875737322,1.0791266521987928,1.1114317256822974,1.1394207767088793,1.1606942599095962,1.1774958395990038,1.1894087632554788,1.197070387232382,1.2098575448575324,1.2294776439435149,1.2490628474513177
willr_20 <= -8,-0.004162674,98878,89939,8939,12.38,-12984.5119065223,-1791.6582905102114,c087f74a8ef9fdefe2bfbfe4c42e7c177e68996d73089fae9a8de15f5638210d,30,-0.002110027242451906,27.42,0.8246071443364312,0.8246071443364312,0.8730910403963607,0.9080403317561312,0.9305366228592573,0.9545475935323627,0.9770084536376138,0.9976524855765602,1.0157887067230262,1.035030735306784,1.053649341050508,1.0695371533938018,1.0831936383415155,1.0935117795995686,1.102228605759279
willr_14 <= willr_14_sft_1,-0.0041910475,98878,53438,45440,12.29,-4647.947623118856,-916.2981587740433,1427ae29e5c4ed561613e902f1f63301f41038d7cf9fdf54aa945c6a3e2bca60,30,-0.002775125205516815,27.33,0.8884961116546304,0.8884961116546304,0.9413468621853308,0.9726007375497336,0.9996164243071497,1.0266771154799312,1.0420959925571935,1.0601337551075682,1.0742397296904327,1.0947816908140031,1.1025707976854706,1.1205093800646053,1.1364921033728304,1.1507658681640556,1.1561116812023398
mema_10 >= mema_100,-0.0042056227,98878,44428,54450,12.26,-4443.896470869342,-716.8770046540012,da871536f9280a0159baee359a9496c73c67bcc656bfb6cada940a1228de3547,30,0.008372817188501358,27.86,0.8782108129985818,0.8782108129985818,0.9653393002538188,1.0340007549834578,1.0887494906100055,1.1343227352954939,1.176539934512043,1.2169224977262363,1.2526948949311043,1.2824370098653664,1.3047234723152523,1.3287212164028055,1.3549976302444886,1.3831676143854719,1.4072788350199492
minus_di_10 <= 23,-0.0042225285,98878,55075,43803,12.29,-7816.514935412608,-1015.8287154865102,cee77ee220a5e77fe95d20a730179fabcb0f2e40106664424787bbccffac6b44,30,-0.031175589188933372,26.2,0.8400188523438169,0.8400188523438169,0.8972371130629104,0.9365981605222445,0.9659380876873189,0.9887837284275969,1.0102335047688744,1.0249882189737203,1.0369283770392967,1.0437425811079697,1.0488194596222877,1.0512763664608595,1.0576960307256673,1.068871766627326,1.0761913563904462
plus_di_5 >= plus_di_5_sft_2,-0.004224159,98878,37968,60910,12.24,-5528.100365928848,-742.2214989303029,e29890bc12ea37e8ab50982e55f5d20643af7c43a2ddc27569a065e219a2f597,30,0.0005921975243836641,27.48,0.8317078198482413,0.8317078198482413,0.8886301377500586,0.9299675641121319,0.9758856277923775,1.0089082642576914,1.0327527175801305,1.0405234174897002,1.0607423313875057,1.0758940289705492,1.0967112829928731,1.1151123980003308,1.1183789970328477,1.1362437898204347,1.1607874488382544
mom_10 <= mom_20_sft_3,-0.0042273286,98878,48774,50104,12.28,-5657.0443853139495,-834.1892607369809,99b230403b43b61a62d1e1bb62b812e1617b1ac927f76ee434dad8be358b43f3,30,-0.0031275462824851274,27.3,0.855159540189909,0.855159540189909,0.8982272336711293,0.9244431281264938,0.9564396749067743,0.985827016278657,1.0042225802979927,1.030949427001084,1.0456837255641007,1.0566436354376711,1.0642409303136668,1.0734480169767324,1.0905585169404377,1.1032319853939851,1.1209034219868674
aarod_20 >= aarod_30_sft_1,-0.004242312,98878,36654,62224,12.24,-4611.752236086908,-685.8467070991464,010ce60baf3de2cf8c4bcfd243c9185441a26efa8e16690af1f746cc88b42f78,30,-0.0005943024298176169,27.41,0.8457268448934412,0.8457268448934412,0.9042225788382979,0.9449685857257768,0.9776070881322274,0.9906867503198423,1.0109208265653535,1.027681869996385,1.049888226022903,1.072431978313931,1.0914085973938759,1.1201491571465518,1.143137148257371,1.1639983594182781,1.1779747937236968
bb_upper_2_10 >= bb_upper_2_10_sft_2,-0.0042628306,98878,47224,51654,12.27,-5995.594927664475,-911.2459279497198,2b12f1a24b5e2be255bd7327d40ce3105a7cd48cdc1cc2d1ac037ab6015a19a3,30,-0.004655085504055023,27.23,0.852172730914804,0.852172730914804,0.9210402011947194,0.9640576930917905,1.004781250537198,1.025045464933553,1.0376294338606726,1.056398165742242,1.0805025209821186,1.0946093763653846,1.1104143897583265,1.1237449566844682,1.134712818859948,1.1471522351314274,1.1688324875945737
aaro_10 <= aaro_14_sft_1,-0.0042753615,98878,50906,47972,12.28,-7471.1570267048555,-1046.4113420969588,03178e4886fc07979b0c314ad9c68ba2f86b07645c5f6bfdb6bc96b9669a3c24,30,-0.010526021011173725,26.99,0.8226536871710152,0.8226536871710152,0.8879601955744111,0.9246177523965704,0.9396281630505195,0.9539308602024317,0.9779465265693397,1.0085390279877278,1.0249513829168697,1.0334577952346102,1.0502804293916819,1.0663351687559193,1.0802589510471512,1.0940250443347799,1.102628488048415
sma_50 <= High,-0.004294599,98878,53894,44984,12.29,-6344.048116404365,-902.9780320021673,96dbcbed1df94b1ba010b345e5b1a9039b5cdd6019405ebbb50c28754007bf82,30,-0.012523863464593887,26.93,0.861771417086202,0.861771417086202,0.9391267567441471,0.9930049943108159,1.0319231691872368,1.0638544696017467,1.0957885741552622,1.1184861328482445,1.1386380769934326,1.1522135483557516,1.162280564087847,1.17176079514302,1.1843816153204063,1.2027264939080937,1.2189239825992113
aarou_30 <= 20,-0.0042954935,98878,30339,68539,12.21,-5531.824971188704,-684.9889655068764,da60be741621a42d93721696dcc6252cb06464cd161c4da151f0e18e03138794,30,0.013243265450000763,28.33,0.7715732689176595,0.7715732689176595,0.8255563972197522,0.8621053711018529,0.8907215697885555,0.9253234073928418,0.9565241995449274,0.9828065996795997,1.0219398373506532,1.0581485293570783,1.0795989215515336,1.0978593618589898,1.1121327482629935,1.12012261110957,1.1256187221245888
aarou_10 <= aarou_14_sft_3,-0.0043050004,98878,62237,36641,12.31,-8465.207339810757,-1206.5591879828135,11ecda3140789fc7bb03c4e9ce6db1e36d26d05f5895e9047d4b04d8e05db454,30,-0.005485933274030685,27.26,0.834893431966313,0.834893431966313,0.889265122806581,0.934148819904604,0.9517613561769838,0.9798926821385402,1.0070801745476075,1.0301249767467406,1.039244629233359,1.0490664771523617,1.0634199251373868,1.0765944202920632,1.0931057530617245,1.1032677115141045,1.109439710011389
aarod_10 >= aarod_14,-0.0043696244,98878,39682,59196,12.24,-5520.080470865523,-805.2815667432442,010ce60baf3de2cf8c4bcfd243c9185441a26efa8e16690af1f746cc88b42f78,30,-0.0073840003460645676,27.04,0.8310730223779652,0.8310730223779652,0.9036505541031542,0.9438114034664253,0.9650203707360251,0.9825718826543618,1.0052513332234645,1.0282690766033484,1.0542628884082128,1.0620588945093934,1.0673912331629432,1.0821807408265665,1.101005672720794,1.1140893200119444,1.1264831363742271
plus_di_5 <= 16,-0.004383651,98878,36987,61891,12.23,-4877.349242513393,-781.5923702694199,14a9c3710fc1b17e882c866201c8dfd17bc6a0c5cee2921d8c0a77ac8ad2afa3,30,-0.005342190153896809,27.14,0.824440871543545,0.824440871543545,0.8653640015887449,0.8960708360290055,0.917500793792739,0.9307730023119897,0.9518753722162551,0.9691891628228473,0.980690420949755,0.9959755598183567,1.0094546768099655,1.0251384637595722,1.0454679417864257,1.0530360927990317,1.0682236296480854
mema_100 <= Low_sft_2,-0.0043939673,98878,38999,59879,12.24,-2716.910911107891,-534.8383552829328,f2e93f04b3d2a46ee10823902064b64ae41106b8f01252b29032fe26a3290c3e,30,0.005135893821716309,27.73,0.9135959313428803,0.9135959313428803,0.9965877912408407,1.0641940512905637,1.1213163464923923,1.1638530915275387,1.205713092014172,1.2471125217082293,1.2785089314368017,1.302225113184528,1.3209164310170107,1.3447449500602724,1.3733632215931562,1.3959123276374785,1.4197115497778319
rsi_30 <= 20,-0.0044088345,98878,121,98757,8.26,-55.76869459741283,-7.546858060275552,64f5e1bb8a7d01ed3bc711ef82f8836c32f34a4dc5e2cbccb6c4442736ec4dbc,28,0.0,0.0,0.6655098412922328,0.6655098412922328,0.685827333452057,0.7465002757653809,0.6939308556671258,0.7048824960201402,0.7066349995855216,0.6473225166928582,0.6315929388481965,0.7008200562423403,0.7977643378326882,0.8328613684875555,0.801837608049581,0.8405682663172493,0.8242655786139561
sma_10 <= Low_sft_3,-0.004423403,98878,21813,77065,12.14,-1599.261907816457,-363.53683211140014,984863a5cb13aec2699710705080435de7dea983a917ddee35d0db64a2bad484,30,0.007949200458824635,28.11,0.9053574450608325,0.9053574450608325,0.9777356488953076,1.0294777469099963,1.0603856473370388,1.1028194857711324,1.1172162689786205,1.1433073646471137,1.154117104726442,1.1674891959181555,1.1891847295057432,1.2116088650270023,1.2351852641890597,1.2317604259611086,1.244275872390423
sma_20 >= Open,-0.004431614,98878,50846,48032,12.28,-8375.759076884959,-1084.9208838539053,4e49187dd2ecfc8ed6f19c1bb32ee3b3851abe32a765f332ea6026515c0fc382,30,0.001240184879861772,27.5,0.7932623591147161,0.7932623591147161,0.833936374858673,0.8656578149637786,0.8848336867706729,0.9041583707301533,0.9211310266829918,0.9404600721581382,0.9590047789290851,0.9836495258675029,1.006644670608208,1.023544014001987,1.0366822363544677,1.0489451883118042,1.0620253186698427
aarod_5 >= aarod_10_sft_3,-0.004440193,98878,55819,43059,12.29,-7301.6890824085895,-1119.9727180323607,010ce60baf3de2cf8c4bcfd243c9185441a26efa8e16690af1f746cc88b42f78,30,-0.007427264004945755,27.15,0.839199435462011,0.839199435462011,0.8904121898880418,0.9338969720394393,0.9625045692389244,0.986153593542268,1.0018726328325933,1.0162731704138248,1.042679139234762,1.067911230594428,1.0853066462609322,1.1015964364621056,1.1083896312594839,1.1256844193484143,1.1441100227772087
aaro_10 <= aaro_5_sft_2,-0.004467426,98878,55517,43361,12.29,-6690.50900242506,-1048.1168633815541,03178e4886fc07979b0c314ad9c68ba2f86b07645c5f6bfdb6bc96b9669a3c24,30,0.0005205633351579309,27.47,0.8525555164763059,0.8525555164763059,0.9020571619789161,0.9511973498284172,0.974862659417654,1.006708378187389,1.0329021592825316,1.0584314575908174,1.0721190180947355,1.0828827885698173,1.1017466453087508,1.1191738413081698,1.133458976012756,1.1436373365113615,1.1542596179319902
sma_5 <= sma_20,-0.004500241,98878,50533,48345,12.27,-7842.910465862519,-1069.353867281854,9620e21a74658492f7af120824bf7d2062ca3a47b721c940ad3cc1d3bc8eb349,30,0.0019157006172463298,27.53,0.8025444082157631,0.8025444082157631,0.8440480227619126,0.8704440358712645,0.8904994735065057,0.9095687249380376,0.9267437988774302,0.9414979720476632,0.9621613471368102,0.9844784776929643,1.0079281800954714,1.0291412150157189,1.0436822861607915,1.0531671467787669,1.0626563910555857
aaro_14 >= aaro_10_sft_2,-0.0045106504,98878,52120,46758,12.28,-7946.436799131552,-1047.7912383978328,fa1fba1a54e25d7a96ab29b0d7c633f260580ef2319f10dc44e85c501c26793f,30,0.00044041057117283344,27.46,0.8173165913901481,0.8173165913901481,0.8822391820370075,0.9178137788459984,0.944401376281472,0.973130269062888,1.0009112083523826,1.0270292343721474,1.0429562759390212,1.0570375835599342,1.0784084816432498,1.0991050374640592,1.1091171985173485,1.121078702998655,1.134506328781853
plus_di_5 <= 9,-0.0045257513,98878,17086,81792,12.09,-1694.3656666692154,-386.52288249659614,14a9c3710fc1b17e882c866201c8dfd17bc6a0c5cee2921d8c0a77ac8ad2afa3,30,-0.006248802877962589,26.83,0.8608368837210676,0.8608368837210676,0.902397315006995,0.9194842157239604,0.9526300752240207,0.9705048580423922,0.9916193666930095,0.9934363031172545,0.9830296220302729,0.9976472090181682,1.0160466508779422,1.0428783397828438,1.063789982624831,1.06805167782991,1.0700408814816367
rsi_14 <= rsi_10_sft_3,-0.0045263986,98878,48773,50105,12.27,-4557.85813157474,-877.8754341552412,f60792ba6ac5baece5de7ac90117c85055d233a86016db65a9b1851d8a518ee9,30,0.001780783524736762,27.53,0.881129007256827,0.881129007256827,0.9276756799694298,0.964046506278782,0.988340851234616,1.0061189405833066,1.0171186495495894,1.0299469008311908,1.038498633634904,1.0572460503555021,1.0682896464781773,1.0809840654193574,1.0978991507598361,1.0993938026486256,1.1093076248922056
rsi_5 <= rsi_5_sft_1,-0.0045292727,98878,54174,44704,12.28,-4345.713156303576,-945.1058136416686,f60792ba6ac5baece5de7ac90117c85055d233a86016db65a9b1851d8a518ee9,30,-0.0028696302324533463,27.33,0.8956798271849393,0.8956798271849393,0.9519056662382874,0.9759798437698773,0.9992135528994758,1.0192955337373912,1.03258563357106,1.0487411974368632,1.0646333495270421,1.0851008940688067,1.0970492984231912,1.1136270890643631,1.1293560091349562,1.1438097732706551,1.1471016720154388
aarou_20 >= aarou_14_sft_2,-0.0045380285,98878,60452,38426,12.3,-8712.044434149098,-1166.322858835687,0f031b3780e6467809600593d6806420193325d9573f332c17b627db66a26893,30,-0.0006514046108350158,27.42,0.8253824531427043,0.8253824531427043,0.8799493156687554,0.9170233656115871,0.9568793755462585,0.9817190116119601,1.0006145041722,1.017471941381274,1.0374366734228813,1.0537486194638408,1.0617983579246668,1.0743707631485617,1.0877494962380068,1.100190212504932,1.1212541726157699
aarod_14 >= aarod_10_sft_2,-0.0045414576,98878,58147,40731,12.29,-7348.885197487052,-1156.9681442752408,010ce60baf3de2cf8c4bcfd243c9185441a26efa8e16690af1f746cc88b42f78,30,-0.007570468820631504,27.16,0.8476681889176477,0.8476681889176477,0.8997913378932592,0.9369475675681675,0.9701508936184406,0.9944651875314764,1.0132639008569453,1.0240185365670038,1.0443679921375046,1.0628436498181697,1.0751746447962578,1.0861831098573373,1.0973514192696396,1.1085372491621668,1.1277280535308598
stdev_10 <= stdev_14_sft_1,-0.004550171,98878,65397,33481,12.31,-9499.23130785306,-1282.4606115411952,76cc05d7e847d59489f80a379ae9909f097acc0055c98dd465d85c99099ff3c8,30,-0.0032644043676555157,27.34,0.8217221774922925,0.8217221774922925,0.8734830929410676,0.9089423927730728,0.9384721743766328,0.9724341489934298,0.9974977563645693,1.0187055418336044,1.0339555021094953,1.051957917881991,1.0692390883324394,1.0872066969331815,1.1031629753395304,1.1138585676719555,1.1221886581958362
minus_di_14 >= 24,-0.0045794635,98878,39257,59621,12.23,-5126.780443959063,-846.5642172360604,a06e18f5f366aa3040f30d3f53c74e6c3d30e6b8f15e9282eabbaa7fe9dd85a0,30,0.029040565714240074,29.04,0.8262532415327806,0.8262532415327806,0.8740227791533705,0.9069317029129833,0.930756094950056,0.9602856707515158,0.9884199517933443,1.0082720120319089,1.0252825620341977,1.049386846228512,1.0803188350186683,1.1045987466560578,1.121813518684438,1.1332151067185405,1.1560832147932585
aarod_10 <= aarod_30_sft_2,-0.00458855,98878,55983,42895,12.29,-7683.61290673761,-1132.6588153845587,1c17b055d6052442bbc23e9c5f48c3b369df45790e4212d5edae44425931e847,30,0.003041211050003767,27.56,0.8353213766819088,0.8353213766819088,0.8844333713469796,0.916774474285799,0.9467352485648787,0.9760902259733489,0.9999616088177656,1.025929955128484,1.0424726717524213,1.063493140244618,1.083842290137981,1.0941003916125258,1.102530808139858,1.106337406830552,1.116406128379792
mom_2 >= mom_5_sft_3,-0.004588741,98878,51092,47786,12.27,-7639.892622869148,-1039.2775528238053,eaab1708ca388033e741f56742381a7a1263cfafa2fbe8f413d450736cce3e74,30,-0.004950983915477991,27.23,0.8214058184428474,0.8214058184428474,0.8710276394561419,0.9092713476708443,0.9465638359474808,0.9707759355871348,0.9957973424829832,1.014059890534842,1.0334938079527582,1.0534907144495094,1.074663545296225,1.0869472832425993,1.0913250454207597,1.1077566485645547,1.1248852328600203
day_of_month == 1,-0.0045905677,98878,766,98112,10.7,-149.80633054976352,-16.947699923250184,737d6d1d85a27bd24d6381c6a37443495c3b9dd7a7d69f2f067c86100940a56f,12,0.0,0.0,0.755730224032234,0.755730224032234,0.7935861969398703,0.8177204967842655,0.8324185089325766,0.8358153122389367,0.8353983301125191,0.8349151922070928,0.8353969898692938,0.8335815322779466,0.8249855475440728,0.8140278024034324,0.8069177948736386,0.7770020750662897,0.772109044308345
mema_5 <= Close_sft_1,-0.0045920685,98878,48838,50040,12.27,-4743.902940400503,-868.7190141899628,7bbedcb317d5c12750ad9ed3d218721554e71f07d9c51daeb72ddac27b693913,30,0.0002921139821410179,27.46,0.8823345125385852,0.8823345125385852,0.955538211160167,0.993496085987345,1.0221566178228825,1.0531985864275635,1.080716660866712,1.0991029276990238,1.11276948613689,1.124220861533414,1.1332550420556304,1.1445611213256015,1.1581559285003706,1.1745958724007524,1.18291657492724
plus_di_5 >= plus_di_5_sft_1,-0.0046227532,98878,29375,69503,12.18,-3873.8247344923375,-550.5201176237097,e29890bc12ea37e8ab50982e55f5d20643af7c43a2ddc27569a065e219a2f597,30,-0.0019813193939626217,27.31,0.8488956882096585,0.8488956882096585,0.9126224269586792,0.9436726671038327,0.9859881254951804,1.0223048018843837,1.0514795613102206,1.0589543840789122,1.073240567493382,1.0907309078439213,1.1092770501756877,1.128619508986129,1.1355678611864544,1.1423164066757714,1.1725693865796298
stdev_30 >= stdev_20_sft_2,-0.004631512,98878,77859,21019,12.34,-11226.799673016212,-1506.6973697913854,a092dbfa6dbefd1d342d1a211503f33f5c7745cd5359e4d4115f2b75459bc7b9,30,0.005686370190232992,27.58,0.8263419240708697,0.8263419240708697,0.881961722516478,0.9235505204244222,0.9582076557535234,0.9877437088285648,1.0133326862837289,1.0349647447302834,1.0584905580689652,1.0797765489284255,1.0984064954976978,1.1132648376816328,1.1268934649312654,1.1445658081972487,1.160325028342848
aarod_30 <= aarod_20_sft_1,-0.004633055,98878,41782,57096,12.24,-5681.492870008628,-834.8951152617883,1c17b055d6052442bbc23e9c5f48c3b369df45790e4212d5edae44425931e847,30,-1.9359285943210125e-06,27.44,0.833840550316043,0.833840550316043,0.8873993103146048,0.934311508268703,0.9560056284094115,0.976563717952546,0.9943858855805284,1.0150135989285007,1.0360462508910382,1.060216464495557,1.0864229166310382,1.1139815692251072,1.142032001400516,1.1579094886332457,1.1716158185466894
aaro_14 >= aaro_5_sft_1,-0.004634088,98878,51106,47772,12.27,-7712.072880686785,-1027.7874000414522,fa1fba1a54e25d7a96ab29b0d7c633f260580ef2319f10dc44e85c501c26793f,30,-0.0051252711564302444,27.22,0.8209753682654155,0.8209753682654155,0.8793646980113244,0.9167151461707909,0.934479146385287,0.9535306391605207,0.9687965212765529,0.991508383646387,1.016311935695199,1.0389905345460746,1.0523565480489105,1.0656717653816261,1.0812906239036124,1.1017864330401164,1.1181246879238862
rsi_14 <= rsi_10_sft_2,-0.0046428917,98878,48595,50283,12.26,-5164.411823286753,-895.8035995121973,f60792ba6ac5baece5de7ac90117c85055d233a86016db65a9b1851d8a518ee9,30,-3.921275492757559e-05,27.44,0.8649260729016207,0.8649260729016207,0.9282211987624478,0.9629081666965568,0.990892937349224,1.0098398999451104,1.0285452139456677,1.0414733728624272,1.0525322574413905,1.0651525981689918,1.0724803059123764,1.0856314512226564,1.1065035833158194,1.1146083515618124,1.1153482324535453
mom_15 <= mom_2_sft_2,-0.0046435297,98878,50906,47972,12.27,-7056.555742876623,-1057.81497504477,99b230403b43b61a62d1e1bb62b812e1617b1ac927f76ee434dad8be358b43f3,30,0.0045748017728328705,27.64,0.8211676522524619,0.8211676522524619,0.8572873107809627,0.8809921873245753,0.9048042137142175,0.9199729934601775,0.940221554226947,0.9594454926576685,0.9747014210309222,0.9944324893809291,1.01785765377661,1.0333712675547986,1.0507528860342592,1.06492756197415,1.0710798680171512
mom_5 >= mom_10_sft_2,-0.004650856,98878,51076,47802,12.27,-8213.1218511144,-1028.3810404644973,eaab1708ca388033e741f56742381a7a1263cfafa2fbe8f413d450736cce3e74,30,-0.0018491679802536964,27.37,0.8071967237448513,0.8071967237448513,0.8599282532968666,0.8955284334454984,0.9321296184921323,0.9570581920015492,0.9795966624754051,1.007755937291313,1.0286839686434743,1.0468926833916665,1.06397960916315,1.0770112289542992,1.0867490696467061,1.1015743320481466,1.1181456906401992
willr_30 <= willr_5_sft_2,-0.004662876,98878,51810,47068,12.27,-5768.153146545574,-962.0819035564928,1427ae29e5c4ed561613e902f1f63301f41038d7cf9fdf54aa945c6a3e2bca60,30,0.0018052489031106234,27.52,0.8573027903593433,0.8573027903593433,0.9027950372715763,0.9369549879042806,0.971269287844499,0.9930019485097756,1.012916623406359,1.0272171346031267,1.0417764553102484,1.061691854129615,1.075949840623753,1.0882887847696554,1.108154654498713,1.1192313989008662,1.1244583167957565
mom_2 <= mom_5_sft_3,-0.0046679564,98878,49613,49265,12.26,-4911.042674419309,-901.0691766125528,99b230403b43b61a62d1e1bb62b812e1617b1ac927f76ee434dad8be358b43f3,30,-0.0028218869119882584,27.32,0.8781365257342444,0.8781365257342444,0.9345393210022859,0.9697698370537375,0.9920566207733773,1.0217824380912177,1.039350957115402,1.0541905381578163,1.067867188434,1.0761715821231603,1.0832125860601098,1.0988516523954501,1.122014564845884,1.1304084406493156,1.1377925212439668
bb_lower_2_10 >= Low_sft_1,-0.0047002425,98878,8815,90063,11.92,-1861.011874132987,-210.55841377954494,4e26baca5a6303a13016cf43f2fb7e5c7be993260b396d0848e5bc87608a1ef6,30,-0.007497706450521946,26.38,0.7482356532164528,0.7482356532164528,0.7912620317213954,0.8533677453433643,0.8750654003442981,0.870397808015975,0.8963699865857451,0.898428054255555,0.9102090932399565,0.9403762582751375,0.9482534166607122,0.9795551832906327,0.9859285852964537,0.994879682259686,1.0016056710617434
willr_20 <= -7,-0.004716619,98878,90739,8139,12.37,-13180.14861092062,-1804.4865903447499,c087f74a8ef9fdefe2bfbfe4c42e7c177e68996d73089fae9a8de15f5638210d,30,-0.003649515565484762,27.4,0.8238505421986103,0.8238505421986103,0.8716881996201704,0.9067632239421406,0.9288102420862367,0.9532340363016816,0.9760659252945825,0.995758648700967,1.0139274979106596,1.0332878012527322,1.0513685665437569,1.0676400809153228,1.0819839333303827,1.092670171798632,1.102010169485944
rsi_5 <= rsi_2_sft_3,-0.004737043,98878,49002,49876,12.26,-4806.556184973063,-899.2293441584843,f60792ba6ac5baece5de7ac90117c85055d233a86016db65a9b1851d8a518ee9,30,0.0025127860717475414,27.56,0.8786149275175382,0.8786149275175382,0.9342503141693884,0.9819165826920859,1.0126601432821505,1.037821819323788,1.064946656475086,1.0806957376487853,1.089739522884267,1.110304142644526,1.120642621769402,1.1344753301641746,1.1509508278595781,1.1611744506475674,1.1698931092758789
atr_20 >= atr_14_sft_3,-0.004743605,98878,54395,44483,12.28,-7763.451070380733,-1106.6233810643607,532171b4b026df3b7d23c8264137467a8cc80a53ca41565a8c760a4fc7c55907,30,0.005664109252393246,27.67,0.8272928828817568,0.8272928828817568,0.8808562941006156,0.9171774621816832,0.9489007855615809,0.9713675104255235,0.9937412915979521,1.0123948103228662,1.0305180973057946,1.0410309358948298,1.045315493455309,1.0536519037094554,1.0533971938927307,1.060707351904861,1.067764890898537
mom_20 <= mom_20_sft_2,-0.0047561857,98878,50156,48722,12.26,-5301.088240780064,-880.8410654665349,99b230403b43b61a62d1e1bb62b812e1617b1ac927f76ee434dad8be358b43f3,30,-0.0008286753436550498,27.41,0.8634972196898371,0.8634972196898371,0.9019143688457026,0.9457071234405642,0.9666669571058699,0.9817666173884928,1.006767557961911,1.0232941552214585,1.0376526030010524,1.0571759694580387,1.0618400231270615,1.070315334726873,1.0992329857501686,1.1115996143792521,1.1183579404107133
aaro_10 <= aaro_10_sft_1,-0.004757593,98878,70446,28432,12.32,-8557.805073583837,-1346.0977269416617,03178e4886fc07979b0c314ad9c68ba2f86b07645c5f6bfdb6bc96b9669a3c24,30,-0.0006438061827793717,27.43,0.8510300418686231,0.8510300418686231,0.9012307924647458,0.9373860570278728,0.9548980914106561,0.9747630182754418,0.9914536314944778,1.0093853825556378,1.0253978745565944,1.0446539214443806,1.0594418244957393,1.0800070691238748,1.0967779054345623,1.1105560134014594,1.1225017671835047
mom_10 <= mom_15_sft_3,-0.004763413,98878,49086,49792,12.26,-6115.0109658811125,-902.8823381364928,99b230403b43b61a62d1e1bb62b812e1617b1ac927f76ee434dad8be358b43f3,30,-0.006827447563409805,27.14,0.8436287732326303,0.8436287732326303,0.8865877130329411,0.9256435171179741,0.9469444305800496,0.9730815937226228,0.9934422214830926,1.0149206536458695,1.0309123400018483,1.0514787349253767,1.0644867720432538,1.0718099161603059,1.0823710054786937,1.0811856817071166,1.094655129931764
mom_2 >= mom_2_sft_3,-0.004776348,98878,51181,47697,12.27,-7210.041929005965,-1018.4809898626481,eaab1708ca388033e741f56742381a7a1263cfafa2fbe8f413d450736cce3e74,30,-0.005152037832885981,27.22,0.8354736509040048,0.8354736509040048,0.8967829242552153,0.9337641909369054,0.9645293449930467,0.9964672706645469,1.0189746302566047,1.0360138770385827,1.0496819384978424,1.0612422437262532,1.0794818080905197,1.0967162148148648,1.0988579024322445,1.110981551241334,1.130954305159433
aarou_10 >= aarou_14,-0.004777543,98878,40332,58546,12.23,-6112.071276548309,-800.4653138741342,0f031b3780e6467809600593d6806420193325d9573f332c17b627db66a26893,30,-0.0006959337624721229,27.41,0.8193865967412063,0.8193865967412063,0.8857520644043293,0.9204625044567242,0.9676472541427393,1.0069936947418423,1.031154221179338,1.0446055005807422,1.0687762069111617,1.091490511218754,1.104006340851834,1.1109678786945507,1.1226437486734582,1.1366013710090683,1.165508216182149
sma_100 <= Low,-0.004779159,98878,40421,58457,12.23,-3617.580374232846,-586.2908254065769,984863a5cb13aec2699710705080435de7dea983a917ddee35d0db64a2bad484,30,0.0033416131045669317,27.62,0.8910086048052944,0.8910086048052944,0.9783369129584474,1.0486514218503251,1.1029789752349215,1.1512983486880608,1.1946240756364448,1.2363979179082032,1.2737929397397345,1.30502250413787,1.3277165650226024,1.3484261876802295,1.3711206029358542,1.3941313267486009,1.4162868906114336
bb_lower_2_10 <= bb_lower_2_30,-0.0047988803,98878,23056,75822,12.13,-3441.735795083862,-558.9368715835517,1b1f7d2955b86143cbe65db86c488966f4bce7b7721643a6a4f3f03e8b4d5ec5,30,0.003124557202681899,27.7,0.8170879520021201,0.8170879520021201,0.8649140002116816,0.8903015105432579,0.9174194562094582,0.9209067405188237,0.9387265228369512,0.9544780365544475,0.9643338047928577,0.9781711325939949,0.9920077343137707,0.9995754516169071,1.0046368039525042,1.0154013065987397,1.0276052746875457
aarod_10 >= aarod_5_sft_1,-0.004811436,98878,68843,30035,12.31,-8533.794788467869,-1260.0320210774444,010ce60baf3de2cf8c4bcfd243c9185441a26efa8e16690af1f746cc88b42f78,30,-0.00029146362794563174,27.44,0.8496541056653726,0.8496541056653726,0.911602812986941,0.9391460987555329,0.9662104252595067,0.9884930025434662,1.0128138254785573,1.0369289344366357,1.051748644631016,1.0668097651544381,1.0817596359741974,1.0989081848938107,1.1189820400870203,1.129186591469058,1.1378536917342628
aarod_10 <= aarod_30_sft_1,-0.0048192316,98878,58464,40414,12.29,-8068.744276386795,-1205.325183173125,1c17b055d6052442bbc23e9c5f48c3b369df45790e4212d5edae44425931e847,30,0.004084416665136814,27.6,0.8340107484220857,0.8340107484220857,0.8834760375757797,0.9182010497651181,0.9489269710237704,0.9776115457159392,0.9995133733702805,1.0237643338834976,1.0430681132904052,1.0640246957570447,1.0855165886206757,1.0971943789303378,1.1049647551993516,1.110392432370023,1.11988505074356
bb_upper_2_30 <= bb_upper_2_20_sft_3,-0.0048247026,98878,26758,72120,12.16,-3914.0267890266896,-567.1279110310061,3aa49a56ba366f74cacb6b40add631875fca9bf88d1abae08516bfe7d1357af1,30,-0.010392098687589169,26.68,0.8160548020329981,0.8160548020329981,0.8558555622669388,0.884839770174343,0.898445329032902,0.9245398963688485,0.961455957799605,0.9800389091678138,0.9906373071873149,1.001946064894741,1.003871988995161,1.01073460881924,1.0153506223910613,1.0136145042603621,1.0238903227004088
aaro_10 >= aaro_10_sft_3,-0.004838933,98878,58338,40540,12.29,-7894.111678131905,-1096.590090886646,fa1fba1a54e25d7a96ab29b0d7c633f260580ef2319f10dc44e85c501c26793f,30,0.004385726526379585,27.61,0.8369718676375574,0.8369718676375574,0.8959870673962896,0.9265778364772619,0.9598367589253451,0.9928669007479307,1.0168184186680878,1.0321744971421287,1.0378742793583218,1.059156556003376,1.0784633453824566,1.090387233532539,1.106809733576323,1.121755173103818,1.1362386161650089
day_of_month <= 7,-0.0048464374,98878,15937,82941,12.05,-1386.8501302479394,-273.0325052251137,49cbc20e8e123e9500d17c94d10e8476c9be751f3936e646ba3355acc5fd09d7,30,0.005738533101975918,28.03,0.8850808571617638,0.8850808571617638,0.9621240826843995,1.0186765612286963,1.0653379494411135,1.1051422061540905,1.1393223047753285,1.1677210708946693,1.1903953633386144,1.2115497441313883,1.2301283591218144,1.2491491277903577,1.2675658635717444,1.286951033032983,1.3062124994022364
plus_di_5 <= 23,-0.0048567215,98878,56050,42828,12.28,-8249.574314620015,-1173.8392049678368,14a9c3710fc1b17e882c866201c8dfd17bc6a0c5cee2921d8c0a77ac8ad2afa3,30,-0.0028304667212069035,27.33,0.8124647253223488,0.8124647253223488,0.8617158574608706,0.8964721985917051,0.9154511746271641,0.9350487892619328,0.9564254499640649,0.9771515424611428,0.9891182101287931,1.0018380002314693,1.0149445192549513,1.0298894662167049,1.0477861410851477,1.0588535807503578,1.0700733971509218
aarod_14 >= aarod_20_sft_1,-0.004864262,98878,38050,60828,12.22,-4715.939090766191,-636.1471523440778,010ce60baf3de2cf8c4bcfd243c9185441a26efa8e16690af1f746cc88b42f78,30,-0.003763562301173806,27.23,0.8468251544230471,0.8468251544230471,0.9025819631168849,0.9311575279160577,0.9751206543983721,1.0052644678366234,1.0282469741403109,1.0453685927938143,1.054000913534451,1.0735577300904562,1.0971855287335235,1.1139698814010244,1.133533924625704,1.1566403639424947,1.1831596400605455
aaro_14 <= aaro_20_sft_2,-0.004879021,98878,50470,48408,12.26,-7396.63184895428,-975.4571036914276,03178e4886fc07979b0c314ad9c68ba2f86b07645c5f6bfdb6bc96b9669a3c24,30,-0.006730730179697275,27.15,0.8204168361871083,0.8204168361871083,0.8728239834893486,0.9092276481058391,0.9319267679910769,0.9591093890691655,0.9788851004458641,0.9970786503647798,1.0093960832594828,1.0225999482400885,1.035934118133911,1.0456567593076778,1.0582894583900484,1.0790058458888008,1.0987258868663212
sma_20 >= Close_sft_2,-0.0049030166,98878,50771,48107,12.26,-8646.849113601358,-1106.0473836180827,9d05ebf4a4df1374ab70d34fd4bb0bb7068613b3ea4d9f34537ac27b7aeadf15,30,-4.836136940866709e-05,27.44,0.787925476865185,0.787925476865185,0.8319129526707493,0.8586952416765776,0.8828687382315747,0.905534217836925,0.9260740206216526,0.9492351028267161,0.9722360852641982,0.9920280650505888,1.0168150272550491,1.0324947705352272,1.0454739612760746,1.055664809335878,1.0707421536257322
adx_20 >= 12,-0.004913522,98878,87897,10981,12.36,-11890.575424487459,-1703.6141291067688,4118d96628e9d7109ca1b25b71d8f7665de5864ad974c7631ea4a76d380fc96f,30,-0.012714831158518791,27.24,0.8367341254145814,0.8367341254145814,0.8902214838005487,0.927210587941338,0.9563517621509162,0.9813402043797387,1.0036668287779897,1.022080622739685,1.0388397737934463,1.0538226888272,1.067717795973031,1.0828585169912635,1.0973562210061933,1.1107663020295686,1.1246164379437118
minus_di_5 >= 9,-0.0049190433,98878,81692,17186,12.34,-10625.279564290937,-1641.2110216193323,a06e18f5f366aa3040f30d3f53c74e6c3d30e6b8f15e9282eabbaa7fe9dd85a0,30,0.016547981649637222,27.78,0.8373845619457911,0.8373845619457911,0.8937211508705012,0.9255432545927852,0.9493777492135469,0.9756897920824732,1.0010242133771852,1.0227540167219482,1.0425594751157714,1.0616995364158253,1.0784822880574891,1.092255593360758,1.106155398790867,1.120901072876535,1.1327512310070185
willr_30 <= willr_10_sft_3,-0.004921261,98878,51530,47348,12.26,-5444.961251936261,-944.3008868146935,1427ae29e5c4ed561613e902f1f63301f41038d7cf9fdf54aa945c6a3e2bca60,30,0.004202309995889664,27.62,0.8642422587593159,0.8642422587593159,0.914744466225538,0.9523877499901967,0.9796511977603554,0.9954914679161205,1.0091331181452792,1.0294091881775769,1.050871787885765,1.076609314708476,1.093216706446052,1.112159857724674,1.1269627335081753,1.1359319311018443,1.1458439560724347
mema_20 <= Close_sft_2,-0.004922527,98878,47230,51648,12.25,-5075.218119003075,-789.3969237584897,7bbedcb317d5c12750ad9ed3d218721554e71f07d9c51daeb72ddac27b693913,30,-0.006272435653954744,27.15,0.8737065302289685,0.8737065302289685,0.9402378286612991,0.9943125725768739,1.0294741641039071,1.054994747370035,1.084185781268176,1.1053361329195732,1.119258488238951,1.1348392523323436,1.1403337010219978,1.1530596822099315,1.1724062778219277,1.1860941135993985,1.196390202829155
mom_20 <= mom_15_sft_1,-0.0049331305,98878,50783,48095,12.26,-6570.683547346554,-1042.593791009167,99b230403b43b61a62d1e1bb62b812e1617b1ac927f76ee434dad8be358b43f3,28,0.0021246550604701042,27.06,0.8355923135253164,0.8355923135253164,0.8846687810205524,0.9160044244768768,0.9434952626875227,0.9655522913031849,0.9857243320555852,1.0082363216455412,1.029206738048944,1.0437957535487394,1.06814662724639,1.092118054741527,1.112991302290908,1.1145370936452512,1.1080077632869425
plus_di_5 <= 17,-0.0049493955,98878,39886,58992,12.22,-5527.880146757937,-859.9403614902258,14a9c3710fc1b17e882c866201c8dfd17bc6a0c5cee2921d8c0a77ac8ad2afa3,30,-0.004882520530372858,27.18,0.8172074275402778,0.8172074275402778,0.8626642389352027,0.8950722817024738,0.914836300393167,0.9313737691145005,0.9534252360700356,0.9699887827027697,0.9808333995468768,0.9948397824268251,1.006257463519161,1.0251667166177658,1.0457385645653687,1.0515148043890912,1.064896732278214
mom_2 <= mom_2_sft_3,-0.0049540796,98878,50029,48849,12.26,-4942.721940051667,-913.6357095317799,99b230403b43b61a62d1e1bb62b812e1617b1ac927f76ee434dad8be358b43f3,30,-0.003464433364570141,27.29,0.875258808731587,0.875258808731587,0.922221172259776,0.9593302973414759,0.9883895784522406,1.0089715775095642,1.0297092615800882,1.048493920678072,1.0645587385576354,1.0840105911983435,1.0938228786439292,1.106770936526429,1.134658586379265,1.1439497056108145,1.1478384919944633
sma_20 >= Close_sft_3,-0.0049643717,98878,50771,48107,12.26,-8907.45215388793,-1127.9210886421788,9d05ebf4a4df1374ab70d34fd4bb0bb7068613b3ea4d9f34537ac27b7aeadf15,30,0.003443151945248246,27.59,0.7836520402650149,0.7836520402650149,0.8386769459175315,0.8666623516362253,0.8903052742681355,0.9127477769778545,0.9356812241749917,0.9587617090631155,0.9819545480606305,1.0040961595872937,1.0240573954685532,1.034454727711567,1.0492756026104049,1.0648413928722495,1.077871143318409
mom_15 <= mom_10_sft_1,-0.0049670623,98878,50876,48002,12.26,-6307.8699077603715,-985.4660986236777,99b230403b43b61a62d1e1bb62b812e1617b1ac927f76ee434dad8be358b43f3,30,0.004857403226196766,27.66,0.8423911248615084,0.8423911248615084,0.8929855965091706,0.9207056668274556,0.9533651831761136,0.9675889731086663,0.9886472012772808,1.0016140364965882,1.014842499328025,1.0341205459903147,1.0564856123207276,1.0686793426768346,1.088407187006767,1.1076423003849258,1.1254290494532435
mom_2 <= mom_15,-0.004970244,98878,49701,49177,12.26,-5480.326275835425,-855.8255755920982,99b230403b43b61a62d1e1bb62b812e1617b1ac927f76ee434dad8be358b43f3,30,-0.00917473342269659,27.04,0.8706997839142833,0.8706997839142833,0.9389285731653696,0.9845413133788304,1.0208356775905771,1.051468325084237,1.0730256425782334,1.0947060121863794,1.110418983263116,1.119915137144601,1.1269973884643905,1.1395014171222841,1.1595137189566052,1.1714799145441062,1.1805369856025347
willr_30 <= willr_20_sft_1,-0.0049752076,98878,52205,46673,12.26,-5217.092001338675,-943.4531584049109,1427ae29e5c4ed561613e902f1f63301f41038d7cf9fdf54aa945c6a3e2bca60,28,0.0019246835727244616,27.05,0.8716935571479889,0.8716935571479889,0.9221103237894468,0.9583782545697143,0.9866156570648127,1.0182901235337545,1.0395133560702305,1.059892636022578,1.0780165900191059,1.1042462967349351,1.1198506342951609,1.132353340868636,1.1434580045497453,1.1486248758756767,1.147288599871501
mema_10 <= High_sft_3,-0.0049890685,98878,74224,24654,12.32,-9136.730464677225,-1435.9599738527759,272a901e1625028460b95370368ae350ea9835e10fc1933b41122586149e5de3,30,-0.006272050552070141,27.28,0.849869285368543,0.849869285368543,0.9014188438541423,0.9381231453459441,0.9589098426898492,0.9784942016080734,0.9985839100078262,1.0134730615652991,1.0251542600519525,1.0419613291329135,1.0576973010366801,1.0713920315533052,1.0911876026315193,1.0947184967091983,1.1077608790068576
willr_20 <= -9,-0.0049947393,98878,89107,9771,12.36,-12876.72785951148,-1785.073240189362,c087f74a8ef9fdefe2bfbfe4c42e7c177e68996d73089fae9a8de15f5638210d,30,-0.0018497372511774302,27.42,0.8240627781728295,0.8240627781728295,0.8719783991722837,0.906003393896022,0.9296056555790625,0.9529521719623244,0.9751721336353195,0.9963410832389039,1.0151203164185079,1.0344009927725335,1.0527454559062237,1.068919529320026,1.0824650745079414,1.0940951231432159,1.1020496978295966
mom_2 <= mom_2_sft_1,-0.0049948446,98878,50775,48103,12.26,-5141.312887501443,-901.1688226225888,99b230403b43b61a62d1e1bb62b812e1617b1ac927f76ee434dad8be358b43f3,30,0.0004913464072160423,27.47,0.8737518779123621,0.8737518779123621,0.9386148302814351,0.9886312308786129,1.0099823940432655,1.032029751769553,1.0527416750305914,1.0690810667606399,1.0784181257069672,1.094953675599715,1.1059396484128206,1.1153849585698614,1.131908599057242,1.1466299520339887,1.1534530155810234
aaro_30 >= aaro_20_sft_3,-0.005003674,98878,51742,47136,12.26,-7083.242886078578,-972.2145449992386,fa1fba1a54e25d7a96ab29b0d7c633f260580ef2319f10dc44e85c501c26793f,30,-0.004018443636596203,27.27,0.8322126565242352,0.8322126565242352,0.878904451755445,0.913513323219107,0.9517956055373654,0.9751019062551085,0.9983934534784347,1.0179682133991483,1.0318944449474388,1.0574081453817326,1.0851174940217223,1.1082793730134342,1.1230788886373022,1.1357420155599969,1.1458113947680584
minus_di_5 <= 17,-0.005026958,98878,39137,59741,12.21,-4546.892452628976,-723.5818916898206,cee77ee220a5e77fe95d20a730179fabcb0f2e40106664424787bbccffac6b44,30,-0.02341005578637123,26.15,0.8719344957019103,0.8719344957019103,0.9210891123646451,0.9591479289538363,0.9975004995252769,1.024260813122341,1.0456065722465837,1.0541425686551658,1.0588594068556736,1.0522332973562476,1.0617024439300757,1.0648016828914981,1.071655719282369,1.0806694113863957,1.0861981367604296
bb_upper_2_10 >= bb_upper_2_10_sft_3,-0.005029772,98878,46954,51924,12.24,-5639.489030075274,-879.8521772328822,2b12f1a24b5e2be255bd7327d40ce3105a7cd48cdc1cc2d1ac037ab6015a19a3,30,-0.005967840552330017,27.16,0.8599194038402879,0.8599194038402879,0.9274366306005851,0.9684944592011002,1.0045697266322209,1.0229177803461242,1.0380037350387945,1.0569778795146307,1.08452041092752,1.0981692797518128,1.114387008255407,1.1259892239228964,1.137270434270199,1.1532042527808197,1.172478856858873
aarou_30 <= 24,-0.005035626,98878,32906,65972,12.18,-5937.906801872392,-753.367889767047,da60be741621a42d93721696dcc6252cb06464cd161c4da151f0e18e03138794,30,0.013080939650535583,28.27,0.7731316833893206,0.7731316833893206,0.8224885005220866,0.8609167820113925,0.8906469563941892,0.9268679742347222,0.9579756934366469,0.9879068003940638,1.0195984414545245,1.0577063650588927,1.0849964426842873,1.099314350415583,1.11423739781949,1.1223310735594283,1.127816370432031
aaro_10 <= aaro_10_sft_3,-0.005043127,98878,57810,41068,12.28,-7601.516181355631,-1139.0866139706268,03178e4886fc07979b0c314ad9c68ba2f86b07645c5f6bfdb6bc96b9669a3c24,30,-0.006848911754786968,27.19,0.8395378738219917,0.8395378738219917,0.8896604799714527,0.9279973826352971,0.9450091177537423,0.9637010432899694,0.9774661899125978,1.0013066235857542,1.0227900360984945,1.0317901294046694,1.0471604665538363,1.065212871175871,1.0803775733854304,1.0933044843939401,1.1046390511064865
mom_20 <= mom_20_sft_1,-0.0050558425,98878,50783,48095,12.26,-5523.718916802506,-930.5568338671364,99b230403b43b61a62d1e1bb62b812e1617b1ac927f76ee434dad8be358b43f3,30,-0.0032811735291033983,27.3,0.8606972621359669,0.8606972621359669,0.9017237880233478,0.9356425335925266,0.9653197421649029,0.9849777638076972,1.0053884303429905,1.0243953699908674,1.0384738939735718,1.0593607868465371,1.0713808278257553,1.0823965134406537,1.1062649493503756,1.122329702482098,1.1282372828960139
sma_20 >= Low_sft_3,-0.005069194,98878,65886,32992,12.3,-10429.538169004842,-1379.3419015089385,7e47ad2f5aad8309cb5e81c51f9a75f0ebc795f902c6c62c65c20c0b4901b7f7,30,-0.0019883899949491024,27.38,0.8056666968720377,0.8056666968720377,0.8507620548192599,0.8828809926457394,0.9095033720752892,0.9363452421609336,0.9581746902778148,0.9779139428543399,0.9982333442838154,1.015286309506862,1.0302580548150344,1.0377583619421207,1.0480574264867506,1.0627186866766476,1.0715162066660058
mom_5 >= mom_10,-0.0050799386,98878,52267,46611,12.26,-7571.491643393249,-1037.7110479961702,eaab1708ca388033e741f56742381a7a1263cfafa2fbe8f413d450736cce3e74,30,-0.0037067376542836428,27.29,0.8180860150507264,0.8180860150507264,0.8558190568519195,0.888682647954254,0.9130669664214033,0.940672243324209,0.9608137768023393,0.978552404379683,0.9959085206572954,1.0156699819679176,1.0354224378280985,1.0494605655871694,1.0648478404708654,1.075309939182654,1.0860485561064208
rsi_30 <= 22,-0.005083373,98878,158,98720,8.23,-81.40551417844836,-9.829558109500795,64f5e1bb8a7d01ed3bc711ef82f8836c32f34a4dc5e2cbccb6c4442736ec4dbc,22,0.0,0.0,0.5978138561321957,0.5978138561321957,0.5872182696367821,0.6719003794074243,0.6603656557603194,0.6368494325781903,0.6556091013921977,0.6120123370937787,0.6116770724074445,0.6844014921679846,0.7680255444397049,0.7456347007554839,0.7146726819425953,0.7325387014265792,0.7401785519411453
aarod_30 <= aarod_20_sft_2,-0.005114725,98878,45071,53807,12.23,-5650.351290944372,-832.8231221101669,1c17b055d6052442bbc23e9c5f48c3b369df45790e4212d5edae44425931e847,30,0.005337564740329981,27.71,0.8453767015067716,0.8453767015067716,0.8967536218249299,0.9311286404387348,0.9487870187041251,0.9718380890920731,1.001507448150477,1.0252611508980964,1.0484131182112817,1.080943999939397,1.1062435971449855,1.1326524373981857,1.1592892686730452,1.165964007979862,1.1839174581475889
rsi_30 <= 19,-0.0051160273,98878,109,98769,7.34,-54.085648077656515,-7.2347580684436235,64f5e1bb8a7d01ed3bc711ef82f8836c32f34a4dc5e2cbccb6c4442736ec4dbc,28,0.0,0.0,0.6542102136938329,0.6542102136938329,0.6570355226535359,0.7109661740430997,0.6849575965305011,0.7060748366298084,0.7122857528986677,0.6346057634703165,0.6182840001509097,0.6755949225061705,0.7939635178051717,0.8270482618259526,0.7943158009106344,0.8291167724708215,0.8203024855882975
aarod_14 >= aarod_20_sft_3,-0.005117393,98878,43152,55726,12.23,-5362.504904900419,-725.37971649065,010ce60baf3de2cf8c4bcfd243c9185441a26efa8e16690af1f746cc88b42f78,30,-0.005348456557840109,27.17,0.8457275541781812,0.8457275541781812,0.88955934600801,0.9281896401427828,0.9558884899582981,0.983236264233166,1.004204702623849,1.025032965608417,1.0398626645795805,1.0567573201380134,1.0756352658994353,1.0929700911183018,1.1137402697094378,1.1330297397639801,1.153778258388922
plus_di_5 <= plus_di_5_sft_1,-0.0051213745,98878,71113,27765,12.31,-7463.72143521241,-1353.4229816630468,bd972efc927c87708f479b3c989a305bfeb89b6aa0381d01606955fa59f6baca,30,-0.005644125863909721,27.29,0.8694720113737059,0.8694720113737059,0.9215627214002045,0.9581675417116874,0.9805387476886367,1.000678895018093,1.0204612367527743,1.041971485401752,1.0555113722980012,1.069817997671888,1.0822926305909581,1.0921948650467468,1.1081152735197333,1.122839288685469,1.1282015042066413
rsi_30 <= 21,-0.0051249205,98878,139,98739,7.91,-55.525710422196425,-7.809358059530494,64f5e1bb8a7d01ed3bc711ef82f8836c32f34a4dc5e2cbccb6c4442736ec4dbc,24,0.0,0.0,0.6763699758620297,0.6763699758620297,0.6774111930394138,0.7545370283930564,0.714031105315314,0.7087931125915757,0.7188915309577238,0.6679483615378182,0.6480662870475994,0.708989664644016,0.7955310331436644,0.8187572913460661,0.7804389880983369,0.8067121786584744,0.8015889503250293
aarod_5 >= aarod_5_sft_2,-0.0051352335,98878,51888,46990,12.26,-5816.175575872145,-997.2289185243644,010ce60baf3de2cf8c4bcfd243c9185441a26efa8e16690af1f746cc88b42f78,30,-0.0061098309233784676,27.19,0.8627847153720283,0.8627847153720283,0.9092813481484745,0.951473410025901,0.971304783102771,0.9925339601967434,1.0207809437131496,1.0322102923236114,1.0488309601750754,1.0666374531575655,1.086339588134701,1.1096585388922766,1.1206259934764802,1.1319250878089817,1.146500675893289
minus_di_10 >= 19,-0.0051555578,98878,59198,39680,12.28,-7903.2733773192085,-1208.9899989037076,a06e18f5f366aa3040f30d3f53c74e6c3d30e6b8f15e9282eabbaa7fe9dd85a0,30,0.02700965106487274,28.43,0.8257504782816407,0.8257504782816407,0.8764097576186366,0.9111133849644375,0.9392069367655156,0.9682636615394152,0.9938088431669074,1.0192107169993525,1.0441065998155785,1.0763583891316955,1.1036485573399795,1.1261047250825955,1.145502211313996,1.160526552191102,1.1770188783303723
aaro_14 >= aaro_20,-0.005158819,98878,51706,47172,12.26,-6814.471292903036,-1048.6884621982535,fa1fba1a54e25d7a96ab29b0d7c633f260580ef2319f10dc44e85c501c26793f,30,0.002011188305914402,27.53,0.8412418119752896,0.8412418119752896,0.907676804328275,0.9493059733369956,0.9722555671355579,0.9939520668353373,1.0255641189466125,1.0533662090778104,1.079904964554454,1.0983268929830283,1.112994151648768,1.1333131250940098,1.1461141911035408,1.1582224837961521,1.1624410095528883
mema_5 >= Low_sft_3,-0.0051665497,98878,74244,24634,12.32,-10360.224513532154,-1472.8454876397664,e7e0f1d344c8e3b4344908a65185f87340bab0bfe5216b7073401aaebfc88a19,30,-0.012011061422526836,27.14,0.8381956370037819,0.8381956370037819,0.8987313518634678,0.9376693206862496,0.9708951743032681,1.0015149810875879,1.0300404750829333,1.0455385696814958,1.0636680137883077,1.0772070818977686,1.095240656897276,1.1039265369544733,1.1162565748947042,1.132271754318033,1.141174298230828
aarou_14 >= aarou_10_sft_1,-0.005195594,98878,65573,33305,12.3,-9964.31764080035,-1363.405964149635,0f031b3780e6467809600593d6806420193325d9573f332c17b627db66a26893,30,-0.0015088897198438644,27.4,0.8185295884368923,0.8185295884368923,0.8810365591027902,0.9099447372866762,0.9454985859610116,0.9786342931674515,1.005682342180889,1.0307066389732649,1.042280836431689,1.0541074184283141,1.0712449160845312,1.0843849958236123,1.0994602073594049,1.1060887135391786,1.1206539748930155
sma_10 <= High_sft_3,-0.005205699,98878,75119,23759,12.32,-9456.46379142917,-1475.7425938771994,96dbcbed1df94b1ba010b345e5b1a9039b5cdd6019405ebbb50c28754007bf82,30,-0.005111344158649445,27.32,0.8483100803199638,0.8483100803199638,0.9010257051940012,0.9408598313649356,0.9645286536799952,0.9867937696963763,1.0057675835456499,1.0231114459193889,1.0364240677369176,1.049643685724273,1.0646311974181106,1.082495218952575,1.0996964673188996,1.1044495768302334,1.1185941768898635
mema_5 >= High_sft_2,-0.005234652,98878,20227,78651,12.08,-2825.6157809819415,-385.2119808819334,b49daa998de516ee8744d85f0961964bee1fbf801ca0904e585341376b8b86ae,30,-0.0017016308847814798,27.3,0.8429794873612313,0.8429794873612313,0.9129181164936231,0.9660069944615909,1.024148451052761,1.0794936026046171,1.1123636962093395,1.1397154682522752,1.1652310748796704,1.1874923611731705,1.2101136197211668,1.2218731867666621,1.2130834374038697,1.2357896374329942,1.2687895572020382
aarou_14 >= aarou_14_sft_1,-0.005246362,98878,29904,68974,12.16,-4467.295807188617,-602.138590131326,0f031b3780e6467809600593d6806420193325d9573f332c17b627db66a26893,30,-0.00015457539120689034,27.43,0.8273539182519951,0.8273539182519951,0.8927125843969481,0.930896494433033,0.9868080198185787,1.0293550253685986,1.046628854271396,1.0635185841065706,1.0881143124691648,1.09766807757945,1.1103244577998612,1.12151522458114,1.1329737621682836,1.159003201049565,1.1910444426127738
aarou_5 >= aarou_5_sft_3,-0.005263147,98878,56151,42727,12.27,-7212.592767936772,-1128.3626647998608,0f031b3780e6467809600593d6806420193325d9573f332c17b627db66a26893,30,-0.0055635469034314156,27.23,0.8456332656565829,0.8456332656565829,0.8941339188650343,0.9308449712376529,0.9729127595106789,1.0063271993312353,1.0324072168889638,1.049959038530179,1.0676572477552002,1.0840821825422868,1.0908474107620851,1.1052162971885775,1.1141754143583846,1.1262690032534257,1.1404380543193346
willr_20 <= willr_14_sft_1,-0.0052672946,98878,52726,46152,12.26,-5174.2299156479385,-944.1063939746236,1427ae29e5c4ed561613e902f1f63301f41038d7cf9fdf54aa945c6a3e2bca60,30,-0.0003459203289821744,27.43,0.8741545636583826,0.8741545636583826,0.9202687627357115,0.9520611506013212,0.9773892367303947,0.9978472194591618,1.0168370606570523,1.0329126512582512,1.0518690530127583,1.0780164992196475,1.095736928584211,1.1160319008358497,1.1350402478719577,1.1505992865077515,1.1530922196589124
aarou_20 <= aarou_14_sft_1,-0.00527059,98878,44656,54222,12.23,-5898.549514508748,-888.0631498386356,11ecda3140789fc7bb03c4e9ce6db1e36d26d05f5895e9047d4b04d8e05db454,30,-0.0018129546660929918,27.36,0.8423815787463237,0.8423815787463237,0.9058094835589865,0.952699174882499,0.9881615134693882,1.0165697308011914,1.045422340359087,1.0674576704851995,1.088698370180893,1.1067757816759123,1.1253492740292002,1.1476923602429252,1.1609406663931068,1.1822063714440614,1.191734175809199
mom_2 <= mom_2_sft_2,-0.0052954787,98878,50581,48297,12.25,-4793.656184501477,-920.5861964798823,99b230403b43b61a62d1e1bb62b812e1617b1ac927f76ee434dad8be358b43f3,30,-0.0014019189402461052,27.38,0.8805820821111087,0.8805820821111087,0.9445173739271349,0.9837068907303169,1.0034615992660068,1.0259900506720292,1.05047339185683,1.0683501711979213,1.0782792609495815,1.0950428411897564,1.106289287817089,1.1108640574867013,1.1322731771452714,1.143648237302406,1.1469499398577045
willr_30 <= -23,-0.005344186,98878,77576,21302,12.33,-11234.705510500531,-1575.3601767433938,c087f74a8ef9fdefe2bfbfe4c42e7c177e68996d73089fae9a8de15f5638210d,30,-0.0006990215624682605,27.43,0.8182483184425363,0.8182483184425363,0.8629381375647374,0.8984065333281378,0.9190778627926331,0.9405191921101798,0.9595324838348928,0.97980460085112,0.9973714639035844,1.017740063499744,1.0332623673460715,1.0451479291214063,1.0568927255312957,1.0627401497016238,1.069589440476505
stdev_30 >= stdev_14_sft_3,-0.005350568,98878,84897,13981,12.35,-12034.297689183655,-1652.9284097011696,a092dbfa6dbefd1d342d1a211503f33f5c7745cd5359e4d4115f2b75459bc7b9,30,-0.0016212176997214556,27.42,0.8283014410633459,0.8283014410633459,0.8846130525980913,0.924309775261253,0.9576862235346052,0.9868799699568712,1.0124187801993565,1.0349820489581623,1.0556219797061475,1.0725102031297153,1.0911027732429095,1.1050173586750074,1.1205341544200196,1.134848462966284,1.1486503738018572
aarod_14 >= aarod_10_sft_1,-0.0053553763,98878,65168,33710,12.29,-8036.233076207482,-1231.5819252150468,010ce60baf3de2cf8c4bcfd243c9185441a26efa8e16690af1f746cc88b42f78,30,0.0011325228260830045,27.48,0.8496451301097097,0.8496451301097097,0.9004713424161866,0.928053494625174,0.9681106382468633,0.9922892682235402,1.0132872152334018,1.0326027345912396,1.047717632741821,1.0725112561256724,1.0910567654770293,1.1013676475856975,1.1175077224110923,1.1254637662865963,1.1395460261012869
aarod_20 >= aarod_14_sft_1,-0.0053873574,98878,65797,33081,12.29,-8624.533574834652,-1298.1966899737454,010ce60baf3de2cf8c4bcfd243c9185441a26efa8e16690af1f746cc88b42f78,30,-0.0036477595567703247,27.33,0.8407156566590549,0.8407156566590549,0.8980044654957273,0.9288464699485255,0.9585977005337559,0.9840988648305297,1.0082855933942303,1.037887090149115,1.0577952462749092,1.0708853969088703,1.0788159445695298,1.0883651432856973,1.1004089415842042,1.1080145056792368,1.115783090287955
bb_lower_2_10 >= bb_lower_2_20_sft_1,-0.005398081,98878,67072,31806,12.3,-8872.514838753981,-1236.3374520727157,14f3c68ebc76bb97608c90e96e22d07d8e6617ab0d939b3b0b66c54f45811d90,30,-0.009017935022711754,27.17,0.8413337671690615,0.8413337671690615,0.8990520717830377,0.9381152163925943,0.9698187833233866,1.00220605638088,1.027133157777712,1.0477014474630442,1.0657867777378092,1.0813527630415982,1.097139452031407,1.1153282097709043,1.1331302799048368,1.1456325313648652,1.156633179419284
sma_5 <= High,-0.0054186024,98878,77265,21613,12.32,-9935.390759079048,-1517.160128601994,96dbcbed1df94b1ba010b345e5b1a9039b5cdd6019405ebbb50c28754007bf82,30,-0.006598559208214283,27.29,0.8491357077987923,0.8491357077987923,0.9110635438666848,0.9489318287133301,0.9788346658896795,1.0077976701746632,1.0341074971854447,1.0509166420405465,1.0670750851282016,1.0782746748569556,1.092981846819745,1.1071787282300714,1.1181397620830036,1.1332410358002296,1.1433435237407081
rsi_10 <= rsi_5_sft_3,-0.0054226173,98878,48641,50237,12.24,-4655.079352492929,-884.8109453155121,f60792ba6ac5baece5de7ac90117c85055d233a86016db65a9b1851d8a518ee9,30,0.0020631160587072372,27.54,0.8796674871700215,0.8796674871700215,0.9289122316055428,0.9667089270310705,0.9988786963321548,1.0222770346085,1.0379566291990818,1.056422684480612,1.066447491059818,1.0817535778458545,1.0875916895539008,1.1031541578146438,1.1165762190324697,1.1192887632484108,1.1292179681285939
mom_2 <= mom_10_sft_3,-0.0054249046,98878,49044,49834,12.24,-5182.049492603618,-903.5700739255044,99b230403b43b61a62d1e1bb62b812e1617b1ac927f76ee434dad8be358b43f3,30,-0.006168978754431009,27.17,0.8717300692041147,0.8717300692041147,0.9342485651571318,0.979306379277309,1.0032063833705263,1.0281113805318005,1.0466186285641816,1.0578457062181807,1.0718364846473916,1.0881606590122643,1.1028932271459415,1.1200336477923123,1.1420213785262054,1.1502242350077916,1.1536099004105158
mom_5 <= mom_10_sft_3,-0.0054268297,98878,49157,49721,12.24,-5379.987343085354,-936.5681933361775,99b230403b43b61a62d1e1bb62b812e1617b1ac927f76ee434dad8be358b43f3,30,-0.0075293369591236115,27.11,0.8647015287797327,0.8647015287797327,0.9126606157631488,0.9509522273247383,0.9725318019107214,0.9934716757291896,1.008131423179603,1.0215508941308018,1.0357421465814007,1.047818553384219,1.062142027184941,1.0808312284234212,1.0950973881918773,1.1009634983328396,1.1104973360691062
atr_5 <= atr_5_sft_1,-0.005434227,98878,59579,39299,12.27,-7983.518717757779,-1191.0406592233994,6c56a6e37fe7066fac040219b9e7cfe2398571a456467cde7a8327153ebc94da,30,-0.0045578815042972565,27.28,0.8354126591067592,0.8354126591067592,0.8895936198351447,0.9241664275142792,0.9486157857722416,0.9749489170291431,0.9989469895718351,1.0213014636923499,1.0317901929276547,1.0444467773321036,1.0591449467067582,1.075991329677932,1.09162438281456,1.104983729761979,1.1138644831008069
willr_30 <= -21,-0.0054520457,98878,79269,19609,12.33,-11466.754303368365,-1601.1600949960484,c087f74a8ef9fdefe2bfbfe4c42e7c177e68996d73089fae9a8de15f5638210d,30,-0.0017804093658924103,27.41,0.8190589258755198,0.8190589258755198,0.8628791344079688,0.8986401491020533,0.9201804488142838,0.9413705955964392,0.9615842506509297,0.9812333660678617,0.9994598216997552,1.0205405855847955,1.03572029340914,1.0481415396017502,1.059244373810124,1.0657456483560395,1.0722689123910423
aaro_14 <= aaro_5_sft_1,-0.0054627587,98878,51102,47776,12.24,-6400.5812782858375,-976.6345229406143,03178e4886fc07979b0c314ad9c68ba2f86b07645c5f6bfdb6bc96b9669a3c24,30,-0.0004040469357278198,27.43,0.8463505463770452,0.8463505463770452,0.8993988293091105,0.9331715500830304,0.9718764018672563,1.003474439159183,1.035758299316164,1.0536910798155552,1.065214790694183,1.0795661998791628,1.0983525562633383,1.1160974307851124,1.1326692543584913,1.1403707697107037,1.1505464643495789
aaro_5 >= aaro_10_sft_2,-0.005474612,98878,53276,45602,12.25,-7682.980578881804,-1040.0903050666311,fa1fba1a54e25d7a96ab29b0d7c633f260580ef2319f10dc44e85c501c26793f,30,-0.0032535959035158157,27.31,0.826298007569798,0.826298007569798,0.878461347913462,0.9043196854770547,0.9493555561252688,0.9815738327133913,1.0165966671490014,1.038012182695049,1.0492510703425975,1.0649389380377596,1.077433160816469,1.0943886362981738,1.1138031981577416,1.1257327290550578,1.1413480288812459
mema_100 <= Close_sft_3,-0.0054795844,98878,44264,54614,12.22,-3760.080069444204,-669.2085981142518,7bbedcb317d5c12750ad9ed3d218721554e71f07d9c51daeb72ddac27b693913,30,0.004365258850157261,27.66,0.894979133561193,0.894979133561193,0.9721682965456151,1.0347264860071523,1.0852662774500637,1.1270659747852743,1.1692521445058346,1.210277205089679,1.2426718637987066,1.2672450128960748,1.2920177213433892,1.31528957659789,1.339419504627384,1.357559082530368,1.3766663206863694
plus_di_5 <= 22,-0.0054866527,98878,53543,45335,12.25,-7816.2633434075005,-1118.6136597296063,14a9c3710fc1b17e882c866201c8dfd17bc6a0c5cee2921d8c0a77ac8ad2afa3,30,-0.002312494907528162,27.35,0.8135770480004536,0.8135770480004536,0.8652022341489729,0.8994105192804202,0.9188326209054307,0.9385274040662209,0.9603338699790073,0.9839218898704537,0.997107366544598,1.0092122626950863,1.0233150472294952,1.0396974849674308,1.058595469147318,1.0699103395094287,1.081268389426352
willr_30 <= -24,-0.0054984703,98878,76835,22043,12.32,-11010.225415591533,-1554.3740538398706,c087f74a8ef9fdefe2bfbfe4c42e7c177e68996d73089fae9a8de15f5638210d,30,-0.0007794084958732128,27.43,0.8197203073189384,0.8197203073189384,0.8641161928230736,0.8983232565782711,0.9180853037982666,0.9395469045562106,0.9580800269159947,0.9794331048750913,0.9971313557019686,1.0168053863876354,1.0323167696357873,1.0442975783608737,1.0561133503180304,1.0617299694400115,1.0684065909906861
aarou_5 <= aarou_5_sft_1,-0.00549894,98878,80492,18386,12.33,-9683.878711979214,-1534.3983912168187,11ecda3140789fc7bb03c4e9ce6db1e36d26d05f5895e9047d4b04d8e05db454,30,-0.0030277075711637735,27.38,0.8542346468187659,0.8542346468187659,0.9107936571079513,0.9497155847436327,0.9765827360444977,1.000960173148006,1.0216076443359479,1.0433523102323776,1.0557098705229035,1.0680325513551288,1.082768997319783,1.097674570216738,1.107823932058226,1.1229682542017856,1.131983992191512
mema_5 <= mema_20,-0.0055071926,98878,50971,47907,12.24,-7772.2557639376655,-1139.2179695896848,97648559323ce4c42a3819223f880d09c20183d31e746db94faac95e3098a1b9,30,-0.0008596465922892094,27.41,0.8030096089208838,0.8030096089208838,0.8335292532231535,0.8513584660548935,0.8681524462900699,0.8866624450282061,0.9080956226386795,0.9227037749542891,0.9408593688533469,0.9641733091895708,0.988887377007202,1.010864220062597,1.0266643054419782,1.0321660854475438,1.040956470266466
day_of_month >= 9,-0.005523444,98878,78910,19968,12.33,-10561.480504843108,-1581.986194373807,666161afb56bd50fe398018469fe957621e37839d10a56fca5818303205ef700,30,-0.03877300024032593,26.57,0.8425147935374968,0.8425147935374968,0.8907925590633575,0.9207382014523184,0.9399184434032903,0.9572755863562254,0.9727828001282132,0.9828763326531001,0.9916704873302987,1.001325939141625,1.0096582437738584,1.01808387642057,1.0265008542501712,1.0334929026324344,1.0415455642617544
mema_20 >= Close_sft_3,-0.0055653052,98878,51373,47505,12.24,-9369.835855737267,-1163.677063880903,1e15dac9f18b8bc737934702402ffb02b545ee7fbda8772d4c0156705e9d2a44,30,0.0009850435890257359,27.49,0.777018876071613,0.777018876071613,0.828106601955605,0.8559501704312801,0.8807425130143065,0.9046394768318442,0.9260856668047764,0.948176729432237,0.974940287444432,0.9988880282380612,1.0155990450189472,1.0220423362364408,1.0297040473220072,1.0469624806605924,1.0566930289908505
aarod_5 <= aarod_30_sft_3,-0.0055799806,98878,50087,48791,12.24,-7564.288218776915,-998.5938664554269,1c17b055d6052442bbc23e9c5f48c3b369df45790e4212d5edae44425931e847,30,0.0032936520874500275,27.59,0.8226670652418041,0.8226670652418041,0.8760805668629456,0.9061890481061037,0.9388098149444731,0.9608900357311982,0.9836768668938322,1.0136283713841476,1.0287455101415803,1.0428358148659307,1.0579994322583175,1.0689657427834605,1.0866924182486846,1.0893642138947206,1.097474806043627
mema_20 <= Close_sft_1,-0.005608241,98878,47320,51558,12.23,-5081.15037509855,-771.2754432075744,7bbedcb317d5c12750ad9ed3d218721554e71f07d9c51daeb72ddac27b693913,30,-0.006984238512814045,27.12,0.8746434892932794,0.8746434892932794,0.9430095493668044,0.9907903049735342,1.0306155844487905,1.0622038149546305,1.090640589947949,1.114678197696179,1.1319005499054136,1.1441037789740132,1.1528459823642032,1.1614635999584408,1.1783506200811575,1.194117513388443,1.2037471049184343
minus_di_5 <= 19,-0.0056119794,98878,44741,54137,12.21,-5583.898988961459,-819.3391683510272,cee77ee220a5e77fe95d20a730179fabcb0f2e40106664424787bbccffac6b44,30,-0.023410679772496223,26.3,0.8610904984675734,0.8610904984675734,0.9184181623744794,0.9536161694281358,0.9876068803615635,1.0138148996440193,1.0386138868630106,1.055780847528113,1.0631291143005492,1.06395701206625,1.0707501559688974,1.0736148108632921,1.0804431727674941,1.0910325555226397,1.09780319463142
aaro_30 >= aaro_14_sft_3,-0.0056228684,98878,50310,48568,12.24,-7340.68407893174,-966.5938662070621,fa1fba1a54e25d7a96ab29b0d7c633f260580ef2319f10dc44e85c501c26793f,30,-0.005238259211182594,27.22,0.8230630386853847,0.8230630386853847,0.8821424660242838,0.928713557936425,0.9613668295192902,0.9815894943578406,0.9945155399661759,1.008560489903624,1.0168598217609601,1.0336758417603813,1.0512524928598117,1.072265393340727,1.0960682890435733,1.1181660100965023,1.1430098783251015
plus_di_5 <= 8,-0.0056332666,98878,14519,84359,11.97,-1448.6241146517027,-337.64668860704114,14a9c3710fc1b17e882c866201c8dfd17bc6a0c5cee2921d8c0a77ac8ad2afa3,30,-0.007538532372564077,26.63,0.8584471660840207,0.8584471660840207,0.8969913418092864,0.922917456697415,0.9540436544923229,0.9698577085384864,0.9824775556074269,0.9794693651580388,0.9659045458707152,0.9782928860512698,0.9937078371320931,1.0159698087640112,1.0277181951584806,1.031303315702406,1.0434670512730824
bb_lower_2_10 <= Open,-0.005634699,98878,97094,1784,12.39,-12305.87066946876,-1868.7781166058776,dec0a2c63be1b9a8344a1dee401632076d069374da67e8df2fec8fe6da97fafd,30,-0.004151619505137205,27.42,0.8474732821587024,0.8474732821587024,0.9020086288618976,0.9388030073486033,0.9702507891638725,0.9950071311976021,1.0171714496716597,1.0346712808423508,1.0504643001253275,1.0665153486648693,1.081747829578214,1.0957014187659675,1.10910801350976,1.1219419352029059,1.1344874890542267
mom_2 >= mom_10_sft_3,-0.005662833,98878,51088,47790,12.24,-8438.386161162642,-1051.5255456986488,eaab1708ca388033e741f56742381a7a1263cfafa2fbe8f413d450736cce3e74,30,-0.0002298119943588972,27.44,0.7999128842527333,0.7999128842527333,0.8492032327676703,0.8803105487759464,0.9120323695527912,0.9348157846304799,0.9615386040529164,0.9890586941643065,1.0095461518576514,1.0262414091608567,1.0427940749205087,1.0546957740304723,1.061173930513228,1.0766139404963235,1.0998012651837918
plus_di_10 <= plus_di_5_sft_3,-0.005663581,98878,45675,53203,12.22,-5761.690081666813,-916.0656144242457,bd972efc927c87708f479b3c989a305bfeb89b6aa0381d01606955fa59f6baca,30,0.0022969660349190235,27.56,0.8475194402873472,0.8475194402873472,0.906283359078647,0.938991433248723,0.9699821936464257,0.9887457855770533,1.0185560468370778,1.044010848284858,1.0513343579493821,1.0605830768480222,1.072306889426822,1.080315333884791,1.0976142665033597,1.097913422754487,1.1099334757309949
minus_di_5 <= 16,-0.0057056556,98878,36242,62636,12.17,-4065.292235265528,-665.3429807589273,cee77ee220a5e77fe95d20a730179fabcb0f2e40106664424787bbccffac6b44,30,-0.02330998331308365,26.08,0.8771361873871677,0.8771361873871677,0.9260900842639131,0.96678835056571,1.0065829405559514,1.0305161814556312,1.05065658331024,1.0589781081552332,1.0632080926716898,1.0575824366167066,1.0652998766608759,1.069045220632041,1.076673182804628,1.0850093939528258,1.090604957916199
plus_di_5 <= 18,-0.0057341484,98878,42708,56170,12.2,-5945.405004593505,-904.0360750129475,14a9c3710fc1b17e882c866201c8dfd17bc6a0c5cee2921d8c0a77ac8ad2afa3,30,-0.0036229295656085014,27.26,0.8173856629293936,0.8173856629293936,0.8632663498042891,0.8980227917741397,0.9159459056508726,0.9355629526011223,0.9555479104109278,0.9704707898075609,0.9811964632239789,0.9965784812332239,1.0098286739563143,1.0267836125480732,1.0465638114236764,1.0541048218569904,1.069977237195445
aarou_14 >= aarou_20,-0.005734663,98878,37806,61072,12.18,-6003.352422259995,-811.4024465046241,0f031b3780e6467809600593d6806420193325d9573f332c17b627db66a26893,30,0.003132571466267109,27.62,0.8118996792178481,0.8118996792178481,0.8834777945336224,0.9230925060261114,0.9635562118045691,0.9983105773974841,1.0285633433947703,1.0497782401204987,1.075351532981039,1.0951432795378666,1.11562305782042,1.1369064933090034,1.1555413538144605,1.1691227325898688,1.186466014389151
mema_10 <= High_sft_2,-0.005743573,98878,74293,24585,12.31,-8029.325229062888,-1382.8369444396885,272a901e1625028460b95370368ae350ea9835e10fc1933b41122586149e5de3,30,-0.007480641361325979,27.25,0.8689904933219904,0.8689904933219904,0.919240038729463,0.9581897664824633,0.9882139448725047,1.0124653719630703,1.0276785958299284,1.0458887578052487,1.0561189671869657,1.0679100300186424,1.079647032763859,1.0962435140507398,1.1136714445351934,1.1223869386594658,1.1319183821092587
bb_lower_2_20 <= bb_lower_2_30_sft_1,-0.0057707224,98878,36040,62838,12.17,-4330.051389409919,-770.8355230915404,1b1f7d2955b86143cbe65db86c488966f4bce7b7721643a6a4f3f03e8b4d5ec5,30,-0.0006194073357619345,27.41,0.851581544877532,0.851581544877532,0.9120380260318807,0.955850128162387,0.9897970099976565,1.0187707050216201,1.0336371868659435,1.0465671888188561,1.0499784461095005,1.0447169615708494,1.0448274595743408,1.0526466585371017,1.0691764086989797,1.081328251502858,1.0898892100714461
plus_di_5 <= 24,-0.0057999385,98878,58526,40352,12.26,-8603.751734148787,-1214.324605961563,14a9c3710fc1b17e882c866201c8dfd17bc6a0c5cee2921d8c0a77ac8ad2afa3,30,-0.003247336018830538,27.32,0.8131519125117668,0.8131519125117668,0.8625335527685303,0.8966777266083449,0.9149591602463344,0.938841407956974,0.9609346221869044,0.9835364062370732,0.9986077077725561,1.0136358900628948,1.0250999650947326,1.0416628823352285,1.0590247238278974,1.0663993845609459,1.0750097473546318
aaro_14 >= aaro_20_sft_1,-0.0058036367,98878,51195,47683,12.23,-6508.470678568949,-1010.3636345129416,fa1fba1a54e25d7a96ab29b0d7c633f260580ef2319f10dc44e85c501c26793f,30,0.000887477770447731,27.48,0.8459933382063082,0.8459933382063082,0.9101954047453923,0.9486150099354937,0.976642075439044,1.0016670764868532,1.0299128173905696,1.0537088523047966,1.0800750288943113,1.1008156266193168,1.1168892082324726,1.1343018127602549,1.1493412502187321,1.1569668370121338,1.1611668245015387
mema_10 <= Close_sft_3,-0.0058061676,98878,48200,50678,12.22,-4555.1261179135545,-879.411178570881,7bbedcb317d5c12750ad9ed3d218721554e71f07d9c51daeb72ddac27b693913,30,-0.0011996196117252111,27.39,0.8829961366503545,0.8829961366503545,0.9319438596510807,0.9683983389343793,0.9975550755645614,1.0264355592633505,1.0457197618715195,1.0624025832550517,1.072328803368466,1.0832528348206723,1.0965021457426463,1.1133970461420404,1.130569365915859,1.1361564042929073,1.1465489167571357
mema_10 <= Low_sft_1,-0.005809692,98878,23397,75481,12.07,-1547.1411613505988,-349.94899138053006,f2e93f04b3d2a46ee10823902064b64ae41106b8f01252b29032fe26a3290c3e,30,0.004623822867870331,27.82,0.9197191689934434,0.9197191689934434,0.9970428837678939,1.0664812290586134,1.1131421361876115,1.153666016499416,1.1797341966318289,1.1871426380388332,1.2011718927487145,1.2132369457385104,1.2354254656965167,1.2600174764614178,1.295346800442459,1.3305353308972925,1.3398903709555896
plus_di_5 <= 19,-0.005811859,98878,45509,53369,12.21,-6389.379291383947,-953.6213818439137,14a9c3710fc1b17e882c866201c8dfd17bc6a0c5cee2921d8c0a77ac8ad2afa3,30,-0.0031336466781795025,27.29,0.8176334186356673,0.8176334186356673,0.8637162942771245,0.8962705901812836,0.9168927856341583,0.9353825571775705,0.9581751961934207,0.9744906281844476,0.986660296053786,1.0015331339236848,1.0131759819307176,1.0267131241876692,1.046580842748508,1.0565478227385103,1.0674050671211999
aarou_14 >= aarou_14_sft_2,-0.0058173,98878,34525,64353,12.16,-4738.45433645798,-668.1458380226031,0f031b3780e6467809600593d6806420193325d9573f332c17b627db66a26893,30,-0.0009205581736750901,27.39,0.8388622179044362,0.8388622179044362,0.9021315406823184,0.946395784869951,1.002104717507621,1.025287962784555,1.0424042251183718,1.0685477239951229,1.0905159988129145,1.102058442288509,1.1119591940938314,1.1281548615548278,1.1489451139682894,1.1701456737091147,1.198919449093283
mom_20 >= mom_5_sft_3,-0.0058233878,98878,49048,49830,12.22,-7004.040654643686,-874.6495987901726,eaab1708ca388033e741f56742381a7a1263cfafa2fbe8f413d450736cce3e74,30,-0.01147691160440445,26.93,0.8360852121916778,0.8360852121916778,0.9087249340314162,0.9593998118405078,0.9941764512584441,1.02860960483843,1.060811832934395,1.085031779720537,1.1095264229241546,1.1248886205532984,1.135313634814809,1.1387668760175929,1.1430996846682884,1.1612152302502958,1.1786285086255919
mema_5 >= mema_10,-0.0058236723,98878,47872,51006,12.22,-5709.124209040703,-848.7998862546738,da871536f9280a0159baee359a9496c73c67bcc656bfb6cada940a1228de3547,30,-0.0075027234852313995,27.1,0.8653540560595938,0.8653540560595938,0.9328749406101267,0.9804280778677492,1.0219156138076835,1.0504585885385374,1.0733032314930397,1.1001402679620464,1.1199200852258038,1.1316495436689011,1.1434214916477903,1.1493539667327553,1.1588962862677312,1.1761613920518543,1.1902191062882408
mema_100 <= High_sft_3,-0.0058609,98878,49520,49358,12.23,-4997.0042879681605,-816.0593218238137,272a901e1625028460b95370368ae350ea9835e10fc1933b41122586149e5de3,30,-0.00044109224108979106,27.43,0.8765657919379235,0.8765657919379235,0.9500301431006072,1.0029027246680327,1.047407317268307,1.090733900004716,1.1293096802182436,1.1643902095089236,1.1935612419548243,1.2183013260493059,1.2423265863596038,1.261161294380753,1.2826568211510154,1.2987511122614364,1.3165071015519136
mema_20 <= Open,-0.005878408,98878,47291,51587,12.22,-5210.346240419785,-779.8284482465169,3f09a8cfd91be85ac3ab2cd04a48d69ab7c7071f9e008243aa343f4a8d621b5b,30,-0.006804835982620716,27.13,0.8714543738636454,0.8714543738636454,0.9387780592658442,0.9887058459862651,1.0273890764727733,1.0624166161018653,1.0928188403813224,1.1188173995764428,1.134795595730547,1.1483631457700623,1.1546587334387985,1.1646716240796897,1.179221399310235,1.1941159339448781,1.2043321613268272
rsi_10 <= rsi_10_sft_1,-0.005878716,98878,54133,44745,12.24,-5002.875585092417,-960.1792138273449,f60792ba6ac5baece5de7ac90117c85055d233a86016db65a9b1851d8a518ee9,30,-0.003631963860243559,27.3,0.8797595724041458,0.8797595724041458,0.9318807071165024,0.9602165714161843,0.986545342219589,1.00537825951373,1.0176274570813528,1.0349968790418211,1.0521339857076064,1.0735749637217111,1.086286793238948,1.1045322687084573,1.1212491769037265,1.1363935015703313,1.1387600222710739
aaro_20 <= aaro_14_sft_1,-0.005918049,98878,51210,47668,12.23,-6399.902924745824,-1010.1978334083542,03178e4886fc07979b0c314ad9c68ba2f86b07645c5f6bfdb6bc96b9669a3c24,30,-0.0012495836708694696,27.39,0.8484810772988683,0.8484810772988683,0.9140177787243091,0.9534218791649998,0.969751843341999,0.9950572878979718,1.0231303945541987,1.0546237320624194,1.0735988246719883,1.0916931257638134,1.1058032855891837,1.1227115601273725,1.1363116723446771,1.1504952554274153,1.1528920957536273
adx_14 <= 11,-0.00594311,98878,2305,96573,11.15,-254.2528269422619,-38.5621780288493,3c92cb65188a6807549ad02f373e5063a01a53cbce3d2b8fe4af860199995f57,24,0.012722807005047798,29.33,0.8474228012298812,0.8474228012298812,0.8878311374110419,0.9304979703220838,0.9772420642350332,1.0536363555650072,1.1260384824518326,1.1808866413741252,1.2555240019428098,1.2839852692786065,1.339849916241944,1.3443450964016819,1.3282992934494768,1.342292327700877,1.3009305155321558
mom_15 <= mom_10_sft_3,-0.0059532886,98878,50780,48098,12.23,-6450.486396751342,-974.8065533581175,99b230403b43b61a62d1e1bb62b812e1617b1ac927f76ee434dad8be358b43f3,30,0.001744140055961907,27.52,0.8369306531729419,0.8369306531729419,0.8746060339724977,0.9112803091373036,0.9268142024145843,0.9437234618620252,0.9594531636355819,0.9672911577213246,0.9817345269892691,1.0041682823177678,1.0150444348491388,1.0356377930564662,1.05337353946307,1.0673076272876747,1.0758972698562164
aaro_10 >= aaro_14_sft_1,-0.0059547317,98878,51585,47293,12.23,-6498.423288582293,-960.2529820360651,fa1fba1a54e25d7a96ab29b0d7c633f260580ef2319f10dc44e85c501c26793f,30,0.0032907933928072453,27.59,0.8472550437585976,0.8472550437585976,0.8954898727480263,0.9315194322155343,0.9743874638980874,1.0088632553033219,1.0313541906655985,1.0444285199606145,1.0649751500191023,1.0903703490119578,1.107084757718809,1.1231329898742382,1.1396029146598141,1.1535336550706612,1.1684260401488613
plus_di_5 <= 7,-0.0059621516,98878,12150,86728,11.89,-1278.4563801021472,-291.4492899336983,14a9c3710fc1b17e882c866201c8dfd17bc6a0c5cee2921d8c0a77ac8ad2afa3,30,-0.007425302639603615,26.56,0.8500580855715953,0.8500580855715953,0.9001254614563339,0.931090219643844,0.9618938560246222,0.9887310226524535,0.998004609947948,0.9918495100675099,0.9812931768933353,0.9936345687845082,1.0074843955421897,1.0251996797989726,1.0357761423768372,1.0410358695033293,1.04981313187737
willr_30 <= willr_30_sft_1,-0.005963513,98878,53356,45522,12.24,-4928.633641391101,-910.8086184677959,1427ae29e5c4ed561613e902f1f63301f41038d7cf9fdf54aa945c6a3e2bca60,30,-0.004388726782053709,27.26,0.8805727872331488,0.8805727872331488,0.9269670954751541,0.9656480717051507,0.9907700813823961,1.0132381110718467,1.0296464214848862,1.0432734164951918,1.0561432666434196,1.0812081353381815,1.0923744218413567,1.1144675780090723,1.130764549033671,1.143570777167736,1.1495527188475707
aarod_5 <= aarod_10_sft_1,-0.005972158,98878,64956,33922,12.28,-9112.317855116406,-1241.5711449051742,1c17b055d6052442bbc23e9c5f48c3b369df45790e4212d5edae44425931e847,30,-0.0009609909611754119,27.41,0.8313282145958053,0.8313282145958053,0.8893555688072465,0.9245918054155547,0.9512875851747876,0.9730542078774217,0.9961483039327829,1.0215962205284161,1.0389319681872065,1.0494453532012828,1.0650624799520323,1.0859172956621828,1.1036429891924506,1.1165254955464894,1.127461924388131
mema_50 <= Close,-0.005988188,98878,46169,52709,12.21,-6750.161773373155,-827.1729962699537,7bbedcb317d5c12750ad9ed3d218721554e71f07d9c51daeb72ddac27b693913,30,-0.0042724609375,27.24,0.8352130061451898,0.8352130061451898,0.9141715811392611,0.982561015490916,1.0322333078998267,1.0761324978044529,1.1134448941603674,1.1438226480141018,1.1740431883519957,1.1964293899417406,1.2133484890268231,1.221727661182056,1.2345632159094864,1.2496940982909313,1.2633226926852599
mom_20 <= mom_5_sft_3,-0.006014644,98878,50780,48098,12.23,-7083.528469907212,-1080.059799968316,99b230403b43b61a62d1e1bb62b812e1617b1ac927f76ee434dad8be358b43f3,30,0.0031044757924973965,27.58,0.8197274666081091,0.8197274666081091,0.8518324677934133,0.8760813794227393,0.9003170366789998,0.9179958300169989,0.9336482066439991,0.9520807680577771,0.9637038973429898,0.9839374230033663,1.0042668403812285,1.0278057406777836,1.051190867668912,1.0588532841712206,1.064441644019655
adx_10 >= 14,-0.0060212975,98878,94757,4121,12.38,-12751.877052112297,-1822.2763863396249,4118d96628e9d7109ca1b25b71d8f7665de5864ad974c7631ea4a76d380fc96f,30,-0.011339728720486164,27.34,0.8373109131327314,0.8373109131327314,0.8917331515618488,0.9307352214767083,0.9612276924842591,0.986126878225083,1.0099619765959704,1.029942082475551,1.0464870523026766,1.0619253886659392,1.0758064719273894,1.0885090450000179,1.1029623104171442,1.1143762242033908,1.1263089253389011
aarod_20 >= aarod_10_sft_1,-0.006024779,98878,66444,32434,12.28,-8701.345149827186,-1343.5844371507264,010ce60baf3de2cf8c4bcfd243c9185441a26efa8e16690af1f746cc88b42f78,30,0.0030165391508489847,27.54,0.8406664112326833,0.8406664112326833,0.8926817247520039,0.9242547747725675,0.9564488824565688,0.9801135835594637,1.0001596514347,1.0215573753727747,1.0436464594057961,1.0669929828090516,1.0857567477681933,1.0960733733426526,1.1097217185505412,1.1178692979045362,1.1274786011085345
aaro_10 <= aaro_14,-0.0060310196,98878,51595,47283,12.23,-7538.765391181841,-1057.6218153767913,03178e4886fc07979b0c314ad9c68ba2f86b07645c5f6bfdb6bc96b9669a3c24,30,-0.010127391666173935,27.01,0.8241541325656584,0.8241541325656584,0.8868184448532593,0.9300844875790408,0.9485363429905496,0.964628190257106,0.9840168444498605,1.0104687186200958,1.030948967426268,1.0382863747659665,1.0504046447353315,1.0667587080189225,1.0806674307263464,1.0957618670520026,1.1034381403819682
bb_lower_2_10 >= High,-0.006040169,98878,109,98769,6.42,-15.776601759949699,-1.9627500032511311,a004533119ad88e37e81983efb1d0cbf2300c3e3cc59ba199ab847ba9c57f154,28,0.0,0.0,0.6633354538496,0.6633354538496,0.7740961884231837,0.7369960202510686,0.688876044414623,0.7206342656745723,0.7473891991463992,0.74423920727904,0.7607277506992124,0.6938625435362193,0.7254269449354922,0.7788445560297212,0.8200850926591458,0.825083287727085,0.7790494957936239
minus_di_5 <= 18,-0.00605034,98878,41934,56944,12.19,-5074.312495598495,-768.7146422763399,cee77ee220a5e77fe95d20a730179fabcb0f2e40106664424787bbccffac6b44,30,-0.023973364382982254,26.2,0.8660517878246357,0.8660517878246357,0.9166754047070659,0.9550343432051264,0.9894917754680665,1.0167971855489704,1.0359011636669613,1.0479941324102995,1.0550461153944402,1.0503467035244205,1.0568009775422327,1.061565110439123,1.0708310157130743,1.0841971765479508,1.0899757155266763
aaro_14 >= aaro_5_sft_2,-0.0060562873,98878,50874,48004,12.22,-7782.88930870591,-1035.5966917250116,fa1fba1a54e25d7a96ab29b0d7c633f260580ef2319f10dc44e85c501c26793f,30,-0.0055021559819579124,27.21,0.8182413318615727,0.8182413318615727,0.8858139087742197,0.9100460336130783,0.9380486540465426,0.9524157845307004,0.9685158436795468,0.9953466360506423,1.0205586613940396,1.0414452487136419,1.052310416347036,1.0640765909784495,1.0856243826730987,1.104506514240648,1.122596092617238
adx_10 <= 10,-0.006065529,98878,287,98591,8.71,-135.0321432039491,-14.410150758019881,3c92cb65188a6807549ad02f373e5063a01a53cbce3d2b8fe4af860199995f57,26,0.0,0.0,0.48300867849576135,0.48300867849576135,0.6600976234522723,0.5548486095822192,0.6781543853096359,0.7238217999957467,0.889146312157416,0.8375416077089899,0.7988523925537306,0.9889832773096867,1.083776336075663,1.127654573252784,1.162565080809627,0.8949516875659861,0.9072565293642367
mom_5 >= mom_10_sft_3,-0.0061026337,98878,51033,47845,12.22,-8336.719085262608,-1020.8483353857737,eaab1708ca388033e741f56742381a7a1263cfafa2fbe8f413d450736cce3e74,30,-0.0007697214605286717,27.41,0.8058404079918362,0.8058404079918362,0.8676311150372481,0.9064841694335238,0.9411216786182737,0.9673130167961901,0.9962438048697713,1.0201587823572384,1.040221388071201,1.0606298967080985,1.0781881427955045,1.087980158467887,1.1013854328957962,1.1208150364402027,1.135351655185808
aaro_14 <= aaro_20,-0.006135965,98878,51142,47736,12.22,-7370.94454187861,-969.9041360679039,03178e4886fc07979b0c314ad9c68ba2f86b07645c5f6bfdb6bc96b9669a3c24,30,-0.010199740529060364,27.01,0.8233198799669295,0.8233198799669295,0.8664375537604577,0.8992262932460957,0.9346058482881251,0.9643715811041502,0.9817640425323003,0.9947990105536668,1.008033137862303,1.0257635973101884,1.041686714660103,1.0515927231374196,1.0663375839507196,1.0792753630371343,1.0981088714147806
aarou_10 <= aarou_14_sft_1,-0.0061410256,98878,71480,27398,12.29,-9251.2713586633,-1385.512028598634,11ecda3140789fc7bb03c4e9ce6db1e36d26d05f5895e9047d4b04d8e05db454,30,-0.007931907661259174,27.23,0.8437953203452188,0.8437953203452188,0.8974362912607372,0.9392703121861321,0.9647019053923592,0.9878567119688452,1.0144869108096284,1.0372484793867438,1.04790426581337,1.0570253037778825,1.0712837916954236,1.0859614895860579,1.0980738631131932,1.1139766566487266,1.1231251055218738
willr_30 <= -22,-0.00615949,98878,78467,20411,12.31,-11396.772545904361,-1590.1428841814268,c087f74a8ef9fdefe2bfbfe4c42e7c177e68996d73089fae9a8de15f5638210d,30,-0.0017478975933045149,27.41,0.8179844070881531,0.8179844070881531,0.8612563525185702,0.8972551331995516,0.9199414895997267,0.9405698930054367,0.960257936563445,0.9797815702139341,0.9978844922944105,1.0183304502842967,1.0336650029721055,1.0464496003763657,1.0582524954737043,1.065162850147397,1.0726783511501485
stdev_20 <= stdev_5_sft_2,-0.0061814287,98878,7020,91858,11.68,-1118.1253853035305,-133.89220841348288,76cc05d7e847d59489f80a379ae9909f097acc0055c98dd465d85c99099ff3c8,26,-0.00044442390208132565,26.25,0.8038986181987042,0.8038986181987042,0.8935924356670489,0.9252823403649487,0.9197991796420646,0.9072495183755226,0.9278805193690363,0.9736343987299222,1.0078286258092066,1.0101937297527221,1.0111394180540525,1.0166375635642895,1.0522975621833233,1.0516582583173144,1.0512469411583698
day_of_month <= 5,-0.0061965906,98878,15546,83332,11.95,-1345.1265369905718,-265.65250523360737,49cbc20e8e123e9500d17c94d10e8476c9be751f3936e646ba3355acc5fd09d7,30,0.002578294835984707,27.71,0.8853889923337144,0.8853889923337144,0.9631192071662406,1.0199192746759151,1.066184978617025,1.10570012667393,1.139662620309556,1.1679810858390351,1.189710969605345,1.2099433713832737,1.2279161601680026,1.2462231195866733,1.2635353107657237,1.2819358822758937,1.3003568337721858
aarou_14 <= aarou_10_sft_1,-0.006202095,98878,49138,49740,12.21,-5853.218677925474,-876.9747045994154,11ecda3140789fc7bb03c4e9ce6db1e36d26d05f5895e9047d4b04d8e05db454,30,-0.00547980098053813,27.2,0.8562771469142902,0.8562771469142902,0.9096503747276149,0.9620519146495901,0.9948133232766264,1.0219180636019953,1.0402400845943316,1.0513666965571231,1.0775275302444054,1.0940508079292752,1.101939769440554,1.1150845513609975,1.1254793623328039,1.149333070301815,1.164996515017064
minus_di_14 >= 23,-0.006202347,98878,43576,55302,12.19,-5804.227560890199,-931.678133782334,a06e18f5f366aa3040f30d3f53c74e6c3d30e6b8f15e9282eabbaa7fe9dd85a0,30,0.028695382177829742,28.89,0.8233651831517024,0.8233651831517024,0.8750652248576484,0.9101708183943176,0.9371563967965229,0.9674926321722677,0.9892562343724595,1.013799349086705,1.0365919986348624,1.0630368785489426,1.0919090761416277,1.1171791756033207,1.1345617574448974,1.1466326184872775,1.16953473017144
willr_30 <= -17,-0.006241372,98878,82655,16223,12.33,-11878.999618371807,-1659.7785212301678,c087f74a8ef9fdefe2bfbfe4c42e7c177e68996d73089fae9a8de15f5638210d,30,-0.004137502051889896,27.36,0.8214875748412779,0.8214875748412779,0.8658041003194196,0.898261022775456,0.9220372237193821,0.9452907887310302,0.9676939959668128,0.9897681612657643,1.0094784794045433,1.0316466964230007,1.0467623925561358,1.0570294177524457,1.0677638522077573,1.0746379694719044,1.0804374853618017
aarod_10 >= aarod_20_sft_3,-0.006245097,98878,49812,49066,12.21,-7250.760393113498,-932.8103014791122,010ce60baf3de2cf8c4bcfd243c9185441a26efa8e16690af1f746cc88b42f78,30,-0.007790683768689632,27.1,0.8201645733886589,0.8201645733886589,0.8759998731755629,0.9163059848051697,0.9403028405706495,0.9623603470561718,0.9874162376362476,1.0087238901772184,1.032162608148894,1.0465916200738237,1.0596091563841548,1.077529746284541,1.095119223937377,1.1106816298050233,1.128965530424693
mom_2 >= mom_2_sft_2,-0.0062455516,98878,51261,47617,12.22,-7335.809991395342,-1021.9771027308379,eaab1708ca388033e741f56742381a7a1263cfafa2fbe8f413d450736cce3e74,30,-0.004696760792285204,27.24,0.8320101296402086,0.8320101296402086,0.8875361038893903,0.9283666008454617,0.9669076926410575,0.99478498989584,1.0157586235271454,1.0334007133492462,1.051097532280938,1.0620559838431567,1.0774690049589284,1.0981600909902705,1.1031236669444058,1.1162644674917082,1.1372786085113984
minus_di_14 >= 22,-0.006271353,98878,47963,50915,12.21,-6195.774987292128,-1015.8080599654786,a06e18f5f366aa3040f30d3f53c74e6c3d30e6b8f15e9282eabbaa7fe9dd85a0,30,0.02641923353075981,28.66,0.8288674347343097,0.8288674347343097,0.8785976341516429,0.91258493633978,0.9384638677676627,0.9638575143518174,0.9876061652673102,1.0149724216343623,1.0394773228533196,1.0679369488393278,1.095273543456008,1.1244633371693291,1.1458747337547117,1.162672672549971,1.1778694674908232
aaro_14 <= aaro_20_sft_1,-0.0062721996,98878,50685,48193,12.22,-7525.069484881101,-980.4233758225382,03178e4886fc07979b0c314ad9c68ba2f86b07645c5f6bfdb6bc96b9669a3c24,30,-0.009724305011332035,27.02,0.818348578294017,0.818348578294017,0.8648445849964841,0.9003024771394079,0.9325216789899606,0.9595392409493247,0.9786433686637235,0.9973701167421506,1.0095131942315976,1.0243535041579,1.0401242603725407,1.0504406235181631,1.0646458532488576,1.081186834818242,1.0993128213561092
mom_20 >= mom_10_sft_2,-0.0063190586,98878,49403,49475,12.21,-7519.58522854736,-911.0612832566185,eaab1708ca388033e741f56742381a7a1263cfafa2fbe8f413d450736cce3e74,30,-0.010997463017702103,26.95,0.8249403588229134,0.8249403588229134,0.8994930643295589,0.9378121007912843,0.9750272576448463,1.0132904185407505,1.0468485568272456,1.0773181491546548,1.100701418289628,1.1138891156892186,1.1279794947261566,1.1321958325441004,1.1346740323292157,1.1468833566041143,1.1689164624784223
mema_100 <= Low_sft_1,-0.006322513,98878,39110,59768,12.16,-3227.499055294353,-557.0017435945119,f2e93f04b3d2a46ee10823902064b64ae41106b8f01252b29032fe26a3290c3e,30,0.004323942121118307,27.68,0.8988761578668563,0.8988761578668563,0.9911953991250765,1.0546260792510183,1.1116428727013627,1.1621890520481448,1.2007874825870697,1.2413603615748914,1.2784376667440096,1.3023989047912106,1.320552977398523,1.3418041046735663,1.365455310973699,1.3927294993745902,1.4142700135166033
aarod_5 >= aarod_5_sft_1,-0.006339722,98878,46465,52413,12.2,-4427.364773355719,-818.8110045361318,010ce60baf3de2cf8c4bcfd243c9185441a26efa8e16690af1f746cc88b42f78,30,-0.00373671087436378,27.27,0.8817265895876663,0.8817265895876663,0.9397632934704514,0.9686140866570532,0.9894409972804769,1.0108633959662658,1.0331327133998098,1.0474660746612443,1.0625215136488109,1.0811903399452087,1.099917023097843,1.1201351364422463,1.1375346291402733,1.14332650389978,1.156135674099034
sma_10 <= Close_sft_3,-0.006345158,98878,48448,50430,12.2,-4563.946205567835,-885.3031939897701,50a0e61b02a2d5c963e9603b4bade036c42f4965c5f54e99ff926c2165cc53b8,30,0.00033910712227225304,27.46,0.8847186112203003,0.8847186112203003,0.9318589476462995,0.9734608755411365,1.004338600604474,1.0362364215288813,1.0606103041019432,1.0798039778401414,1.0880052243584448,1.1006708503164817,1.1090673257101638,1.1284667857979518,1.147943063129845,1.1578619465602842,1.166172369388776
plus_di_10 <= plus_di_10_sft_1,-0.00638011,98878,70845,28033,12.29,-8410.840156701623,-1371.6456200113535,bd972efc927c87708f479b3c989a305bfeb89b6aa0381d01606955fa59f6baca,30,-0.006253678351640701,27.27,0.8524725997943606,0.8524725997943606,0.9030919163275931,0.9405796202299094,0.9637473861076341,0.9809704571393476,1.0037686210910137,1.0268070713002837,1.0412770303891081,1.0566133051528654,1.070987547320854,1.0849905836408855,1.1045640041769687,1.1206501816863674,1.12633049565059
aaro_14 >= aaro_10_sft_3,-0.0063885325,98878,51666,47212,12.22,-7676.500969692381,-991.9508494384645,fa1fba1a54e25d7a96ab29b0d7c633f260580ef2319f10dc44e85c501c26793f,30,0.0002859304950106889,27.46,0.8224225247859405,0.8224225247859405,0.8862021826559812,0.9218348499126345,0.9549580762859181,0.9871534886934507,1.0163082520074511,1.038391921631264,1.0490591431236744,1.0680254835591099,1.0907765880878626,1.1048741748856767,1.1173892473461284,1.130601277743894,1.1408256761499591
aarod_5 <= aarod_20,-0.006400064,98878,61780,37098,12.25,-8809.179985067534,-1268.2809304413022,1c17b055d6052442bbc23e9c5f48c3b369df45790e4212d5edae44425931e847,30,0.003207448637112975,27.56,0.8284662988423419,0.8284662988423419,0.8801558905457529,0.9140339150601597,0.9430322109857764,0.9615706620897633,0.9835643782263873,1.0101085710126183,1.0280454820461644,1.044238108405876,1.0566437242988458,1.075599657710448,1.097088817013369,1.1095178930031888,1.1171022876446182
aarod_30 >= aarod_10_sft_1,-0.0064069554,98878,59519,39359,12.25,-8079.678313646406,-1218.9214003143134,010ce60baf3de2cf8c4bcfd243c9185441a26efa8e16690af1f746cc88b42f78,30,0.00653071328997612,27.68,0.8357187384315372,0.8357187384315372,0.8913237652361935,0.9245472318729632,0.9586301380180435,0.9830138876778108,1.0066488630785635,1.028803708881984,1.049892186603819,1.0716767998923027,1.0862161046995595,1.091269063050112,1.1006618495401364,1.1064090353317935,1.1203025261399293
sma_100 <= Close,-0.0064557563,98878,44795,54083,12.18,-5512.83128581534,-755.8767899218365,50a0e61b02a2d5c963e9603b4bade036c42f4965c5f54e99ff926c2165cc53b8,30,0.0016865222714841366,27.53,0.8538325491870337,0.8538325491870337,0.9363923993440031,1.0042848155736979,1.0562521964814062,1.1044813871531156,1.146821153733594,1.1862506943465234,1.2226545060351168,1.2548506455382802,1.2770247962700176,1.2971669753346646,1.3174517810639108,1.3382529152770444,1.3610846261283884
adx_30 <= 7,-0.0064580413,98878,1270,97608,10.55,-162.82510955422185,-19.320163121527003,3c92cb65188a6807549ad02f373e5063a01a53cbce3d2b8fe4af860199995f57,28,0.006385511718690395,29.45,0.8089140001389271,0.8089140001389271,0.8977328301400933,0.9714136104476991,1.0634528592988568,1.12694116274063,1.1400865249584673,1.163513740566635,1.2239946787673783,1.2768601471860401,1.3343508243614766,1.3673679022234153,1.3869238674660325,1.3877353539721373,1.3785715163782009
aarod_5 >= aarod_14_sft_2,-0.006504823,98878,53475,45403,12.22,-6590.769098497334,-1036.0432689233567,010ce60baf3de2cf8c4bcfd243c9185441a26efa8e16690af1f746cc88b42f78,30,-0.010150057263672352,27.03,0.8466311029398524,0.8466311029398524,0.8983035457442391,0.9299853761936765,0.9608154152350402,0.9844966294112694,1.0049252348878839,1.020799188833833,1.0380123858461257,1.057829320671856,1.0762028590691395,1.0934089432169003,1.105500959848326,1.1175794829894707,1.1318232972185438
aarou_5 >= aarou_5_sft_1,-0.0065161902,98878,47552,51326,12.2,-6052.424282758145,-897.6520759471387,0f031b3780e6467809600593d6806420193325d9573f332c17b627db66a26893,30,-0.005697997752577066,27.18,0.8473065036646391,0.8473065036646391,0.8986788296853196,0.928437949013111,0.9684193245264889,1.0068913964233137,1.034740623054568,1.0533595824649402,1.067885545509273,1.0872362494144607,1.0976978427934716,1.1015246047667657,1.1168096890384136,1.1255269535180372,1.1419768134801995
aaro_10 >= aaro_5_sft_3,-0.0065277303,98878,55359,43519,12.23,-7321.373241567533,-1068.1231799186571,fa1fba1a54e25d7a96ab29b0d7c633f260580ef2319f10dc44e85c501c26793f,30,-0.00366346538066864,27.3,0.8420133052618428,0.8420133052618428,0.8978580194705179,0.9333894374835605,0.9646249207421786,0.9831154847031428,1.005079399124382,1.02519847278675,1.0438863279554913,1.0616992276923132,1.0703434399888132,1.0836824330719708,1.099962226078355,1.118287358980016,1.1296561734465045
willr_30 >= -12,-0.0065330425,98878,11189,87689,11.82,-1180.204736724394,-185.2514270248721,69dfb876a37c1daf9322a675d7db45858b16e638e7217cc78e1177c12ffb23dc,30,-0.0006305188871920109,27.37,0.8815744598527642,0.8815744598527642,0.9951863782556797,1.07672925107707,1.1463383014909274,1.1946236789951206,1.212547603793558,1.2137396454150926,1.233094918281336,1.219743872537586,1.238152862514397,1.262240453384263,1.2936997943101787,1.3241520485633702,1.3737584445341426
plus_di_5 <= 20,-0.0065613743,98878,48275,50603,12.2,-6826.576166477714,-1004.6058829768226,14a9c3710fc1b17e882c866201c8dfd17bc6a0c5cee2921d8c0a77ac8ad2afa3,30,-0.0034477626904845238,27.29,0.8174531011054876,0.8174531011054876,0.8643871449539167,0.8981674130558137,0.915847170999187,0.9327268027442764,0.9557549951312306,0.9748955531280155,0.9867509901905913,1.0026324464829957,1.0133788113257503,1.0269100395198907,1.0456546926764267,1.0574691921169561,1.0709019904620551
plus_di_10 >= plus_di_10_sft_2,-0.0065774326,98878,37914,60964,12.14,-6189.693320918545,-766.1121156077133,e29890bc12ea37e8ab50982e55f5d20643af7c43a2ddc27569a065e219a2f597,30,0.0008170215878635645,27.49,0.8105725959786255,0.8105725959786255,0.879621853255336,0.9281846801796203,0.9725375164681312,0.9991919985767547,1.0223403286816934,1.0360202391138564,1.0583028330633393,1.0760661617688903,1.0942738216550827,1.1063986208604228,1.1132684682329765,1.1343595234652244,1.1585430227713034
minus_di_14 >= minus_di_10_sft_3,-0.006594237,98878,45926,52952,12.18,-4866.321838317585,-854.796413589851,a7c5a511f18bc4bc65b530c22aedd665cbba6e43036caf921c03925c9eff7340,30,-0.005333147011697292,27.19,0.8649284090122421,0.8649284090122421,0.9126887647337536,0.9371615134099657,0.9627699248467844,0.9744696695792917,0.9911286011175855,1.0118742774778273,1.0287409427339698,1.0499051385343665,1.0601123021127117,1.0699417006756327,1.0852621428489337,1.092836120922391,1.1036595515037648
aaro_5 >= aaro_10_sft_3,-0.0066021364,98878,52965,45913,12.22,-7988.481421890587,-1039.2518134050842,fa1fba1a54e25d7a96ab29b0d7c633f260580ef2319f10dc44e85c501c26793f,30,-0.002417963230982423,27.34,0.8193662617585696,0.8193662617585696,0.8728766258778059,0.9035998715563285,0.943702106455193,0.9765356895854992,1.008690487517753,1.0310782193551327,1.0427287820020312,1.062172083159503,1.0750407808339915,1.0877723317812824,1.1056054555487067,1.1169187005835648,1.1314730956123034
mema_100 <= Close_sft_2,-0.00663551,98878,44270,54608,12.18,-4298.148017537667,-700.4060224787463,7bbedcb317d5c12750ad9ed3d218721554e71f07d9c51daeb72ddac27b693913,30,0.002375873038545251,27.56,0.8814679915303932,0.8814679915303932,0.9663725629013443,1.0301886449935376,1.081932427156218,1.1243096399277215,1.165600521873886,1.2056593436078162,1.239838890300398,1.2653997044111005,1.2878991337503933,1.312831128936294,1.3344189232379449,1.355711550110947,1.3720740017955935
aarod_5 <= aarod_14_sft_1,-0.006648951,98878,59911,38967,12.24,-8226.996923590475,-1143.944298398732,1c17b055d6052442bbc23e9c5f48c3b369df45790e4212d5edae44425931e847,30,0.002433434361591935,27.53,0.8348560711237211,0.8348560711237211,0.8848254951702764,0.9183999738608751,0.944595490105373,0.9650174449149578,0.9904732406950898,1.0173613988555739,1.0348793799696139,1.0507360340540146,1.0688744963524612,1.0889994271968981,1.1084829245576036,1.1237291524570765,1.1341043148270042
bb_lower_2_10 >= Low_sft_2,-0.006672962,98878,7303,91575,11.64,-1432.2630241113802,-140.03348473240476,4e26baca5a6303a13016cf43f2fb7e5c7be993260b396d0848e5bc87608a1ef6,30,-0.012591330334544182,25.46,0.7691409031038585,0.7691409031038585,0.8286538327682352,0.8533387974368221,0.8766593945191273,0.8882512113619513,0.8873900919009362,0.8946571116868177,0.911496487236703,0.9290466806462263,0.9298424619321798,0.9617107370254792,0.9755832413163339,0.97835254729609,0.9831882698121952
mema_20 >= Low_sft_3,-0.0066798823,98878,68995,29883,12.27,-11101.996008552964,-1443.1424862374843,e7e0f1d344c8e3b4344908a65185f87340bab0bfe5216b7073401aaebfc88a19,30,-0.009408226236701012,27.17,0.8047770199848692,0.8047770199848692,0.8483482682256251,0.8788536964155222,0.9023440998533326,0.9275301382314851,0.9530904715922821,0.9773817640077297,0.9972120929911574,1.012582347821005,1.0267577744428653,1.0319513743541455,1.0398530421887173,1.05358228010687,1.0627948959124391
willr_30 <= -19,-0.006683003,98878,81143,17735,12.32,-11679.805215422039,-1629.7273250785947,c087f74a8ef9fdefe2bfbfe4c42e7c177e68996d73089fae9a8de15f5638210d,30,-0.002400843193754554,27.39,0.8205256076847544,0.8205256076847544,0.8654787545886312,0.8996348248895276,0.923958271982434,0.9460364155009802,0.9673373878593956,0.9889020187599706,1.0083080708500294,1.0299986489283428,1.0448777399774933,1.0563006008674451,1.0665856883071168,1.073793816412375,1.0803893358127445
rsi_5 <= rsi_2_sft_2,-0.0066989255,98878,49018,49860,12.2,-5560.990631454955,-929.5823582498924,f60792ba6ac5baece5de7ac90117c85055d233a86016db65a9b1851d8a518ee9,30,-0.0008139851270243526,27.41,0.86128825466951,0.86128825466951,0.9254698330740941,0.9670813088364476,0.9989027357964952,1.02957380282796,1.0543118454361735,1.0702375344010215,1.0788482284728032,1.0996015715190672,1.1104080670039016,1.1170090471669716,1.1436845330295644,1.1580039973065277,1.1592952224948272
aarod_10 >= aarod_20_sft_2,-0.006730431,98878,47983,50895,12.19,-6944.981687237469,-890.993705720226,010ce60baf3de2cf8c4bcfd243c9185441a26efa8e16690af1f746cc88b42f78,30,-0.007976707071065903,27.08,0.8217081432089667,0.8217081432089667,0.875374147607187,0.9144820482850099,0.9422638482148997,0.9662432723848359,0.9861940596242871,1.0083858809381505,1.026951984656021,1.0429237219270002,1.0543753091069556,1.0725223633987013,1.086819935543284,1.107352939820007,1.1240673072999645
aaro_10 >= aaro_20,-0.0067362096,98878,52693,46185,12.21,-6412.472961296771,-1007.538101032922,fa1fba1a54e25d7a96ab29b0d7c633f260580ef2319f10dc44e85c501c26793f,30,0.006743172183632851,27.73,0.8508621701410892,0.8508621701410892,0.9067425836540117,0.9429030961715882,0.9811886114695463,1.0054709633719516,1.0235482881622644,1.0395183786564357,1.061130690682743,1.084957104228477,1.1109242263943278,1.1282445283512288,1.1427634997988634,1.1539570518538838,1.1584641517255696
aaro_14 <= aaro_10_sft_1,-0.0067440425,98878,51785,47093,12.21,-6222.9961707531875,-960.8095772949382,03178e4886fc07979b0c314ad9c68ba2f86b07645c5f6bfdb6bc96b9669a3c24,30,-0.002738994313403964,27.33,0.8535577646986149,0.8535577646986149,0.9098507851597161,0.9500398704025517,0.9839322313731209,1.0126331787821967,1.0353769186412731,1.0484057565832658,1.0642653134283098,1.0890558284035896,1.1055419649739475,1.121626919776928,1.1342749338578924,1.1495905360167373,1.167653339432331
aarod_10 >= aarod_20_sft_1,-0.0067534023,98878,46092,52786,12.18,-6623.259130133931,-848.9874147896408,010ce60baf3de2cf8c4bcfd243c9185441a26efa8e16690af1f746cc88b42f78,30,-0.008719237521290779,27.03,0.8226525602532242,0.8226525602532242,0.883135572039087,0.9185301640210133,0.9501856739816734,0.972560572564843,0.9944079658767624,1.0177623552844823,1.03622912628146,1.0530075100910912,1.0606631317046018,1.0773161529111075,1.0956087860305708,1.1142822833962205,1.132631589539623
bb_lower_2_20 >= Close_sft_3,-0.0067559183,98878,928,97950,10.13,-318.0809815253597,-35.436192354012746,0e70b8a8d55e4ec73841ad3e8c9b127c0a23132eee3ba0a11c3e072e280aafa3,28,0.0,0.0,0.6067228886575824,0.6067228886575824,0.8701048566391912,0.8686139482131422,0.9438662765705077,0.9223727479770176,0.8672844822176557,0.8780773677262328,0.9831150302595991,1.0548901170190148,1.0650378508121288,1.0957033069009678,1.0760311789414652,1.1058140872347038,1.1049435083861006
mema_100 <= High_sft_1,-0.006782077,98878,49343,49535,12.19,-5355.175560256179,-836.8756313761187,272a901e1625028460b95370368ae350ea9835e10fc1933b41122586149e5de3,30,-0.002001367509365082,27.36,0.8686204367614357,0.8686204367614357,0.9411100986926975,0.9993789950900157,1.0429641943154333,1.084833697375944,1.1234453784856857,1.1590177516372542,1.1907447930603194,1.2180773628191939,1.2393331512837897,1.261459739814144,1.280760673454699,1.3008823396028832,1.3151738610976993
sma_10 <= Low_sft_1,-0.006788987,98878,27550,71328,12.06,-2820.5580568149526,-484.89685705686134,984863a5cb13aec2699710705080435de7dea983a917ddee35d0db64a2bad484,30,0.006668992806226015,27.92,0.8793872207141853,0.8793872207141853,0.966022636901228,1.0225913639487911,1.0653944202424344,1.1089404827191616,1.1384522067461638,1.1642989170279792,1.1920588220463215,1.206112745487951,1.2196289786598205,1.2402526085968846,1.2754278872636544,1.2988417180001937,1.3143217300061376
mom_20 <= mom_10_sft_1,-0.0067969956,98878,50778,48100,12.2,-6757.236786479738,-1058.5080737893877,99b230403b43b61a62d1e1bb62b812e1617b1ac927f76ee434dad8be358b43f3,30,0.0017236339626833797,27.52,0.830259542315995,0.830259542315995,0.8756123606873524,0.9059515925583401,0.9399733361649507,0.956200329536215,0.9726646741865587,0.9858393642646243,1.006033989874778,1.0195265957429427,1.0367822741306396,1.0553835914371206,1.0715750368367833,1.0815865260802215,1.0866825066285115
mom_2 >= mom_2_sft_1,-0.0067969966,98878,51454,47424,12.2,-6978.516905945944,-1045.5536778604946,eaab1708ca388033e741f56742381a7a1263cfafa2fbe8f413d450736cce3e74,30,-0.009731607511639595,27.03,0.8393126105935225,0.8393126105935225,0.8961969502148736,0.9272071538849919,0.9613858358515942,0.9877822943009685,1.0111806131534764,1.027874228645861,1.0471543682944013,1.0615796636215544,1.0793631767056209,1.0956878681005255,1.1070831491022401,1.114282420512621,1.1290975414072755
aarod_5 <= aarod_20_sft_1,-0.006800876,98878,56471,42407,12.22,-8521.993785814415,-1178.7382527514346,1c17b055d6052442bbc23e9c5f48c3b369df45790e4212d5edae44425931e847,30,0.0028196058701723814,27.55,0.8209962512675915,0.8209962512675915,0.8716572538262372,0.9098299453557944,0.9375300459956656,0.9564027794930516,0.9814692763512773,1.009356387646415,1.027837835023215,1.044498932507595,1.0599243468707407,1.0790447014166542,1.0972440165807005,1.1095794699599169,1.1171233326553833
aarod_14 <= aarod_30_sft_1,-0.006806722,98878,62128,36750,12.25,-9138.2649184775,-1284.421018320958,1c17b055d6052442bbc23e9c5f48c3b369df45790e4212d5edae44425931e847,30,0.0008447599830105901,27.47,0.8215569277902652,0.8215569277902652,0.8777308748258409,0.918648857235737,0.9443974323801816,0.9741774496662633,0.9960417727040537,1.0249381043112786,1.0470234689895803,1.0616358213519046,1.073492275142728,1.0845818349153356,1.09369838763964,1.1015363474137134,1.1099952660170676
rsi_14 <= rsi_14_sft_1,-0.0068120407,98878,54094,44784,12.21,-5198.392138479463,-960.2861138357621,f60792ba6ac5baece5de7ac90117c85055d233a86016db65a9b1851d8a518ee9,30,-0.003918396774679422,27.29,0.87468035071133,0.87468035071133,0.9280813189822017,0.9541447247180584,0.9784460788316827,0.9980258334364599,1.0114487469610949,1.0294051893981455,1.0470042043554004,1.068990798787101,1.0819854964206868,1.1012691797932754,1.118087259704726,1.1329804799052001,1.1347856071454463
mema_10 <= Low,-0.0068240147,98878,26839,72039,12.05,-2575.5673440624814,-454.467046010599,f2e93f04b3d2a46ee10823902064b64ae41106b8f01252b29032fe26a3290c3e,30,0.004283771850168705,27.76,0.8893557299911039,0.8893557299911039,0.9622859486102182,1.0253009975098895,1.0824543745824324,1.1200546512903211,1.1469130596013326,1.1685804042433825,1.1838739472955069,1.198983093813583,1.2263925319831321,1.2497903833898776,1.2760329238605843,1.3093745046510596,1.3341891072046241
sma_10 <= sma_20,-0.006852773,98878,50407,48471,12.2,-8159.653999150414,-1092.2969848695866,9620e21a74658492f7af120824bf7d2062ca3a47b721c940ad3cc1d3bc8eb349,30,0.0025765937753021717,27.56,0.7953941834809006,0.7953941834809006,0.8352001464567599,0.8626178625583647,0.8809072018688605,0.8985796262630754,0.9221628466343559,0.9400677095915648,0.960323935039617,0.986782912460659,1.0121904181188337,1.0353432367036324,1.0459988966734861,1.0534099869348357,1.065356993458051
willr_30 >= -8,-0.0068619805,98878,7872,91006,11.65,-624.7794392078213,-107.61114823367097,69dfb876a37c1daf9322a675d7db45858b16e638e7217cc78e1177c12ffb23dc,30,-0.004894991870969534,26.7,0.90845606649899,0.90845606649899,1.0030511598485705,1.0636396363097438,1.1544842584822996,1.1856133757468863,1.1936199059478454,1.185397763682987,1.200294691573566,1.1944906269182114,1.1994865218604682,1.2212563635797518,1.2531385922294713,1.2996054489405875,1.3642446092729645
aarod_5 >= aarod_20_sft_2,-0.0068680737,98878,55114,43764,12.22,-6445.8117541965075,-984.2630293481925,010ce60baf3de2cf8c4bcfd243c9185441a26efa8e16690af1f746cc88b42f78,30,-0.010266640223562717,27.04,0.8523384972667357,0.8523384972667357,0.9031516818501046,0.9390076255559359,0.9681348336297099,0.9939122666515454,1.0098385055522185,1.024080150925171,1.042898561445712,1.0610844827196497,1.0803426527325966,1.0934476739283423,1.1047498099755857,1.1224432656101375,1.1397134716486619
aaro_14 <= aaro_10_sft_3,-0.0068713794,98878,51681,47197,12.2,-6394.284392301027,-1022.0707931643265,03178e4886fc07979b0c314ad9c68ba2f86b07645c5f6bfdb6bc96b9669a3c24,30,-0.009384135715663433,27.04,0.847335772492916,0.847335772492916,0.8967261517587353,0.9320305674054067,0.9550905598938864,0.9726931592817402,0.9914608763989337,1.008921421532524,1.033876413120818,1.0476031843159626,1.0598435346730928,1.0788293687234325,1.0974756833072252,1.1115181161184575,1.1239518706808593
aarod_10 >= aarod_20,-0.0068798484,98878,45778,53100,12.17,-6507.091150707161,-861.5498088896347,010ce60baf3de2cf8c4bcfd243c9185441a26efa8e16690af1f746cc88b42f78,30,-0.008760581724345684,27.02,0.8255894856511672,0.8255894856511672,0.8883007021787753,0.9250027475309033,0.953039972134894,0.9763991477559252,1.0014357758349195,1.021929013857709,1.0398695066257448,1.0538966640925038,1.0662785444521616,1.0834705078837696,1.1031974049320799,1.1216233250019594,1.1426313433634006
aarod_5 >= aarod_20_sft_3,-0.006889781,98878,55856,43022,12.22,-6737.76573562458,-1000.1812569419635,010ce60baf3de2cf8c4bcfd243c9185441a26efa8e16690af1f746cc88b42f78,30,-0.011777970008552074,26.98,0.8482313786751715,0.8482313786751715,0.8970591597208095,0.9363897683731301,0.966549504376753,0.9892362783564376,1.0058823479879189,1.016928138702503,1.0346518121709258,1.0514486105672594,1.0689815616444203,1.080723461224456,1.0935926081463574,1.1097394721562532,1.129604837186154
mema_100 <= High_sft_2,-0.006915572,98878,49433,49445,12.19,-5008.945325061624,-819.5457351509685,272a901e1625028460b95370368ae350ea9835e10fc1933b41122586149e5de3,30,-0.0017611312214285135,27.37,0.876400389959544,0.876400389959544,0.9478473982667269,1.0049079463780355,1.0474997528298147,1.0914884346184792,1.1297371983674276,1.165596508909047,1.196630315745921,1.2201930587818748,1.2433460426638911,1.2640098274191214,1.2842685643292235,1.3010008317387105,1.316555425703454
aaro_20 >= aaro_14_sft_1,-0.0069235847,98878,51028,47850,12.2,-7744.309838593214,-998.0079296941913,fa1fba1a54e25d7a96ab29b0d7c633f260580ef2319f10dc44e85c501c26793f,30,-0.00850791297852993,27.08,0.814572613447864,0.814572613447864,0.8577725832378684,0.8926788411502548,0.93425696832768,0.9613262166846908,0.980311252315961,0.990130989086306,1.0106654030300384,1.0274113977319168,1.0438914033253075,1.056672528335995,1.0695259639907944,1.0790677010356855,1.100374831899452
willr_30 >= -9,-0.0069331806,98878,8664,90214,11.68,-823.9930352154333,-131.92061895922234,69dfb876a37c1daf9322a675d7db45858b16e638e7217cc78e1177c12ffb23dc,30,-0.0037536625750362873,26.9,0.8921489250634479,0.8921489250634479,1.0014080498892062,1.0733273205665896,1.1417184249502428,1.1866442364622314,1.2020130600491818,1.1866005045599861,1.1939638827249683,1.1880446230574488,1.1900359654726194,1.2145040739047894,1.246891856106981,1.2802484848912976,1.3448555312968333
plus_di_5 <= 21,-0.0069446894,98878,50902,47976,12.2,-7483.38937427833,-1082.47616584762,14a9c3710fc1b17e882c866201c8dfd17bc6a0c5cee2921d8c0a77ac8ad2afa3,30,-0.00267638242803514,27.33,0.8115181152844931,0.8115181152844931,0.8592415090762509,0.8946468067952422,0.9144064469316228,0.9345660367711794,0.9573231107200348,0.9793744102852229,0.9893622740400869,1.0059403910167224,1.0179648190231223,1.0333895108708389,1.0515733963043514,1.0623463662607235,1.0753795536798032
plus_di_30 >= 10,-0.006945692,98878,95973,2905,12.38,-13440.998793816882,-1876.5575402400063,4f583626fd6f59b1b2e0825c720b1d1aad3858951a5b50964ea86a5c13485b5d,30,0.021913304924964905,27.62,0.8306872626940919,0.8306872626940919,0.8860113590332368,0.9256399029179233,0.9565996709529537,0.9835320959589293,1.0079174834906481,1.0284730062810763,1.047057252157884,1.0646394031310742,1.0798603771423916,1.093856234526611,1.107631385625811,1.119732742712997,1.1315416990629026
aaro_14 >= aaro_5_sft_3,-0.0069506057,98878,50774,48104,12.2,-7853.429991326455,-1018.3226148933827,fa1fba1a54e25d7a96ab29b0d7c633f260580ef2319f10dc44e85c501c26793f,30,-0.0019448422826826572,27.36,0.8173290807322563,0.8173290807322563,0.8801525251324228,0.913818213459201,0.9449343385608073,0.9595092777074337,0.9784478183983658,1.004629179521798,1.0281323897834738,1.0431310847959943,1.051910623986392,1.0708610421748672,1.0921677737139852,1.1080528658104525,1.1199514390059915
bb_lower_2_20 >= bb_lower_2_30_sft_1,-0.00695676,98878,62179,36699,12.24,-9573.413707352942,-1147.5289770707677,14f3c68ebc76bb97608c90e96e22d07d8e6617ab0d939b3b0b66c54f45811d90,30,-0.005910215899348259,27.24,0.8137077349865546,0.8137077349865546,0.8651283071505825,0.9019488334291683,0.9307990162023768,0.9562433841750144,0.9849444147695561,1.009014661878535,1.0348936017362749,1.0637700937156098,1.0868945402872423,1.1040665953131914,1.1162742425655463,1.1277404176705683,1.1412005797526474
aarod_5 >= aarod_14,-0.0069760233,98878,52467,46411,12.2,-6518.403126848516,-1028.9088614083958,010ce60baf3de2cf8c4bcfd243c9185441a26efa8e16690af1f746cc88b42f78,30,-0.00910680927336216,27.06,0.8462522055304144,0.8462522055304144,0.9061494001375291,0.9424473344488329,0.971106495710404,0.9926023941139034,1.0099987029398518,1.023737130237686,1.0462488281890725,1.0676573399638196,1.0854166185339602,1.101120275473014,1.1111089878192404,1.1282120099085762,1.144146935316065
aarod_5 <= aarod_20_sft_2,-0.00699348,98878,53772,45106,12.21,-7845.381711907355,-1088.1993344139337,1c17b055d6052442bbc23e9c5f48c3b369df45790e4212d5edae44425931e847,30,0.0017887759022414684,27.52,0.8268451600651553,0.8268451600651553,0.8794276915183727,0.9149092659678901,0.9412394628992978,0.9627932148785567,0.9909390264940795,1.0207600925832092,1.0391688865795943,1.0562491227557487,1.0702880127281587,1.0900882883284322,1.1103911896297607,1.1212281605168462,1.1275065597153078
aarod_30 >= aarod_14_sft_1,-0.007030368,98878,63494,35384,12.25,-9346.64759104239,-1311.6616505939019,010ce60baf3de2cf8c4bcfd243c9185441a26efa8e16690af1f746cc88b42f78,30,-0.00198029400780797,27.38,0.8213543006025653,0.8213543006025653,0.885033770454862,0.9203235926861796,0.9472252126406785,0.9723066036188651,1.00063428883006,1.0279580584885064,1.04897102173675,1.0606371633404763,1.0722295683478256,1.0783517726691179,1.09114657975756,1.0939673105103902,1.1037175620205883
aarod_10 <= aarod_30_sft_3,-0.007045224,98878,54245,44633,12.21,-7738.802970216261,-1102.558653180131,1c17b055d6052442bbc23e9c5f48c3b369df45790e4212d5edae44425931e847,30,0.0009334973874501884,27.48,0.82967208368278,0.82967208368278,0.8811535763701336,0.9143058793902707,0.9406801005665736,0.9705775078246007,0.9940106143157191,1.0167269838576736,1.0319749214059637,1.0541775379346754,1.0756915762284287,1.0857450273418365,1.0960161914803919,1.1006454917399164,1.111381577424106
plus_di_10 >= plus_di_10_sft_1,-0.007051852,98878,29539,69339,12.06,-4630.2363998235605,-573.154179779398,e29890bc12ea37e8ab50982e55f5d20643af7c43a2ddc27569a065e219a2f597,30,-0.003166995942592621,27.23,0.8196670706675345,0.8196670706675345,0.8813388349724461,0.9247550719235779,0.9703622987670181,1.0093190898931657,1.0286094876468315,1.0394886392279832,1.0597597144206734,1.0782286498384979,1.0974080593159041,1.1115953543918242,1.1137857076850464,1.1194918644486112,1.1480865365618107
mom_5 <= mom_10_sft_2,-0.0070602964,98878,49299,49579,12.18,-5378.780078278258,-930.4368430558097,99b230403b43b61a62d1e1bb62b812e1617b1ac927f76ee434dad8be358b43f3,30,-0.005624178797006607,27.19,0.8661863291896833,0.8661863291896833,0.9226412915834273,0.9661728358655686,0.9853079049134408,1.0075685873518172,1.0290279763496863,1.0380968414140586,1.0512246838234838,1.0673294726009228,1.0810652685340094,1.0961995137480207,1.1156559474147472,1.1262550220504317,1.1356741284254113
stdev_30 <= stdev_14_sft_2,-0.007090278,98878,14222,84656,11.85,-1774.480407555944,-258.2357012906141,76cc05d7e847d59489f80a379ae9909f097acc0055c98dd465d85c99099ff3c8,28,-0.0030455864034593105,26.63,0.845813814709529,0.845813814709529,0.8902330527378253,0.918460522908296,0.9360682770926971,0.9573961354552079,0.9724502528960685,0.9755192360036279,0.9776178995137471,0.9849800843472276,0.9922857884195109,0.99032364760425,0.9998771248851662,1.0022325464824855,1.0013831628560668
adx_10 <= 11,-0.0070958924,98878,668,98210,9.58,-244.17100576817757,-31.63267372293194,3c92cb65188a6807549ad02f373e5063a01a53cbce3d2b8fe4af860199995f57,24,0.0,0.0,0.5826798315979308,0.5826798315979308,0.7063624026803659,0.667579912125286,0.6950039399942807,0.7550629291400841,0.8874817396216933,0.8630474754634322,0.8910522285547523,1.0146418201661143,1.0724493997921083,1.1284632271093193,1.1130579986138174,1.0911850808672283,1.0727272108457193
aarou_14 >= aarou_20_sft_1,-0.0071151285,98878,38630,60248,12.13,-5997.961515541785,-805.9644962327657,0f031b3780e6467809600593d6806420193325d9573f332c17b627db66a26893,30,0.0026023646350950003,27.59,0.8143855038007459,0.8143855038007459,0.88368401420881,0.9172816328585047,0.9642416389201498,0.9902701841991632,1.0159061160592602,1.0358010250770155,1.0603141497435413,1.077233285194908,1.1020304277294113,1.1200316871299532,1.1422863567611503,1.1542746977945035,1.1687794463911856
mema_5 <= Low_sft_1,-0.0071194414,98878,14274,84604,11.85,414.169826407473,-168.0930463114637,f2e93f04b3d2a46ee10823902064b64ae41106b8f01252b29032fe26a3290c3e,28,0.007851346395909786,27.81,1.0418872357910034,1.0418872357910034,1.1177569878211124,1.156379092467931,1.1723235543058417,1.1975261097969578,1.2364794409456903,1.220744183506656,1.2202941917689742,1.2374222849121153,1.2509733385310668,1.2662727836875018,1.313442833947334,1.3300635353131232,1.3178729653755017
mom_15 >= mom_2_sft_2,-0.0071361363,98878,49164,49714,12.18,-6681.717006937688,-892.6789228218549,eaab1708ca388033e741f56742381a7a1263cfafa2fbe8f413d450736cce3e74,30,-0.010608098469674587,26.97,0.8446450760372148,0.8446450760372148,0.9184714187167503,0.967652301386438,1.0015958011914392,1.0359647123737472,1.0627532656396177,1.0844174641700741,1.1050140617364907,1.1212900690185832,1.1309325258568246,1.1450390303204958,1.1544697009336764,1.1678051173376234,1.1841986252644616
willr_30 >= -14,-0.0071369726,98878,12813,86065,11.81,-1576.4847690663446,-228.68915470862703,69dfb876a37c1daf9322a675d7db45858b16e638e7217cc78e1177c12ffb23dc,30,-0.0009797955863177776,27.33,0.8639389486585536,0.8639389486585536,0.9655833367705942,1.0424367785180766,1.1125064985122046,1.1648968600252296,1.188081710262619,1.1904035387865315,1.215175133308957,1.2068143670976303,1.2278803294015965,1.2524207209720064,1.2853757276480764,1.3223635460683012,1.3761070114401384
sma_20 >= Low_sft_2,-0.0071597807,98878,64719,34159,12.25,-10496.547494711882,-1381.6504184848018,7e47ad2f5aad8309cb5e81c51f9a75f0ebc795f902c6c62c65c20c0b4901b7f7,30,-0.004913207143545151,27.29,0.7997844696289298,0.7997844696289298,0.8444926214861309,0.8715704544710128,0.8986968468906091,0.9257444477343652,0.9477299350907744,0.9677909094336892,0.990698851965481,1.0082509791851682,1.0240991309937617,1.0338650119437507,1.043675563785192,1.0530450234985533,1.0665559109742027
minus_di_10 <= 24,-0.0071731135,98878,58847,40031,12.22,-8579.188865969987,-1098.4783071871134,cee77ee220a5e77fe95d20a730179fabcb0f2e40106664424787bbccffac6b44,30,-0.03197469934821129,26.27,0.8344871745928331,0.8344871745928331,0.8942215302597968,0.9335078340743654,0.9649438684801158,0.9878354437735959,1.0072725631088022,1.023053066020445,1.0371721047531075,1.0456722854812155,1.0537154369172672,1.0598490291459421,1.0663234732492075,1.0781597103929856,1.084245571247607
aaro_5 >= -79,-0.007197994,98878,79219,19659,12.3,-9589.14962855193,-1511.9827219379586,0811e6227d0d089f2d69284c6ea7ddd7761288c8d873ca997aaf34687b2f23f1,30,-0.007927346974611282,27.27,0.8571348484680951,0.8571348484680951,0.9164825390882888,0.9539435224193443,0.9866821668671044,1.0194843568602128,1.046145438442143,1.063263106771098,1.077625581469711,1.0912912242009916,1.1028556186679022,1.113880873423567,1.126541979309706,1.1393357395780583,1.1492063587849795
plus_di_14 >= plus_di_14_sft_2,-0.007205146,98878,37768,61110,12.12,-6206.564867739341,-745.0776252379947,e29890bc12ea37e8ab50982e55f5d20643af7c43a2ddc27569a065e219a2f597,30,0.0003077370347455144,27.46,0.8086186475390301,0.8086186475390301,0.8772464190917116,0.9206514919268229,0.9638847136902198,0.9930106141131612,1.0188542292752656,1.0327529258938544,1.0578130225729034,1.0765334261144108,1.0947992699771512,1.1047594883203706,1.1096313276265228,1.1291176751806746,1.1512095444300834
mom_20 >= mom_10_sft_1,-0.0072110216,98878,49351,49527,12.18,-7386.137777165591,-903.8380449935867,eaab1708ca388033e741f56742381a7a1263cfafa2fbe8f413d450736cce3e74,30,-0.009126724675297737,27.04,0.8256622038120932,0.8256622038120932,0.8891044543514952,0.9328280778932831,0.9589653606240923,0.9954424439272773,1.0246775486123054,1.055395517899166,1.0729258835635105,1.092439337164594,1.1048567333538628,1.1153189105925048,1.1272673776638018,1.1403399029080359,1.160444075581229
aaro_20 >= aaro_20_sft_1,-0.0072205346,98878,77760,21118,12.29,-11504.134366984552,-1585.1995836365313,fa1fba1a54e25d7a96ab29b0d7c633f260580ef2319f10dc44e85c501c26793f,30,-0.0006182035431265831,27.43,0.8222290898150354,0.8222290898150354,0.8763914062420617,0.9126135162511024,0.9421113602378957,0.9695479274295414,0.9929282288549283,1.0130219969225713,1.0327680427586412,1.0476084531006615,1.066057158931754,1.081137078818267,1.0969687957517513,1.105724163796224,1.1150406001592088
sma_10 <= Low,-0.0072266855,98878,30640,68238,12.06,-3717.7506413452065,-556.4611619872012,984863a5cb13aec2699710705080435de7dea983a917ddee35d0db64a2bad484,30,0.006119903177022934,27.85,0.8610850810501288,0.8610850810501288,0.9341357485216011,0.989194122850433,1.0359185477334043,1.0737174068202056,1.1078453070612904,1.1365401494846614,1.1662934045248776,1.1851762789832139,1.205346568507074,1.2188606669111974,1.2402151050410126,1.2640249289738277,1.281623113682602
aarod_14 <= aarod_30_sft_2,-0.0072271614,98878,59239,39639,12.22,-8523.84261717955,-1194.120571155756,1c17b055d6052442bbc23e9c5f48c3b369df45790e4212d5edae44425931e847,30,0.0002727053943090141,27.45,0.8255983001191827,0.8255983001191827,0.8813288313183747,0.922430645433955,0.9492087780214872,0.976912590951553,1.0015856412760125,1.0321510833015257,1.053814337475087,1.0696110828379861,1.0804332026617687,1.090625459237962,1.1002567710040145,1.1094682661716782,1.1187948341661114
mom_10 >= mom_2_sft_1,-0.007234744,98878,49644,49234,12.18,-6238.646176415437,-907.5748476419758,eaab1708ca388033e741f56742381a7a1263cfafa2fbe8f413d450736cce3e74,30,-0.008692271076142788,27.06,0.8561023808469931,0.8561023808469931,0.9175075757207928,0.9737759067498988,1.0146044788612658,1.0440718854097977,1.0604784436522299,1.0869875454987945,1.1003409325090519,1.1101594611515373,1.1223961702577006,1.1313063664188037,1.1413490828544854,1.1583369898394196,1.1752385926604605
willr_30 <= -15,-0.0072357743,98878,84616,14262,12.32,-12058.073085167187,-1670.3824217206857,c087f74a8ef9fdefe2bfbfe4c42e7c177e68996d73089fae9a8de15f5638210d,30,-0.0066962456330657005,27.32,0.8233707714821199,0.8233707714821199,0.8690748722845616,0.9013381514770071,0.9260061721253251,0.9496355889833975,0.9746236462758014,0.997594988967781,1.0151883425833519,1.0364663201901034,1.0506794862706252,1.062071750544651,1.0733539325707528,1.0817009181324153,1.0872277645827646
adx_5 >= 16,-0.0072708884,98878,97811,1067,12.39,-12197.324530457892,-1874.6153511073135,4118d96628e9d7109ca1b25b71d8f7665de5864ad974c7631ea4a76d380fc96f,30,-0.009248814545571804,27.4,0.8497137935402436,0.8497137935402436,0.9024536455798831,0.941191353418504,0.9714892867853421,0.9974930889492428,1.018699423603913,1.036217126265324,1.0524576011901021,1.068843293752376,1.0836420553185302,1.0969107622932226,1.1103720658856724,1.1232669780805795,1.1361879492256934
plus_di_10 >= plus_di_10_sft_3,-0.0072798315,98878,41359,57519,12.14,-6092.306464069377,-750.7895789511094,e29890bc12ea37e8ab50982e55f5d20643af7c43a2ddc27569a065e219a2f597,30,0.0017941923579201102,27.54,0.8263511826296175,0.8263511826296175,0.8969252231174772,0.9488122389388888,0.991736405518736,1.019424332187528,1.0437567223699724,1.0663408551694094,1.0943408264083518,1.1130932451760485,1.1247638799189186,1.137133984047822,1.144029248274013,1.1697052474473364,1.1851007145482972
willr_5 <= willr_20,-0.0072953347,98878,53321,45557,12.2,-5520.0859832325,-928.3823060352661,1427ae29e5c4ed561613e902f1f63301f41038d7cf9fdf54aa945c6a3e2bca60,30,-0.011044791899621487,26.99,0.8762784676056073,0.8762784676056073,0.9320439742885971,0.9747183431944842,1.0131151560773364,1.0345832135074868,1.0613159792512394,1.0795688886760388,1.10137679267305,1.1156876610657218,1.1262187711414107,1.140318811553272,1.1533113251879459,1.1627719828552017,1.1746781927840393
sma_5 >= Close_sft_3,-0.007336924,98878,49593,49285,12.18,-7141.112555748332,-988.8088553479174,9d05ebf4a4df1374ab70d34fd4bb0bb7068613b3ea4d9f34537ac27b7aeadf15,30,-0.008012419566512108,27.09,0.8351026028519594,0.8351026028519594,0.9038261429462601,0.949448677645104,0.9891741971111092,1.0236681267520698,1.0499919217457403,1.066137376630032,1.0849513781332962,1.097992266932954,1.1116717200361035,1.123607059660056,1.1297273240559338,1.1500888565237766,1.1660972213793335
aaro_14 <= aaro_10_sft_2,-0.0073470105,98878,52226,46652,12.19,-6151.635687906416,-979.2648493592205,03178e4886fc07979b0c314ad9c68ba2f86b07645c5f6bfdb6bc96b9669a3c24,30,-0.008280503563582897,27.1,0.8554887700133377,0.8554887700133377,0.9070671510255761,0.9450132011869399,0.9738837916114208,0.9957130297814801,1.0149154030993668,1.0338762815641491,1.054118058038033,1.0726058813743753,1.083957322851333,1.0973437855713752,1.117643284154992,1.1323651073663061,1.147141201804053
aarod_5 >= aarod_10,-0.007349385,98878,51631,47247,12.19,-5627.11466725609,-1040.7878852990398,010ce60baf3de2cf8c4bcfd243c9185441a26efa8e16690af1f746cc88b42f78,30,-0.0054488955065608025,27.21,0.8649783872600975,0.8649783872600975,0.9093130434204322,0.9489290634504112,0.9810321845750195,1.0111068440555055,1.0235804891389197,1.0322567786618473,1.0492913443527865,1.0714373110301014,1.0914933141860548,1.1033132793260405,1.1142794527639277,1.1262316193032753,1.1408755208534216
plus_di_14 <= plus_di_14_sft_1,-0.0073565906,98878,70776,28102,12.27,-8784.558503219389,-1380.631233760956,bd972efc927c87708f479b3c989a305bfeb89b6aa0381d01606955fa59f6baca,30,-0.006754654459655285,27.26,0.845477530491806,0.845477530491806,0.8959232004151416,0.9312097928693939,0.9536599864500753,0.971863115380186,0.9951551120574496,1.016993208945775,1.0328475973363733,1.0487129349516724,1.0645607594018343,1.0798500192073746,1.0995528709331466,1.1142663631971264,1.1195642047317227
aarod_5 >= aarod_14_sft_1,-0.00736296,98878,52212,46666,12.19,-6379.999880162653,-1007.130960157323,010ce60baf3de2cf8c4bcfd243c9185441a26efa8e16690af1f746cc88b42f78,30,-0.010512118227779865,27.0,0.8485213043865991,0.8485213043865991,0.9066495277849518,0.938792629360742,0.9692244128386845,0.9913645439749543,1.0090090515211232,1.0254960229567327,1.0445478253885987,1.0647855013618346,1.0806625965716739,1.0951820557533436,1.111230175900308,1.1242439415502794,1.1428773697483772
bb_lower_2_10 >= Open,-0.0073854653,98878,1693,97185,10.57,-291.84194895625114,-43.43538335937046,da8e2d806350cc6fd9a1fee772f28b714ff99a658489147fdc12f97005db29f7,30,-0.005004034843295813,25.75,0.7750952006337078,0.7750952006337078,0.7461643847800656,0.8457954893330444,0.8013864579262869,0.8653765732259517,0.8216730490233096,0.8516733486371327,0.9044776829170583,0.928407863640903,0.9253703760704695,0.9524076721850993,0.9951366183752002,1.018651525302819,1.0298705358717641
plus_di_5 <= 6,-0.007385947,98878,9899,88979,11.69,-846.6614522634168,-210.70799984507175,14a9c3710fc1b17e882c866201c8dfd17bc6a0c5cee2921d8c0a77ac8ad2afa3,30,-0.006778652314096689,26.54,0.8745809038215608,0.8745809038215608,0.9292138804619203,0.9559479968326322,0.9827759319799045,1.0013260609293324,1.01618659264473,1.0181977351020703,1.000859467337033,1.0117970510455856,1.0260891055513823,1.0311549484532931,1.0381737178072628,1.0445548239726126,1.0512887229272334
willr_30 <= -20,-0.007409052,98878,80478,18400,12.3,-11763.503761261909,-1635.5396719151686,c087f74a8ef9fdefe2bfbfe4c42e7c177e68996d73089fae9a8de15f5638210d,30,-0.003210680093616247,27.38,0.8173759840722319,0.8173759840722319,0.8613445457877997,0.8969078160194918,0.9196082023502324,0.9414236969499076,0.9639066834911034,0.9835395509961494,1.0030039798431867,1.0246572346169298,1.0388995200305633,1.0516360288923743,1.062635718109559,1.068926137868629,1.0760113979538461
minus_di_5 <= 20,-0.0074162614,98878,47646,51232,12.16,-6152.165128439066,-869.5716207931691,cee77ee220a5e77fe95d20a730179fabcb0f2e40106664424787bbccffac6b44,30,-0.023967569693922997,26.34,0.8557727758773637,0.8557727758773637,0.9128874698922871,0.9504747106292631,0.9827421808328429,1.0073756479554719,1.029290784925526,1.0456682415750027,1.055120896077641,1.0556382368767123,1.0638269396334863,1.0691771841043751,1.0751634962513932,1.0881574687121924,1.095068663126603
mom_20 <= mom_10_sft_3,-0.0074241217,98878,50651,48227,12.18,-6733.653627775381,-1049.1378626657242,99b230403b43b61a62d1e1bb62b812e1617b1ac927f76ee434dad8be358b43f3,28,0.0037928461097180843,27.13,0.8286742983759321,0.8286742983759321,0.8695406976333635,0.8988575581633425,0.9165491229765054,0.9300361753739967,0.9417542801627071,0.9547600733930514,0.9682224346988203,0.9904153163006048,1.0080292295848017,1.035300740664356,1.05651705946718,1.0685549116601543,1.066816780514225
mom_10 >= mom_15_sft_3,-0.0074246577,98878,50973,47905,12.18,-7693.1747631620865,-1045.9081675814232,eaab1708ca388033e741f56742381a7a1263cfafa2fbe8f413d450736cce3e74,30,0.0010654868092387915,27.49,0.8212483196568754,0.8212483196568754,0.8818826994216168,0.9194902857842173,0.9549159360317004,0.9787760325081685,1.0062346497247605,1.0255033039375865,1.0468399982904333,1.0612898615105795,1.0809330737302512,1.1015818498217897,1.1181187315594439,1.1422450941175812,1.1525208727778553
aarod_30 >= aarod_20_sft_3,-0.0074254465,98878,59497,39381,12.22,-8296.700553235481,-1136.86408674439,010ce60baf3de2cf8c4bcfd243c9185441a26efa8e16690af1f746cc88b42f78,30,-0.015597665682435036,26.88,0.8302591097328806,0.8302591097328806,0.8866563125828766,0.9355765487519155,0.9670567261059936,0.9941046667151067,1.010337359550902,1.0218833440141601,1.036137519458859,1.0447227292165575,1.0518909497170637,1.0568681744279256,1.0677125024736378,1.0843127513372053,1.092456877542939
mom_20 <= mom_10_sft_2,-0.007426706,98878,50595,48283,12.18,-6653.185259022834,-1052.1684165043407,99b230403b43b61a62d1e1bb62b812e1617b1ac927f76ee434dad8be358b43f3,30,0.0020963812712579966,27.54,0.8303999477729521,0.8303999477729521,0.8631581077160669,0.8998497083538886,0.9194070724509261,0.9339601139599414,0.9466040493106079,0.9583467588025987,0.9726274236866966,0.9945433856523395,1.0112896445448305,1.036354321975007,1.0601908394319488,1.0724100126703338,1.0751813650002888
aaro_20 >= aaro_20_sft_3,-0.007433685,98878,64961,33917,12.24,-9285.898780258787,-1298.0339729583866,fa1fba1a54e25d7a96ab29b0d7c633f260580ef2319f10dc44e85c501c26793f,30,-0.004798202775418758,27.29,0.8273206286220656,0.8273206286220656,0.8831629460100755,0.9174898550514865,0.950425720194497,0.9768073232350404,1.0013578536039935,1.0165358449578958,1.0341958874513504,1.0509589481395991,1.0658952458909052,1.079563745659285,1.0917764930092817,1.0960167656602118,1.1067424399449894
bb_upper_2_20 <= bb_upper_2_10_sft_2,-0.0074426113,98878,23663,75215,11.98,-2840.629285347357,-401.96673877324065,3aa49a56ba366f74cacb6b40add631875fca9bf88d1abae08516bfe7d1357af1,30,-0.010161327198147774,26.64,0.850499580751657,0.850499580751657,0.9038428015939547,0.9352279970057737,0.9497837401959032,0.9834208742637054,1.002110574310036,1.019630279732831,1.0348854290701195,1.0486287687482185,1.0519431523622513,1.0596525719472876,1.0790638333018614,1.095869771781222,1.0988894931849058
aarod_5 <= aarod_10,-0.007447097,98878,73672,25206,12.27,-10191.569577388818,-1430.8553935142772,1c17b055d6052442bbc23e9c5f48c3b369df45790e4212d5edae44425931e847,30,-0.002144135069102049,27.39,0.8321768607155673,0.8321768607155673,0.8930791956461671,0.9262328588822573,0.9552471126456251,0.975628864165234,0.9983644382555659,1.023785814358606,1.0404007672015476,1.0541906082477914,1.0676798360721311,1.0854168208420172,1.1069067338377263,1.1177351119121555,1.130027447945106
willr_30 <= -18,-0.007452411,98878,81924,16954,12.31,-11717.783534864753,-1629.339500913593,c087f74a8ef9fdefe2bfbfe4c42e7c177e68996d73089fae9a8de15f5638210d,30,-0.003967778757214546,27.36,0.8219023799002426,0.8219023799002426,0.8662123560612343,0.8999252196684105,0.9236963650877346,0.9462699995729618,0.9681628597827923,0.990785208536438,1.010096072022442,1.0319623854505724,1.0470802856504102,1.0579367884341795,1.0678746580799097,1.0749076390020222,1.0809530850606779
willr_30 >= -7,-0.007456803,98878,7034,91844,11.53,-389.556363026335,-96.41901922695979,69dfb876a37c1daf9322a675d7db45858b16e638e7217cc78e1177c12ffb23dc,30,-0.003480547573417425,26.88,0.9349667726936642,0.9349667726936642,1.039144033528157,1.1031804134700796,1.1982865740401842,1.2191826440142466,1.224937907590043,1.2245881290435108,1.2492013025069317,1.23422282072303,1.228153526068659,1.2490679643804106,1.2836306042329861,1.325511268782527,1.3832984216209108
aarou_10 >= aarou_14_sft_3,-0.0074652475,98878,46395,52483,12.16,-6428.986816346318,-898.9538954571544,0f031b3780e6467809600593d6806420193325d9573f332c17b627db66a26893,30,-0.00041218340629711747,27.43,0.8340233577288559,0.8340233577288559,0.8946888980422891,0.9319430101744242,0.9785901512422657,1.0005287901986575,1.0236474878197928,1.0400846628077052,1.0640798662395918,1.0880097300748874,1.1042772687835911,1.1217797485246654,1.1392243601908898,1.1518379048704892,1.1764599450737365
rsi_20 <= rsi_14_sft_3,-0.007473149,98878,48290,50588,12.17,-4911.447502874498,-846.623047211513,f60792ba6ac5baece5de7ac90117c85055d233a86016db65a9b1851d8a518ee9,30,-0.003453032812103629,27.29,0.8694834554178168,0.8694834554178168,0.9123040220344303,0.9480484638880113,0.972023499440539,0.9901056490860022,1.0028126353613966,1.0171653367856948,1.026408973876741,1.044360793080535,1.0512638188032326,1.0651841902366874,1.082600786327287,1.082680252239096,1.0900650063288633
aaro_14 >= aaro_14_sft_1,-0.0075112777,98878,74356,24522,12.28,-10240.88772153695,-1422.0755893498208,fa1fba1a54e25d7a96ab29b0d7c633f260580ef2319f10dc44e85c501c26793f,30,0.003098779357969761,27.52,0.8346195972601498,0.8346195972601498,0.8828370832094051,0.9230795481755919,0.9513219174646219,0.9763974719004731,0.9974335362411723,1.0134281144609798,1.0307758631906516,1.0484758321174166,1.0668359684882462,1.0853779475254803,1.097074743340021,1.111977582678831,1.1255383890523243
aarou_5 <= aarou_5_sft_2,-0.007525451,98878,70732,28146,12.26,-8448.775298466971,-1320.1967509656388,11ecda3140789fc7bb03c4e9ce6db1e36d26d05f5895e9047d4b04d8e05db454,30,-0.0024283749517053366,27.38,0.8546554944697672,0.8546554944697672,0.9099713284061756,0.953979836251175,0.9766087102102994,1.0018553478066854,1.020523852667687,1.0414344707374925,1.0574630940578695,1.066654224731321,1.0800718034738979,1.09323774245017,1.105643478512602,1.123854223472881,1.134384227006841
stdev_5 <= stdev_14,-0.007531691,98878,84327,14551,12.32,-10987.378353053184,-1636.955276026929,76cc05d7e847d59489f80a379ae9909f097acc0055c98dd465d85c99099ff3c8,30,0.00028864742489531636,27.45,0.8403011841031786,0.8403011841031786,0.8967927207726122,0.9319036779091807,0.9598391011683253,0.9866422008965461,1.0147217308631131,1.0338993097683384,1.0481419625480801,1.0626310753924118,1.079271217414826,1.0983434136347023,1.1132024666086282,1.1243493385283971,1.1362934132081965
aarou_10 <= aarou_14_sft_2,-0.0075336252,98878,66149,32729,12.24,-8773.011905715346,-1279.551678535805,11ecda3140789fc7bb03c4e9ce6db1e36d26d05f5895e9047d4b04d8e05db454,30,-0.007202629465609789,27.22,0.8391581903440921,0.8391581903440921,0.8914076060766617,0.9361870689941912,0.9586541826146118,0.985062052483486,1.0115431695928527,1.0368606060330354,1.0455949061547964,1.0541977136445948,1.068170567841751,1.0798452751355585,1.0937142256454317,1.1097824463526258,1.1175843140439043
minus_di_5 >= 7,-0.007537121,98878,86488,12390,12.32,-11090.568026608064,-1730.5441239988431,a06e18f5f366aa3040f30d3f53c74e6c3d30e6b8f15e9282eabbaa7fe9dd85a0,30,0.014268414117395878,27.69,0.8401188970791486,0.8401188970791486,0.8942562552310327,0.924123242476258,0.948403035402524,0.9745920374066798,0.9991296224940819,1.021292388019203,1.0394266636684188,1.0577102101674405,1.073293630830784,1.0866490752181954,1.101745171070631,1.1142910911636403,1.1272587123013569
mema_5 >= High_sft_1,-0.007543217,98878,15472,83406,11.84,-1945.0256269774482,-266.8828140853584,b49daa998de516ee8744d85f0961964bee1fbf801ca0904e585341376b8b86ae,30,-0.001452272292226553,27.29,0.8442863081300942,0.8442863081300942,0.9039762874452485,0.9597454318290729,0.9775434749467469,1.030438295405896,1.0794832872388724,1.095095333642688,1.1240071832917315,1.1482981886955363,1.1683296346873384,1.1867729699719374,1.1850898121094493,1.1845464513303052,1.2259419999705736
atr_10 >= atr_5_sft_2,-0.007562088,98878,56128,42750,12.2,-8844.21805629523,-1147.2065100437685,532171b4b026df3b7d23c8264137467a8cc80a53ca41565a8c760a4fc7c55907,30,-0.007561879698187113,27.15,0.8086109511675991,0.8086109511675991,0.8639969457827109,0.9041542014042127,0.9385771580617742,0.9572072808894558,0.9766512688058924,0.9953027635399242,1.0144843958635301,1.036721578482122,1.0517746109361286,1.0700244168797928,1.0858968838390175,1.0981367698733377,1.1127315857552085
aarod_5 <= aarod_14,-0.0075851646,98878,66579,32299,12.24,-8963.425627075401,-1283.3046090704229,1c17b055d6052442bbc23e9c5f48c3b369df45790e4212d5edae44425931e847,30,-0.00017211391241289675,27.44,0.8366012025021642,0.8366012025021642,0.8910955889974704,0.9224634464920908,0.9497943509835747,0.9711753021218384,0.9949381101820731,1.0201022099140846,1.0356091094625273,1.0505553995248762,1.0659889178367328,1.0845834215788575,1.1058160880576808,1.1171086928560874,1.129228413499703
mema_50 <= High,-0.007594431,98878,54180,44698,12.19,-7059.858444349162,-956.0907295328361,272a901e1625028460b95370368ae350ea9835e10fc1933b41122586149e5de3,30,-0.011596845462918282,26.97,0.8485870093279819,0.8485870093279819,0.9230798457539013,0.9798179666577077,1.0229782284905216,1.0589212591509163,1.0915694376685994,1.120128345430167,1.1462780521940752,1.1660704325555633,1.177246308555581,1.1878602901743252,1.2034039272744785,1.2204443913988947,1.2320915066781488
mom_2 <= mom_5_sft_2,-0.0075965915,98878,49925,48953,12.17,-5215.861214871758,-908.2503589344342,99b230403b43b61a62d1e1bb62b812e1617b1ac927f76ee434dad8be358b43f3,30,-0.002215868327766657,27.35,0.8716796224390805,0.8716796224390805,0.943542468890924,0.9863157830900531,1.0221150177116656,1.0502057120247787,1.0777637651285878,1.0896721848804622,1.0993657465895532,1.1078027001559108,1.1136505158321508,1.1254961500653562,1.1489410131299533,1.160412530484076,1.1703585361115043
stdev_14 <= stdev_20,-0.007600702,98878,69576,29302,12.26,-10127.214599770177,-1342.6488826953719,76cc05d7e847d59489f80a379ae9909f097acc0055c98dd465d85c99099ff3c8,30,-0.006307430565357208,27.26,0.8224156500552434,0.8224156500552434,0.8798017265566285,0.9172936434998594,0.9476192780393498,0.9729509429215724,0.9951411834448092,1.011928354833786,1.029197545638781,1.0517706510181108,1.0714929070344945,1.0900517170893393,1.1034006746335787,1.1143283671484987,1.1299370896818004
mom_20 <= mom_20_sft_3,-0.007608336,98878,49999,48879,12.17,-5974.527489708849,-915.4511996725414,99b230403b43b61a62d1e1bb62b812e1617b1ac927f76ee434dad8be358b43f3,30,-0.0011419474612921476,27.39,0.8464922297843724,0.8464922297843724,0.8805165673495398,0.9208043900448376,0.9500162763649226,0.9724564450327501,0.9944108249405438,1.0097366226437445,1.0237276686655732,1.031958473170389,1.0382548665950833,1.0558167218054768,1.0859622330504584,1.0967149916341243,1.106736686016054
aarod_5 <= aarod_20_sft_3,-0.007624246,98878,52206,46672,12.18,-7981.080752944342,-1068.1245638580222,1c17b055d6052442bbc23e9c5f48c3b369df45790e4212d5edae44425931e847,30,0.00241063442081213,27.55,0.8197244351500151,0.8197244351500151,0.8734273658368689,0.9077743513076951,0.9369614404849835,0.9607298311184089,0.98554017690999,1.0121697011090771,1.0292922249472967,1.0470104206628146,1.065418726045947,1.0823020049716736,1.1044532116866645,1.1129993715817752,1.1177076102196197
minus_di_5 >= 1,-0.007627762,98878,97761,1117,12.39,-11532.6938932659,-1849.5356012454358,a06e18f5f366aa3040f30d3f53c74e6c3d30e6b8f15e9282eabbaa7fe9dd85a0,30,0.0074113658629357815,27.48,0.856673846931424,0.856673846931424,0.9134517719676506,0.950374740940294,0.9788283298954845,1.004761117397474,1.0290795404134492,1.0471197560624717,1.0627095281626642,1.0769970493935643,1.0899598096855592,1.1020778521587873,1.1150895931752205,1.1278316719400343,1.1411861388507334
plus_di_30 <= 4,-0.0076628495,98878,129,98749,5.43,-18.734156584367156,-2.0523999801662285,14a9c3710fc1b17e882c866201c8dfd17bc6a0c5cee2921d8c0a77ac8ad2afa3,30,0.0,0.0,0.6435380130089648,0.6435380130089648,0.7955774503217173,0.9805754406878765,1.3032056298988863,1.6770993346034166,2.1336514599431333,2.637788732177756,3.077302777487195,3.3468357176008134,3.408483205844439,3.7646223451024623,4.02491590745165,4.0151462058914005,4.078746713320516
aarou_20 >= aarou_14_sft_1,-0.007680389,98878,66167,32711,12.24,-9547.918384411842,-1303.1529828332714,0f031b3780e6467809600593d6806420193325d9573f332c17b627db66a26893,30,-0.003636180190369487,27.33,0.8254507467098806,0.8254507467098806,0.8812606049264455,0.9143863237811496,0.9494917235009218,0.9815735318520851,1.0019693335978181,1.0192821945921957,1.0344936545679633,1.0477839970009513,1.0596876869770178,1.069386586308713,1.0831719659630994,1.0936350649135298,1.1093350967744322
adx_10 <= 12,-0.007681407,98878,1292,97586,10.22,-398.0726789435721,-49.48287472167431,3c92cb65188a6807549ad02f373e5063a01a53cbce3d2b8fe4af860199995f57,30,0.00028169958386570215,27.55,0.6150842753498137,0.6150842753498137,0.6614376052053702,0.66317377078887,0.6865594484105263,0.747154299327123,0.7993638071237539,0.8429318001633082,0.8898588899308794,0.9633525611769853,1.1180298816660472,1.1697526612953697,1.173909047985889,1.179869416032203,1.2341300660611825
minus_di_10 >= 18,-0.007695904,98878,63113,35765,12.23,-8650.436505378406,-1309.4156016734196,a06e18f5f366aa3040f30d3f53c74e6c3d30e6b8f15e9282eabbaa7fe9dd85a0,30,0.02611592411994934,28.32,0.8223608349773107,0.8223608349773107,0.8754572302792598,0.9097525130628653,0.9361356726471944,0.9663208464833534,0.991733803297054,1.0182188651259136,1.0432259991528423,1.0760770941350928,1.1005552511966092,1.1218397312508657,1.1383984342250268,1.1551755164001851,1.1683843599362358
sma_10 <= Low_sft_2,-0.0077043725,98878,24296,74582,11.97,-1999.2384338637712,-407.20423004330223,984863a5cb13aec2699710705080435de7dea983a917ddee35d0db64a2bad484,30,0.007421778980642557,28.03,0.8983809665380942,0.8983809665380942,0.9856910816517203,1.0399780182486422,1.070481551193999,1.116287301688646,1.146592130505441,1.165448579930145,1.1824580080453893,1.2003576957305206,1.2183073209310558,1.2380605678592127,1.2638687116235787,1.2858729277065404,1.2874355806360225
mom_20 >= mom_10_sft_3,-0.007730136,98878,49395,49483,12.16,-7507.294943851637,-911.7690550570769,eaab1708ca388033e741f56742381a7a1263cfafa2fbe8f413d450736cce3e74,30,-0.01135119516402483,26.94,0.824766477961913,0.824766477961913,0.8920067544714342,0.938471210061952,0.978515497781131,1.0164211992423218,1.0523397370971561,1.0803066559951204,1.1042230214129027,1.1189009379120531,1.1341263884410842,1.1347913700362868,1.140341081487687,1.1534268037358313,1.180362821448793
mema_10 <= Close_sft_1,-0.0077316933,98878,47768,51110,12.15,-4776.882417268622,-843.5461370233679,7bbedcb317d5c12750ad9ed3d218721554e71f07d9c51daeb72ddac27b693913,30,-0.0035782097838819027,27.28,0.8820182031501298,0.8820182031501298,0.9465527985512402,0.9841263626238113,1.022130876544037,1.0560852667911356,1.0811532877329408,1.108257396318255,1.1279797565669065,1.13741280068635,1.1531717050377082,1.1644852723200956,1.1796739830853058,1.1946800959152812,1.2015359548831555
willr_30 >= -10,-0.0077400734,98878,9613,89265,11.64,-1010.5730972885649,-146.64054407608637,69dfb876a37c1daf9322a675d7db45858b16e638e7217cc78e1177c12ffb23dc,30,-0.0021635200828313828,27.15,0.8816687501734867,0.8816687501734867,0.985335686833891,1.0665705564407748,1.1301268548001968,1.1791114771100553,1.198646569516455,1.191289867060177,1.1991471952711714,1.1934765645168957,1.2062743789914043,1.234852443522881,1.2701819769860474,1.294058327935284,1.348723144506507
sma_5 <= Low_sft_2,-0.007776094,98878,14673,84205,11.8,-503.1137031558974,-237.46455969200179,984863a5cb13aec2699710705080435de7dea983a917ddee35d0db64a2bad484,30,0.008862118236720562,28.39,0.9507672641120578,0.9507672641120578,1.0336758801159653,1.057610700379505,1.0739287889996816,1.094206653020047,1.1097535152969396,1.1150356128263583,1.1262199880451802,1.142980493599645,1.152066075492568,1.171506859913968,1.187303678500681,1.1968535182122817,1.2005276281115824
adx_5 <= adx_5_sft_1,-0.0077982303,98878,46737,52141,12.15,-7222.364321788533,-963.4098820365689,234f8ad1c2baf91b95c9f1aef2798b533888ce55558d2a8e51c247014080fabc,30,-0.004264362156391144,27.24,0.8134946458580443,0.8134946458580443,0.873900755061435,0.9071007760658417,0.9217751364175912,0.9455135070386412,0.9681372039047282,0.9941302544683904,1.0131977529036296,1.035305164751443,1.0491080183879014,1.0613899414225825,1.0725945518342217,1.084135229568678,1.0939529079705208
mema_10 <= Low_sft_2,-0.007805846,98878,21672,77206,11.93,-1804.5701192968336,-335.3903828707844,f2e93f04b3d2a46ee10823902064b64ae41106b8f01252b29032fe26a3290c3e,28,0.008882773108780384,27.71,0.8934849359453806,0.8934849359453806,0.9731619602410408,1.0381076131747624,1.061086272402526,1.0911155427014496,1.122099099422641,1.1384368566489622,1.1466804908045773,1.1632388738094501,1.178555392078873,1.1979063977514144,1.2297000785282128,1.2524148298544775,1.244689421343551
mema_100 <= Close_sft_1,-0.007844937,98878,44283,54595,12.13,-4473.290098022921,-702.4712029030197,7bbedcb317d5c12750ad9ed3d218721554e71f07d9c51daeb72ddac27b693913,30,0.0028513213619589806,27.59,0.877284908028893,0.877284908028893,0.961331475681369,1.0230775035224378,1.0749542812732038,1.1212581233419585,1.1603569717083115,1.1986580606095865,1.2361189545630957,1.2653548232730216,1.2857409092677892,1.3073988175818063,1.3312874760298916,1.35476445632995,1.3719332331684435
willr_30 <= willr_10_sft_1,-0.007845046,98878,51704,47174,12.17,-6181.849237037164,-986.2294254446242,1427ae29e5c4ed561613e902f1f63301f41038d7cf9fdf54aa945c6a3e2bca60,30,0.0057115028612315655,27.69,0.847219834563923,0.847219834563923,0.8917431104161183,0.9269415539754101,0.9558966980728679,0.9861699927358998,1.0096139360681522,1.0277849368895966,1.0456183570440198,1.0737853257643146,1.0926385526847668,1.111048124601874,1.1288967288115506,1.1407429568875591,1.1443295342570654
willr_30 <= willr_14_sft_2,-0.007860925,98878,51513,47365,12.17,-6218.92569716871,-988.0937460914574,1427ae29e5c4ed561613e902f1f63301f41038d7cf9fdf54aa945c6a3e2bca60,30,0.0005122751463204622,27.47,0.8466905434070288,0.8466905434070288,0.8962568308529631,0.9363320331698618,0.9646200604958745,0.9853827872707451,1.002616760442621,1.024881858886193,1.043563116941,1.073210323230983,1.0884536590345408,1.1037791817786928,1.12105539535401,1.1240153605358363,1.129518111860243
mom_5 <= mom_10_sft_1,-0.007888921,98878,49593,49285,12.16,-5284.851604720323,-929.4200804142238,99b230403b43b61a62d1e1bb62b812e1617b1ac927f76ee434dad8be358b43f3,30,-0.0040235454216599464,27.27,0.8699748487526939,0.8699748487526939,0.9302824133062912,0.97658348509426,1.0043609281362187,1.0226822283821466,1.0409767547145548,1.0574465583162007,1.0729200900273979,1.087333544685303,1.1009276794410368,1.117096046504261,1.1333416803437275,1.1508508231541628,1.1626751706187497
bb_lower_2_10 <= Low,-0.007893445,98878,85495,13383,12.32,-10594.363869386067,-1616.0241098441256,b7ad82b511400bed7e0b17748ce288ee8f3f2ede56b33dfde9aebcf2610f7a03,30,-0.001129190786741674,27.42,0.8512109293728352,0.8512109293728352,0.9026966881444372,0.9419370960069436,0.9771338548325874,1.0026719305800293,1.0256362163705992,1.0425745016457757,1.0590814790837688,1.0757074607324004,1.0930445565922224,1.1069260499822515,1.11893637893861,1.1324335280564113,1.1448139390632455
bb_upper_2_10 >= bb_upper_2_10_sft_1,-0.007910219,98878,48871,50007,12.15,-6164.512391993827,-948.3422286622517,2b12f1a24b5e2be255bd7327d40ce3105a7cd48cdc1cc2d1ac037ab6015a19a3,30,-0.00818733312189579,27.08,0.8525123627470559,0.8525123627470559,0.9150435589317714,0.9630652706496297,0.9975649219181291,1.0228602407429506,1.0378881136047546,1.0582540262582012,1.080781998842929,1.0955234578096171,1.1156080868124327,1.1272798545893827,1.1360625438532193,1.1505064944195431,1.1725023566290809
rsi_20 <= rsi_20_sft_1,-0.007916094,98878,54013,44865,12.18,-5293.535807432792,-958.5834139227518,f60792ba6ac5baece5de7ac90117c85055d233a86016db65a9b1851d8a518ee9,30,-0.004453560803085566,27.26,0.8717450739292629,0.8717450739292629,0.9219679428005291,0.9477311838006484,0.9730387470169855,0.9942066339680148,1.008825614567239,1.0279959047110647,1.0470122571020826,1.0692256539762124,1.0815876464055794,1.0996492863221705,1.1165988668657836,1.1311359262830847,1.1334663089239294
mom_10 <= mom_20,-0.007932593,98878,49953,48925,12.16,-6539.292581405272,-876.9128574582792,99b230403b43b61a62d1e1bb62b812e1617b1ac927f76ee434dad8be358b43f3,30,-0.010542329400777817,26.98,0.8426762400584259,0.8426762400584259,0.9052371212261214,0.9430628445408854,0.9671408132883954,0.998028783598403,1.0175383580558077,1.0339887636814953,1.0534416498613859,1.076191318924216,1.0905739472188405,1.0984651787782493,1.1097516709204016,1.1250704140361418,1.1428461106278562
mema_20 >= Low_sft_2,-0.0079343235,98878,67724,31154,12.24,-11145.934527002613,-1454.9256461728946,e7e0f1d344c8e3b4344908a65185f87340bab0bfe5216b7073401aaebfc88a19,30,-0.009650420397520065,27.15,0.7976092504029294,0.7976092504029294,0.8420396047070902,0.8678984986117487,0.8924792659277243,0.9190125420397078,0.9374178762897927,0.9586473385664172,0.9837667133731846,0.9978160023577154,1.0140494389338257,1.0201532434789518,1.0255607950045458,1.0339348315266996,1.0453716813653653
aarou_5 >= aarou_5_sft_2,-0.0079465,98878,52401,46477,12.17,-6435.493722364814,-1004.8282088912601,0f031b3780e6467809600593d6806420193325d9573f332c17b627db66a26893,30,-0.005604385863989592,27.21,0.8517309692462139,0.8517309692462139,0.9039765186377688,0.9389869515084779,0.986106912000916,1.0160639797371696,1.0435551186558523,1.0577073143180018,1.0744914773870027,1.0942991510559053,1.0995663510423328,1.1091871317013298,1.1235482796527192,1.1302095388299467,1.1525668208001718
aarou_30 >= 24,-0.00795184,98878,65313,33565,12.23,-7965.558294890467,-1164.996610395261,dcb58ce780511e98834e39247d27a6ee8873b25591939e1839bb93ebed46e76d,30,-0.019676508381962776,26.82,0.8535486404140018,0.8535486404140018,0.9107630424180189,0.9501641567608968,0.9812504738804952,1.003248383782901,1.0234787535591445,1.038721166396843,1.0500346078955842,1.0567460106239757,1.0658346798639187,1.079462732087036,1.0926994394414693,1.106105909099398,1.120701792739278
willr_30 >= -13,-0.0079609025,98878,12079,86799,11.71,-1541.7898610225093,-219.8978377007661,69dfb876a37c1daf9322a675d7db45858b16e638e7217cc78e1177c12ffb23dc,30,-0.002012158278375864,27.2,0.858084588434377,0.858084588434377,0.9620858831197371,1.046152752321621,1.1199094863329266,1.168603232298817,1.1950213779000995,1.1995796683646738,1.2267229037605552,1.2181067839460225,1.2365142150847104,1.2624905048333235,1.2932430299640767,1.3285036507502594,1.3767682015636924
aarod_14 >= aarod_30_sft_3,-0.007981058,98878,46632,52246,12.14,-6240.478419695577,-872.6756440910904,010ce60baf3de2cf8c4bcfd243c9185441a26efa8e16690af1f746cc88b42f78,30,-0.011310352012515068,26.91,0.8335617808863544,0.8335617808863544,0.8867551852432733,0.9192774613683392,0.951081862318566,0.9751099311851958,0.9974111176657686,1.014425664975893,1.0278868521350528,1.0450781932196973,1.0676248947102058,1.0880541491995475,1.1080981565239658,1.1227593077654434,1.1352083719888673
minus_di_5 >= 8,-0.007985897,98878,84116,14762,12.31,-10872.348581288756,-1684.531541347831,a06e18f5f366aa3040f30d3f53c74e6c3d30e6b8f15e9282eabbaa7fe9dd85a0,30,0.012809383682906628,27.68,0.8385479462964531,0.8385479462964531,0.8940146212403157,0.9239977915028477,0.9476434979415116,0.9747786934840585,0.9979246169242675,1.0200650577537211,1.0385003026467705,1.0564379232978183,1.0734609952142007,1.0861019135833538,1.0997076303043603,1.1138695425696146,1.12642386541551
aarod_14 <= aarod_10_sft_1,-0.008026444,98878,48556,50322,12.15,-7279.8377458803125,-1007.1780769241086,1c17b055d6052442bbc23e9c5f48c3b369df45790e4212d5edae44425931e847,30,-0.008167645893990993,27.07,0.8175202792161519,0.8175202792161519,0.880580707727234,0.9263338945870825,0.9393550455230655,0.9616022697878689,0.9814854580142613,1.0117293232958393,1.0381222511041102,1.0486718743574894,1.0651840978632574,1.0863302577517175,1.0942615610270379,1.113423646644649,1.1239448091658406
mema_100 <= Low,-0.008030803,98878,39209,59669,12.09,-3630.1802887429985,-573.5812350802007,f2e93f04b3d2a46ee10823902064b64ae41106b8f01252b29032fe26a3290c3e,30,0.002229291945695877,27.57,0.8874783601715175,0.8874783601715175,0.9765979626060357,1.044658573162862,1.100342086418379,1.1537272732082757,1.1949969620750407,1.234661149338717,1.2717991429042559,1.301156878845556,1.320850629417281,1.3374193257487723,1.3606547279636951,1.3870823134992196,1.4085026780895566
aarod_5 >= aarod_10_sft_1,-0.008032435,98878,51809,47069,12.17,-5893.668117955403,-1041.7230640783673,010ce60baf3de2cf8c4bcfd243c9185441a26efa8e16690af1f746cc88b42f78,30,-0.00698603643104434,27.15,0.8591800865174962,0.8591800865174962,0.9041110739963194,0.9431325365754035,0.9743736491344432,0.9992028222747891,1.01440070327249,1.0254307386557446,1.0458284571862138,1.0716941624617018,1.0866021251034241,1.0997398108436474,1.111973631662165,1.1240086027508525,1.143511292545893
aaro_20 >= aaro_14_sft_2,-0.008036487,98878,51013,47865,12.16,-7915.906682123595,-1013.3969437436535,fa1fba1a54e25d7a96ab29b0d7c633f260580ef2319f10dc44e85c501c26793f,30,-0.005554701667279005,27.2,0.8110805446354398,0.8110805446354398,0.8586647407335317,0.8973693039799266,0.9380800913515793,0.9664469037212898,0.9823030802890728,0.9946554013026578,1.0177807633261224,1.0378202292754,1.0541268418207523,1.0682821145291046,1.0844554723257895,1.092402387659539,1.1160040350325264
willr_30 <= -16,-0.008036594,98878,83813,15065,12.31,-12010.02915711547,-1682.386633903996,c087f74a8ef9fdefe2bfbfe4c42e7c177e68996d73089fae9a8de15f5638210d,30,-0.006143944803625345,27.33,0.8219911513745678,0.8219911513745678,0.8675818355356835,0.9006671071752002,0.9249664289377514,0.9488208931383622,0.9736503418186939,0.9967148335077756,1.0146879175056607,1.0366144426066346,1.051194871851646,1.0622943862552519,1.0729910801406168,1.079580577792838,1.084747861840022
aarou_10 >= aarou_14_sft_1,-0.008049588,98878,41354,57524,12.11,-6202.614357854596,-821.2700045809761,0f031b3780e6467809600593d6806420193325d9573f332c17b627db66a26893,30,-0.0014508971944451332,27.37,0.8212476532867268,0.8212476532867268,0.8857277827665263,0.9170449796308173,0.9657310837068781,1.0027669151035776,1.021092544721092,1.0395108299371334,1.0681693189136894,1.0903156301040884,1.1030630324277704,1.1158517104472754,1.1309291680581546,1.1455730116282554,1.1693745802360995
stdev_10 <= stdev_14_sft_2,-0.008070269,98878,64568,34310,12.22,-9612.042459674736,-1273.7475168593664,76cc05d7e847d59489f80a379ae9909f097acc0055c98dd465d85c99099ff3c8,30,-0.004649008624255657,27.29,0.8164427803607187,0.8164427803607187,0.8666458222366414,0.8964341031828965,0.9233222842355983,0.9588253617018383,0.9830149006562098,1.0048388599609899,1.0213520134997804,1.0404679897906495,1.0579015744976883,1.076371658492155,1.0901411313333527,1.1002311304580314,1.1064158957890224
bb_upper_2_10 <= bb_upper_2_10_sft_1,-0.00808033,98878,52901,45977,12.17,-7262.981868101296,-1032.4872858053423,3aa49a56ba366f74cacb6b40add631875fca9bf88d1abae08516bfe7d1357af1,30,-0.0026192902587354183,27.34,0.8260309439137581,0.8260309439137581,0.8733565208886481,0.9018655281801492,0.9291448496910498,0.956464658719186,0.9821609094146424,1.0000889748280446,1.0102534655187414,1.0269953451199674,1.0372648458095806,1.055069241882759,1.074331232461877,1.086736238934235,1.0905679502277916
minus_di_5 <= 21,-0.008081541,98878,50367,48511,12.16,-6620.558276351336,-922.6451420474841,cee77ee220a5e77fe95d20a730179fabcb0f2e40106664424787bbccffac6b44,30,-0.023537887260317802,26.41,0.8524095748875393,0.8524095748875393,0.9104282621868676,0.9469047755158029,0.9750092988676651,0.9981848096782637,1.0213196150178685,1.0401387071495434,1.0498498759105446,1.0518339220150132,1.0603290532958236,1.065281058622298,1.0726391125880115,1.086622692052013,1.0946434153051436
aarod_10 <= aarod_20_sft_1,-0.008093735,98878,64211,34667,12.22,-8659.969781386684,-1307.1583250634721,1c17b055d6052442bbc23e9c5f48c3b369df45790e4212d5edae44425931e847,30,0.001013357425108552,27.48,0.8368714090785139,0.8368714090785139,0.8870338130504416,0.9228827070742103,0.951181206303055,0.9753720404661206,0.996921459286386,1.0195755767683978,1.0391363045434214,1.0612577238276915,1.083849242461879,1.0974707672596706,1.1104547337333004,1.1233090374105437,1.1298503904329764
atr_5 <= atr_5_sft_2,-0.008110689,98878,58045,40833,12.19,-7914.889209333083,-1162.2637417327278,6c56a6e37fe7066fac040219b9e7cfe2398571a456467cde7a8327153ebc94da,30,-0.0062790666706860065,27.21,0.8304787803075604,0.8304787803075604,0.8761947461562754,0.9091691155308934,0.9284312189833055,0.9552558202117633,0.9768841541958909,0.9935165335810882,1.00552252906026,1.0227177551335165,1.0387814484379607,1.0531102842553868,1.0729344447203153,1.0827010083530177,1.0940726058237382
willr_20 >= -12,-0.008117864,98878,12002,86876,11.7,-1482.0584945544979,-210.91083567937312,69dfb876a37c1daf9322a675d7db45858b16e638e7217cc78e1177c12ffb23dc,30,-0.0036046833265572786,27.01,0.8605158339050819,0.8605158339050819,0.957103592590182,1.0408137463440963,1.1249984947636182,1.1774196189513813,1.213504465494824,1.224693831556645,1.2394807286168366,1.2474882354306644,1.2629807193688989,1.2687671717896576,1.2885643554108261,1.3074007119108675,1.355492617087571
sma_5 >= High_sft_2,-0.008122414,98878,15290,83588,11.79,-2073.4766417791398,-293.40496331368195,2a2a894e2395475f18aac8b58b172590d4e9304b0f81f0d6018fc944d30d4b38,30,-0.003907122649252415,27.04,0.8453411041141139,0.8453411041141139,0.9355883812150053,0.9966139413134867,1.0711938308480984,1.131497287948885,1.173848234240588,1.191730974936647,1.2192614615436883,1.2437435146311389,1.2623992001250504,1.2781607030994315,1.2710459824580829,1.2884502801960163,1.319577167603651
aarou_5 >= aarou_10_sft_2,-0.008141386,98878,54404,44474,12.18,-8236.644328246786,-1113.5425761433435,0f031b3780e6467809600593d6806420193325d9573f332c17b627db66a26893,30,-0.004926703404635191,27.25,0.8171798212775078,0.8171798212775078,0.8804574992550743,0.9163997874002084,0.9615007647932078,0.997719519797933,1.0309987599266195,1.048010893401083,1.0597495010640672,1.080365956695131,1.0942290113635382,1.1044133167423629,1.1157585422264167,1.1245492883452364,1.1429262966583562
mom_15 >= mom_10_sft_3,-0.008163487,98878,49935,48943,12.15,-7465.272027235842,-990.779542444463,eaab1708ca388033e741f56742381a7a1263cfafa2fbe8f413d450736cce3e74,30,-0.010454369708895683,26.98,0.8275138031784582,0.8275138031784582,0.8982770306980726,0.9363049664089212,0.9761174634514499,1.0090280281974888,1.0374369449020073,1.0691014339410079,1.0891895595719014,1.1001561949784677,1.1225836154667077,1.129834092628445,1.140743267463304,1.1534554253479998,1.1682105448178197
stdev_30 <= stdev_10_sft_3,-0.008164034,98878,9016,89862,11.57,-1309.970754749098,-174.05422852063202,76cc05d7e847d59489f80a379ae9909f097acc0055c98dd465d85c99099ff3c8,26,-0.0010693080257624388,26.18,0.8244498566274283,0.8244498566274283,0.8766923874771229,0.8843866065687318,0.9075664888958274,0.9294947525383246,0.9433926467873468,0.9616129919069455,0.9628924517226329,0.9650986385623523,0.9676552196009122,0.9837958485647167,1.0017763634626469,0.9954486455902538,0.9851895866686027
sma_5 >= sma_10,-0.008177879,98878,48737,50141,12.14,-5987.488026700979,-887.52283570078,724f0edc848b1caa180dcda4bf9f5a94c2dcd0eddd874575510f7c410089d747,30,-0.0031658578664064407,27.3,0.8595607365338013,0.8595607365338013,0.9143509276269441,0.960646976978319,1.0088663907909898,1.0386661578650955,1.0660408938677097,1.0905874601881853,1.1061405408462657,1.1227195396082794,1.137927486031109,1.1499041149472977,1.1659223074162623,1.1769605420359899,1.1927481632856498
mema_20 <= High_sft_2,-0.008181722,98878,63662,35216,12.22,-6866.522460327782,-1083.5488107581332,272a901e1625028460b95370368ae350ea9835e10fc1933b41122586149e5de3,30,-0.013677681796252728,26.99,0.8702734309200544,0.8702734309200544,0.9221019557985929,0.9681320064455862,1.0011854559337592,1.0292573247904455,1.051051097799089,1.0700567973213349,1.0827580306733042,1.094870302135883,1.1073691823435619,1.122357353511085,1.1366999746137005,1.1440437299417539,1.1555536474185326
aarod_14 <= aarod_30,-0.008190419,98878,66613,32265,12.23,-9867.649412808598,-1398.898243396754,1c17b055d6052442bbc23e9c5f48c3b369df45790e4212d5edae44425931e847,30,0.00039191136602312326,27.46,0.8195590610141258,0.8195590610141258,0.8775584285897723,0.9192693379439529,0.9444333906174514,0.9712082531528006,0.9932670758891898,1.018386688311246,1.0403053971792366,1.0542841112196348,1.0651221638192316,1.0762212785723353,1.0855179050572163,1.0939225933227674,1.100263996638625
aaro_20 <= aaro_5_sft_3,-0.0081971325,98878,51726,47152,12.16,-7207.8797533887455,-1090.172916913878,03178e4886fc07979b0c314ad9c68ba2f86b07645c5f6bfdb6bc96b9669a3c24,30,-0.0006881591980345547,27.42,0.8294144103133206,0.8294144103133206,0.8845693886181709,0.9232522285136467,0.949993659353943,0.9862463531034205,1.0107042856564268,1.033526947493288,1.0506692810559737,1.0674224853957461,1.0930748811869924,1.1085601591135528,1.1172780615555011,1.1296118364137966,1.1393631172058996
minus_di_10 >= 17,-0.008200778,98878,66790,32088,12.23,-9368.738793386707,-1379.3701890831362,a06e18f5f366aa3040f30d3f53c74e6c3d30e6b8f15e9282eabbaa7fe9dd85a0,30,0.026843132451176643,28.28,0.8190387845555426,0.8190387845555426,0.8744250114732338,0.9067930099222031,0.9332282296967692,0.9612419939858169,0.9872855299340312,1.0140067225752236,1.0385456381746827,1.069292872076459,1.092864703163683,1.113045853034928,1.1289857272473762,1.1458171842897285,1.1599181355544512
mom_15 >= mom_5_sft_1,-0.008205965,98878,49385,49493,12.15,-6892.510485098508,-921.9265993373629,eaab1708ca388033e741f56742381a7a1263cfafa2fbe8f413d450736cce3e74,30,-0.011770716868340969,26.92,0.838762377761234,0.838762377761234,0.9062662011453203,0.9503134163260542,0.9771119896609828,1.0152160640972185,1.037723484699575,1.0675255640324732,1.0857936260846732,1.1010134448479922,1.1118599489160366,1.1309930706708582,1.1418905674654862,1.1552652975785922,1.1673603129487513
willr_30 >= willr_5_sft_1,-0.008207534,98878,48467,50411,12.14,-6465.671222880942,-888.2416385528413,c76b2a6e6a9f1e35b75e815a28e530490275498e07d600be2da53b82c81b3953,30,-0.009871372021734715,27.0,0.8413075859284095,0.8413075859284095,0.9034844790337813,0.9513958068691801,0.9805699070115095,1.0057369122783955,1.028622808850727,1.050073139590957,1.0684442305301904,1.0750839697112373,1.0928127724860797,1.1113074701581258,1.116091656587556,1.1317130986048713,1.1494086249894482
aaro_5 >= aaro_14,-0.008218673,98878,51761,47117,12.16,-7583.454681298176,-1032.5179981848996,fa1fba1a54e25d7a96ab29b0d7c633f260580ef2319f10dc44e85c501c26793f,30,-0.002803059061989188,27.33,0.8224253056106099,0.8224253056106099,0.8848423666069902,0.9104955183753932,0.9478692093506849,0.9809437666921097,1.0160203545042312,1.0377896109759408,1.04837795103247,1.0671306702579084,1.0804476893925423,1.094030135026863,1.1126654234511442,1.1221813919512453,1.13102276170325
sma_20 <= High_sft_2,-0.008224167,98878,61394,37484,12.21,-6863.451186104685,-1075.4527986023895,96dbcbed1df94b1ba010b345e5b1a9039b5cdd6019405ebbb50c28754007bf82,30,-0.012451274320483208,27.01,0.8666460258419931,0.8666460258419931,0.913479148151973,0.9586370089053077,0.9933695409006503,1.0259918779375172,1.051073367302693,1.0704739004864334,1.0832604379455695,1.0972452897593012,1.1072431635987465,1.1210651363778672,1.132364682530625,1.1411994924199005,1.149293541607843
mom_2 <= mom_10_sft_2,-0.008242033,98878,49430,49448,12.15,-4954.688974239638,-879.1682125883817,99b230403b43b61a62d1e1bb62b812e1617b1ac927f76ee434dad8be358b43f3,30,-0.0024490603245794773,27.34,0.8786886799962769,0.8786886799962769,0.9405621289124625,0.987813585586864,1.013321747436022,1.0378641472542642,1.0635499264393498,1.075492569030959,1.0877034350434571,1.1105343826782907,1.1189158786929736,1.1379521029974258,1.1580708412746157,1.173667151792507,1.1794059737637304
minus_di_5 >= 6,-0.00824769,98878,88760,10118,12.33,-11240.319068064247,-1774.5280174465224,a06e18f5f366aa3040f30d3f53c74e6c3d30e6b8f15e9282eabbaa7fe9dd85a0,30,0.012030290439724922,27.63,0.8427748450659595,0.8427748450659595,0.8975482021451077,0.9281341949296615,0.9533994898890393,0.9792650834146929,1.001544758273264,1.0232267264577664,1.0406220522015106,1.0573517516298379,1.072312574353478,1.0841554472976616,1.0986666629811128,1.1115873167071293,1.1255185520238375
aarou_5 >= aarou_10_sft_1,-0.008255318,98878,52361,46517,12.16,-7892.298230115266,-1073.6810985383563,0f031b3780e6467809600593d6806420193325d9573f332c17b627db66a26893,30,-0.00683111697435379,27.16,0.8184068847493763,0.8184068847493763,0.8719568468084673,0.9088698580996343,0.9607673013504436,0.998048225776568,1.0268348105323482,1.0493015386769966,1.0632965802811352,1.0804657122609658,1.0960903982509207,1.1064238771224397,1.1196563178914254,1.1271034614578015,1.141532699915909
willr_30 >= -11,-0.0082562445,98878,10293,88585,11.62,-1152.5239305362484,-168.65133296336717,69dfb876a37c1daf9322a675d7db45858b16e638e7217cc78e1177c12ffb23dc,30,-0.000438368646427989,27.39,0.8746485782364639,0.8746485782364639,0.9876270922208021,1.0720472529865888,1.1523382356349088,1.2026235762140944,1.2194502205248887,1.2161543978635219,1.225678069826228,1.2158860165366427,1.2325873989690286,1.2603583677704435,1.2958606738720146,1.3276471156853622,1.3751275643060135
mema_5 >= mema_100,-0.008262527,98878,44378,54500,12.12,-5108.1067331511185,-751.0295695961977,da871536f9280a0159baee359a9496c73c67bcc656bfb6cada940a1228de3547,30,0.004670139402151108,27.68,0.8618730350900283,0.8618730350900283,0.9468928432818309,1.0127403469663618,1.068441818949052,1.1170427857499388,1.158274627564732,1.1986650346271872,1.2371787497791134,1.2684938954698304,1.2903081866190922,1.3126472426937734,1.3353637689098792,1.3595824962119865,1.3840255219722875
adx_5 <= 19,-0.008266299,98878,2903,95975,10.85,-640.2285630068509,-73.5581788679192,3c92cb65188a6807549ad02f373e5063a01a53cbce3d2b8fe4af860199995f57,30,-9.750493336468935e-05,27.42,0.7263175880858377,0.7263175880858377,0.7621255390543196,0.7323199786545772,0.7161110704106095,0.76977253714803,0.8010938059301729,0.8389364464758695,0.8396120248689191,0.8556337868473588,0.867967261603413,0.9228518810175583,0.9352598133137972,0.974555013844392,0.9933042433315166
aaro_14 >= aaro_20_sft_2,-0.008302606,98878,50895,47983,12.15,-6527.488444999413,-1003.8688253991859,fa1fba1a54e25d7a96ab29b0d7c633f260580ef2319f10dc44e85c501c26793f,30,-0.0019090411951765418,27.36,0.8442402833987075,0.8442402833987075,0.9025481800884081,0.9407201787490922,0.9766177512406016,1.0014550354899214,1.0290182594286754,1.0540018246721217,1.0796044685348476,1.0999276196784966,1.1170278009261179,1.1357139764243376,1.1510748999557971,1.1557662026735942,1.1597590278816026
aaro_20 >= aaro_20_sft_2,-0.008335123,98878,70014,28864,12.24,-10144.867671766035,-1411.4441189376594,fa1fba1a54e25d7a96ab29b0d7c633f260580ef2319f10dc44e85c501c26793f,30,-0.0030056925024837255,27.36,0.8249805331189028,0.8249805331189028,0.8796593821679867,0.9127111434063553,0.9439033327402988,0.9708951054158471,0.9974408341308174,1.0121219717732757,1.0316312670695347,1.0492599743801139,1.0680964823476509,1.0819067755022107,1.0971615983125749,1.0999448907009164,1.110319045649637
aarod_14 >= aarod_30,-0.008336956,98878,43855,55023,12.11,-5357.269413439939,-780.7021136265612,010ce60baf3de2cf8c4bcfd243c9185441a26efa8e16690af1f746cc88b42f78,30,-0.006841887719929218,27.1,0.8475741534743391,0.8475741534743391,0.8988947179463882,0.9345587945099685,0.9691932016039927,0.9946150806630148,1.0219665049588658,1.0334018051276246,1.0451963963363355,1.0661276107945126,1.0847415514816456,1.103432713924517,1.1249175423765878,1.1399773311048307,1.1572230052537418
aarod_10 <= aarod_20_sft_3,-0.008337013,98878,58018,40860,12.19,-7910.806137237262,-1167.3377690276757,1c17b055d6052442bbc23e9c5f48c3b369df45790e4212d5edae44425931e847,30,-0.0028536366298794746,27.34,0.8357513801634356,0.8357513801634356,0.8859986191919846,0.9183662856270627,0.9460951854684224,0.9779920928026926,1.0004019078004118,1.0220846204186809,1.0406077462494252,1.0653267648852023,1.0857107588217487,1.0968439228623095,1.1084894381388666,1.1142619209488454,1.1220093648449259
mema_10 <= Open,-0.008340445,98878,47719,51159,12.13,-4847.583207595344,-841.4250417986332,3f09a8cfd91be85ac3ab2cd04a48d69ab7c7071f9e008243aa343f4a8d621b5b,30,-0.004283684305846691,27.25,0.8802262923371429,0.8802262923371429,0.942376519217404,0.9818431165805896,1.017175454535121,1.049100074690148,1.078690846800857,1.1055622593376626,1.1215869936909488,1.1301560466832892,1.1436442826487891,1.1548726829319784,1.1718514460772107,1.1881428695009186,1.1967212907094338
aaro_10 >= aaro_14_sft_2,-0.008341516,98878,51053,47825,12.15,-6626.731782660864,-990.0097061475171,fa1fba1a54e25d7a96ab29b0d7c633f260580ef2319f10dc44e85c501c26793f,30,0.0017024790868163109,27.52,0.8429078576016413,0.8429078576016413,0.8935370712716241,0.9332445645249332,0.9760000674538888,1.0068534296634841,1.0258383674011957,1.0350989225701495,1.059488763494167,1.0831987683335214,1.0979438238183787,1.113646178515509,1.1284133610760767,1.1408577754021385,1.1557959482516653
willr_20 >= -16,-0.008389581,98878,15464,83414,11.78,-2179.044976889607,-289.1350891996699,69dfb876a37c1daf9322a675d7db45858b16e638e7217cc78e1177c12ffb23dc,30,-0.0037490203976631165,27.06,0.8438595252527988,0.8438595252527988,0.9424470606916393,1.0140652420444378,1.10166480252349,1.1542209610252332,1.1934446592945842,1.209957566202497,1.2381797867998683,1.2405996493746791,1.2552902194995834,1.2704933579119244,1.2858840726102947,1.3236332700634887,1.372719883433351
aarod_5 <= aarod_10_sft_2,-0.008409333,98878,60272,38606,12.2,-8182.901853154795,-1126.1629524461096,1c17b055d6052442bbc23e9c5f48c3b369df45790e4212d5edae44425931e847,30,-0.0024905200116336346,27.36,0.8367653143485386,0.8367653143485386,0.8893542984140222,0.9248365287320126,0.950985117077807,0.9737465307294472,0.9999509642111682,1.0257482625215484,1.0435845690615961,1.0533327053489783,1.0679343375000219,1.0889557255721378,1.1093147312706058,1.1205601378563537,1.1316687911728498
plus_di_14 >= plus_di_14_sft_3,-0.008413692,98878,40884,57994,12.09,-5976.298803082464,-750.8589360263795,e29890bc12ea37e8ab50982e55f5d20643af7c43a2ddc27569a065e219a2f597,30,0.00020314817083999515,27.46,0.8269926533194016,0.8269926533194016,0.8939892992149766,0.9425255891907557,0.9836363056374955,1.0142323520236287,1.040642502130515,1.0644384359061188,1.0927691702610327,1.1137546133229361,1.1279580778166194,1.1390498182392552,1.1426513035501242,1.1657030474844918,1.1790057755627852
willr_20 >= -9,-0.008416447,98878,9443,89435,11.56,-893.0819150777679,-142.89035989953845,69dfb876a37c1daf9322a675d7db45858b16e638e7217cc78e1177c12ffb23dc,30,-0.005446074530482292,26.7,0.8906818456799214,0.8906818456799214,0.9931492349301284,1.0674412851544925,1.1575786649120876,1.2024372344368899,1.2433411125786211,1.2566304482706856,1.2768888506093805,1.277955016472561,1.268845992732107,1.2685639177875332,1.2827125372449464,1.302981625373356,1.3630117919011302
minus_di_10 >= minus_di_5_sft_3,-0.008420225,98878,50669,48209,12.15,-5369.02458917132,-930.1718406253058,a7c5a511f18bc4bc65b530c22aedd665cbba6e43036caf921c03925c9eff7340,30,-0.0072126565501093864,27.13,0.8680444157554124,0.8680444157554124,0.9258657497123965,0.9610646294144666,0.9918613989000534,1.0114465356620157,1.028100617835662,1.0427036293046141,1.0534595334335148,1.0714181269924998,1.085108660246767,1.0993876727266108,1.1126127822909824,1.1139493389697013,1.1237704416336842
aaro_5 >= aaro_14_sft_1,-0.008444596,98878,50978,47900,12.15,-7353.880996668265,-1005.9818757020912,fa1fba1a54e25d7a96ab29b0d7c633f260580ef2319f10dc44e85c501c26793f,30,-0.002579387975856662,27.33,0.8259594912763725,0.8259594912763725,0.8823801248636113,0.916488931923539,0.9538411577812984,0.9855789794079257,1.0188497710340878,1.0391594757034281,1.0531169934211013,1.074742756416716,1.0891225777771552,1.102381145639383,1.1202166494820283,1.1278613448229233,1.13788919418665
plus_di_14 >= plus_di_14_sft_1,-0.008479727,98878,29509,69369,11.99,-4633.724666583811,-563.3438660697648,e29890bc12ea37e8ab50982e55f5d20643af7c43a2ddc27569a065e219a2f597,30,-0.003404023591428995,27.21,0.8185625919554621,0.8185625919554621,0.8826566717964682,0.9246665550680437,0.9667323659906056,1.0059077759933763,1.0278108768740155,1.0433055980754238,1.0634776779062702,1.0834102012594462,1.100668244853272,1.113461141265258,1.1148142702738097,1.12308771419636,1.1507164014915754
aarod_10 <= aarod_20,-0.008487716,98878,70040,28838,12.24,-9209.273085657278,-1429.9179540398327,1c17b055d6052442bbc23e9c5f48c3b369df45790e4212d5edae44425931e847,30,0.0009259444777853787,27.47,0.8394641934978644,0.8394641934978644,0.8877189406849314,0.9206533438496863,0.9504436234348241,0.9729534238234013,0.9950950639828712,1.0148010719477294,1.0346648517800785,1.0558941207544759,1.0765719228532677,1.0913709755044945,1.1042866535004037,1.1164517961176534,1.1253100557511353
bb_lower_2_10 <= bb_lower_2_20,-0.008491381,98878,29730,69148,11.99,-4938.540738714211,-661.0533275643247,1b1f7d2955b86143cbe65db86c488966f4bce7b7721643a6a4f3f03e8b4d5ec5,30,0.0029468266293406487,27.65,0.7941235560026098,0.7941235560026098,0.8392910969756757,0.8667385189372124,0.8811538044846178,0.8955472807078096,0.9187286515285739,0.9434299105373776,0.9640250781664707,0.9832601229376209,1.0044063994024168,1.0118177816045364,1.0143162542671609,1.0330656527248585,1.048876025459356
willr_20 >= -13,-0.008501962,98878,13019,85859,11.7,-1557.6328597434476,-225.95193053044204,69dfb876a37c1daf9322a675d7db45858b16e638e7217cc78e1177c12ffb23dc,30,-0.0036902367137372494,27.02,0.8634367683491426,0.8634367683491426,0.9555857996713532,1.0341568347169912,1.1267697121288436,1.1837299530429373,1.2159010776648804,1.231416823934008,1.2511961507042781,1.2519840526723531,1.262361249902691,1.269648286166545,1.2857971782353632,1.3069230257979518,1.3568155247409113
aarod_5 <= aarod_14_sft_2,-0.008529388,98878,56125,42753,12.17,-7512.226235741041,-1051.1861109265155,1c17b055d6052442bbc23e9c5f48c3b369df45790e4212d5edae44425931e847,30,-6.716884672641754e-05,27.44,0.8397450523905708,0.8397450523905708,0.88954744330921,0.9266113050912506,0.9548212734284376,0.9743879389880898,1.001078613977524,1.0270328369824129,1.044257023336484,1.0591995286135052,1.0765666365048254,1.0944503244506234,1.1175758480081657,1.1308519185092134,1.1412501060321607
minus_di_20 >= 24,-0.008537597,98878,38198,60680,12.06,-4766.920978364601,-789.2089516085398,a06e18f5f366aa3040f30d3f53c74e6c3d30e6b8f15e9282eabbaa7fe9dd85a0,30,0.024185126647353172,28.81,0.8312054094644296,0.8312054094644296,0.8812879143596368,0.9139231864845972,0.9425700751378092,0.9643299553944679,0.9884960349702341,1.0075926952509315,1.0262380487185259,1.047089080271043,1.069253290237428,1.087769843152949,1.0990805475246308,1.1061172603721732,1.1241721009329129
aarou_5 <= aarou_5_sft_3,-0.008546438,98878,64739,34139,12.21,-8258.743157516488,-1199.9434515359826,11ecda3140789fc7bb03c4e9ce6db1e36d26d05f5895e9047d4b04d8e05db454,30,-0.001600421965122223,27.39,0.8448861667237199,0.8448861667237199,0.9104691538730126,0.9607119025926486,0.9786155137600612,1.0011410518211168,1.021742151639136,1.0400016141572201,1.0515715384248079,1.0636082714085902,1.080770699923718,1.09127374484675,1.1086863695394962,1.1228588222702882,1.1371245534654044
willr_20 >= -14,-0.008546517,98878,13774,85104,11.72,-1827.6026279323414,-245.90093955504562,69dfb876a37c1daf9322a675d7db45858b16e638e7217cc78e1177c12ffb23dc,30,-0.0016536557814106345,27.26,0.8500800895877579,0.8500800895877579,0.9386041171391601,1.0151135605014112,1.1067838603197384,1.1618561227526125,1.1969450582743286,1.2188546223684584,1.243555909421581,1.2463987785423976,1.2609337445226283,1.266899563482831,1.2827987831299983,1.3129884790656392,1.3610916593283322
mom_5 >= mom_5_sft_2,-0.008550628,98878,51008,47870,12.15,-7077.578325725429,-995.3874181407082,eaab1708ca388033e741f56742381a7a1263cfafa2fbe8f413d450736cce3e74,30,-0.0082588791847229,27.09,0.83703425671314,0.83703425671314,0.8827535499787164,0.9210634848822462,0.9588423308910873,0.9915198239318177,1.0180256051140721,1.040100199819949,1.0567304979236747,1.0767595318728027,1.0970192231719391,1.1067666215796788,1.1139981824791871,1.1299504725032101,1.1475760231682988
adx_5 <= 12,-0.008574741,98878,118,98760,4.24,-112.51674375263974,-7.624199961013803,3c92cb65188a6807549ad02f373e5063a01a53cbce3d2b8fe4af860199995f57,28,0.0,0.0,0.2108628322448936,0.2108628322448936,0.2793536305644123,0.3958594536867385,0.28160311678919686,0.24004697764783162,0.2453299276353049,0.36680367926834295,0.359040891244505,0.40440123414164786,0.44002367593215047,0.5205948058391479,0.5332170464833883,0.6016368478722,0.5405605344031705
bb_lower_2_10 >= bb_lower_2_20_sft_2,-0.0085845,98878,66150,32728,12.22,-9161.27349551829,-1219.6446973523052,14f3c68ebc76bb97608c90e96e22d07d8e6617ab0d939b3b0b66c54f45811d90,30,-0.009816635400056839,27.14,0.8338039827126963,0.8338039827126963,0.8921876981859155,0.9309090247813292,0.9614025837999902,0.9963724499915773,1.0202146849491671,1.039151914695634,1.0566988069127932,1.0759297213647567,1.0928504000307608,1.1118853586938813,1.1305452907037967,1.1427806407381853,1.1529437471750512
day_of_month <= 3,-0.0086021945,98878,10139,88739,11.58,-849.9334577012028,-170.69100557779893,49cbc20e8e123e9500d17c94d10e8476c9be751f3936e646ba3355acc5fd09d7,30,-0.004157030954957008,26.9,0.8892417053257716,0.8892417053257716,0.9674197389580961,1.0249079927305529,1.0716769392245202,1.113862658240955,1.1507330187973401,1.1804866273632733,1.2015925586345249,1.2199237826723714,1.237520336017117,1.2543989592972338,1.2702760020780783,1.2879440009161218,1.306025407593623
stdev_5 <= stdev_5_sft_2,-0.008605011,98878,51699,47179,12.15,-6887.04723490503,-990.1930262733149,76cc05d7e847d59489f80a379ae9909f097acc0055c98dd465d85c99099ff3c8,30,-0.0008510511252097785,27.41,0.8372302334990572,0.8372302334990572,0.9080663601953761,0.936392310784879,0.9530111494632302,0.9912992496646263,1.0210345729678378,1.0373987527451873,1.0494461319794002,1.0633117176802132,1.075091534441905,1.0877199338078385,1.1009188602322275,1.1140584088369652,1.124683552027178
aarod_20 <= aarod_14_sft_1,-0.008652158,98878,44203,54675,12.1,-6362.129271413008,-854.9002089587593,1c17b055d6052442bbc23e9c5f48c3b369df45790e4212d5edae44425931e847,30,-0.005811236333101988,27.16,0.8225922958331171,0.8225922958331171,0.87177698867367,0.9174356319835888,0.9472930759458817,0.9747605729485824,0.9952190815066307,1.0047359517758996,1.0239482450634387,1.0428176360133512,1.0705567176260156,1.089103046339382,1.1030993688481945,1.1254620718542643,1.150138605883217
minus_di_5 <= minus_di_5_sft_3,-0.008665832,98878,55661,43217,12.17,-8530.701259579702,-1114.2476560720315,6ead8d4aff114cb978d2a5e9b1dcb95b84dfa27fd6f0f40b385ac29b242b16ea,30,-0.002975559327751398,27.33,0.820869475976514,0.820869475976514,0.8784540658796687,0.9266517659272717,0.9626974059935672,1.000998123874796,1.0308832774265415,1.0521050598078339,1.0670767717370326,1.0733759209790479,1.0889556434504581,1.1044931856450892,1.117581266588125,1.1362276801665956,1.1456400078030655
mema_10 <= Close_sft_2,-0.008668881,98878,48020,50858,12.12,-4717.313558202361,-855.2616414601871,7bbedcb317d5c12750ad9ed3d218721554e71f07d9c51daeb72ddac27b693913,30,-0.002632643561810255,27.32,0.8814612293031181,0.8814612293031181,0.9453939091811892,0.994678241272862,1.0259256196510034,1.0574070376611586,1.085419421348096,1.1020356131747961,1.1105672439376122,1.125038068797626,1.1381949602737027,1.1513657655675882,1.1749465194186306,1.1869318897449626,1.1919473603700592
willr_30 >= -4,-0.008712076,98878,4749,94129,11.14,-92.09705486911116,-72.0141480993916,69dfb876a37c1daf9322a675d7db45858b16e638e7217cc78e1177c12ffb23dc,30,-0.004489797633141279,26.55,0.9767538323773366,0.9767538323773366,1.1135819144493442,1.1757560087036212,1.2676592776431814,1.2608039975834684,1.2879332988726702,1.274738878396794,1.2962741434041276,1.2845386628547124,1.3108224112593778,1.3155491617132378,1.3411276567368335,1.4031105014459178,1.462296554633748
adx_5 <= 18,-0.008721354,98878,2067,96811,10.45,-438.98486759868683,-57.406194795847114,3c92cb65188a6807549ad02f373e5063a01a53cbce3d2b8fe4af860199995f57,30,0.0002713958965614438,27.53,0.7311238244809819,0.7311238244809819,0.7490195936378536,0.7143062516523192,0.6987334464973213,0.7388492160437404,0.7923245271643687,0.8084897226242086,0.8337517572751123,0.8252936172622953,0.8493780309919851,0.9157836180105162,0.9358220113595513,0.9892990983030496,1.0227777710554882
stdev_5 <= stdev_10_sft_1,-0.008723187,98878,74992,23886,12.26,-9738.535885075635,-1416.7248788318611,76cc05d7e847d59489f80a379ae9909f097acc0055c98dd465d85c99099ff3c8,30,-0.004315495025366545,27.34,0.8403036668058802,0.8403036668058802,0.89706928244342,0.9297643846195724,0.9535302942529144,0.9798106694772981,1.0083478371935133,1.0247137000595403,1.0363162391075702,1.047716409099217,1.0634193974468296,1.0788152339660784,1.0968249415478741,1.1079663781343456,1.1149829852780389
plus_di_20 <= plus_di_20_sft_1,-0.00872865,98878,70650,28228,12.24,-9010.573637809135,-1380.0766889305305,bd972efc927c87708f479b3c989a305bfeb89b6aa0381d01606955fa59f6baca,30,-0.007619695737957954,27.23,0.8407539081509097,0.8407539081509097,0.8886214769142281,0.9244623377329145,0.9497072036175648,0.9688062921754543,0.9933336961961708,1.0165399971271296,1.0345021354936397,1.0516338930621192,1.0668128268751993,1.0807074538724144,1.0992108214135066,1.113134045809059,1.1186794527114627
plus_di_14 >= 5,-0.008729491,98878,97533,1345,12.38,-13304.508931583481,-1913.349571033279,4f583626fd6f59b1b2e0825c720b1d1aad3858951a5b50964ea86a5c13485b5d,30,0.008635242469608784,27.49,0.8360002663082752,0.8360002663082752,0.892383289087782,0.9297847363475458,0.957581136769165,0.9823011185539338,1.0049588693953622,1.024665967767309,1.042420726623474,1.0599886760741146,1.0762584128155757,1.09146850593692,1.1057282537109936,1.118511733472869,1.1307804170244218
willr_30 >= -18,-0.008750474,98878,16355,82523,11.77,-2201.8848605431995,-291.179199197657,69dfb876a37c1daf9322a675d7db45858b16e638e7217cc78e1177c12ffb23dc,30,-0.004368653520941734,27.01,0.8516841535520769,0.8516841535520769,0.9522770979897694,1.0149665855318684,1.0794972082124301,1.1274530658794482,1.16430357508122,1.173026523100705,1.1865051610920736,1.1803969654117867,1.1951403598277128,1.223326035712297,1.2563211357506254,1.2960589943048075,1.3364700939852276
bb_upper_2_10 <= Low,-0.0087512825,98878,144,98734,4.86,-72.96251297183335,-5.962899832222321,dbb570f8106d6c3d6f292085aaa378b98a5659545b5ba59380ac7a9e0cfee8bf,30,0.0,0.0,0.34263039770101217,0.34263039770101217,0.3744084162367362,0.43606820008661673,0.3841087825511044,0.4125783355274254,0.4068277145910528,0.41994993532141656,0.46755944904174246,0.45946950498404854,0.6855283311832341,0.6585370452011479,0.767209864094327,0.8110662127006741,0.8490235475637183
willr_30 >= -22,-0.008795827,98878,19816,79062,11.84,-2527.6713288221654,-329.74524692711566,69dfb876a37c1daf9322a675d7db45858b16e638e7217cc78e1177c12ffb23dc,30,-0.005576025228947401,26.95,0.8598681209775747,0.8598681209775747,0.954162469908572,1.0035405799200927,1.0659871947871173,1.1163184785809679,1.1609284618398028,1.1849712431093091,1.2028539176234554,1.208148009562834,1.2230135140450635,1.2403572105185232,1.2620440097299106,1.2968931864390572,1.3246339087466592
bb_upper_2_30 >= bb_upper_2_20_sft_3,-0.008805317,98878,71495,27383,12.24,-10010.24832320596,-1352.7220891032557,2b12f1a24b5e2be255bd7327d40ce3105a7cd48cdc1cc2d1ac037ab6015a19a3,30,0.00350710260681808,27.54,0.8313342907760366,0.8313342907760366,0.8908475510641383,0.9333997650353463,0.9707491480884105,0.9978347807954029,1.0175583315858696,1.0382780088573293,1.0590280994501369,1.0784766759448943,1.0990291905733245,1.1158019416366893,1.1334739249735075,1.1516570646974036,1.1637226054527994
aaro_5 >= -99,-0.008808626,98878,89264,9614,12.32,-11054.847438388504,-1719.5760803043377,0811e6227d0d089f2d69284c6ea7ddd7761288c8d873ca997aaf34687b2f23f1,30,-0.007836666889488697,27.33,0.8527202659948898,0.8527202659948898,0.9105195489982806,0.951952709944567,0.9839463975224808,1.0112351879150012,1.0370315783632416,1.0537902352563768,1.070408280966914,1.0830284476594518,1.0966733902558174,1.11050706057151,1.1240210633801184,1.13607972258488,1.1483423483352229
rsi_5 <= rsi_2_sft_1,-0.008831457,98878,49145,49733,12.13,-6464.624869485944,-951.309877981912,f60792ba6ac5baece5de7ac90117c85055d233a86016db65a9b1851d8a518ee9,30,-0.0004447896499186754,27.42,0.8409468806489862,0.8409468806489862,0.9121433560301885,0.9464953670366447,0.9858245281837504,1.0220582417339938,1.0505369688808204,1.0693942776132652,1.0826046419290682,1.093397483809608,1.1088968555062901,1.1156921132851836,1.131731754496759,1.1516861004294807,1.1592606872322797
aarod_5 >= aarod_10_sft_2,-0.008850582,98878,54159,44719,12.15,-7217.331380760272,-1121.5341260335626,010ce60baf3de2cf8c4bcfd243c9185441a26efa8e16690af1f746cc88b42f78,30,-0.008055340498685837,27.12,0.8372866825293303,0.8372866825293303,0.8888578505959193,0.9346464778919584,0.9660807225991667,0.9883193568340329,1.0047169700668337,1.0176377288021998,1.0420864183409126,1.070576754598515,1.0858241469142453,1.1025345802945297,1.114164180833092,1.1281991145260566,1.1473461535656289
aarod_5 >= aarod_20_sft_1,-0.00885906,98878,54136,44742,12.15,-6723.600356590079,-997.9891801766717,010ce60baf3de2cf8c4bcfd243c9185441a26efa8e16690af1f746cc88b42f78,30,-0.010408504866063595,27.02,0.8440349496438285,0.8440349496438285,0.8963005933898979,0.928797309481209,0.9617197834738104,0.9896972596204752,1.0099263640661034,1.0238800988389638,1.0428473105527576,1.0611965871252484,1.0804192404209534,1.0924209641961025,1.1016806824775853,1.1181077755118343,1.1386306440631124
aarod_5 <= aarod_5_sft_1,-0.008869336,98878,80087,18791,12.28,-10041.048506348892,-1536.622211060072,1c17b055d6052442bbc23e9c5f48c3b369df45790e4212d5edae44425931e847,30,-0.004899970721453428,27.34,0.8491720158509802,0.8491720158509802,0.9028304853205052,0.937929138916581,0.9683292240554493,0.9928250943607201,1.0140129324480665,1.034133013278946,1.050623686307359,1.0662801634153856,1.0804812343961214,1.0932171034227756,1.1055897911106212,1.1198907739023056,1.1336948059186815
plus_di_14 <= plus_di_10_sft_2,-0.008873176,98878,50165,48713,12.13,-6004.539334149311,-954.4767432880399,bd972efc927c87708f479b3c989a305bfeb89b6aa0381d01606955fa59f6baca,28,-0.0012199657503515482,26.91,0.8525203605742094,0.8525203605742094,0.90896878137303,0.9447555801048734,0.963996361792015,0.9823275144375541,1.0070810804029868,1.0328621905100301,1.0453250221403143,1.0522691471316787,1.0596891391809367,1.0720128916891114,1.0868192206144454,1.0910050503915483,1.0902843377144804
mom_15 <= mom_20,-0.008883854,98878,50762,48116,12.13,-6753.76160534495,-893.0355243295926,99b230403b43b61a62d1e1bb62b812e1617b1ac927f76ee434dad8be358b43f3,30,-0.006737998686730862,27.15,0.8384554832461594,0.8384554832461594,0.8946262562504363,0.9350126201031441,0.9634006818352003,0.9861172848488371,1.0110953542273506,1.03110272272509,1.05278655623396,1.0723932621492458,1.0863701415536715,1.091942969818634,1.0952116666738132,1.113665634490236,1.1399954652758109
bb_upper_2_20 >= bb_upper_2_10_sft_1,-0.008883859,98878,71528,27350,12.24,-11540.256079447998,-1501.5376058968905,2b12f1a24b5e2be255bd7327d40ce3105a7cd48cdc1cc2d1ac037ab6015a19a3,30,0.0010228976607322693,27.47,0.8039369044201978,0.8039369044201978,0.8567286308735101,0.8902525021246542,0.9228819490929485,0.9480433078305431,0.9706409451674505,0.9942360840068347,1.0164892861805714,1.0382148487414473,1.0589445318176547,1.0762305966210424,1.0852920247641455,1.0905306556824446,1.1058556131155428
stdev_20 >= stdev_5_sft_2,-0.0089372,98878,91514,7364,12.33,-12643.076142471258,-1793.4085916725744,a092dbfa6dbefd1d342d1a211503f33f5c7745cd5359e4d4115f2b75459bc7b9,30,-0.003967083524912596,27.39,0.8328651796393912,0.8328651796393912,0.8833152915845972,0.9215052645698839,0.9537147240102459,0.9821061316443721,1.0060381594610364,1.0243996313805845,1.0417534687668333,1.0603688646604454,1.0772951456379387,1.0925072038304313,1.1042872184297121,1.1175272628706507,1.1310032121369304
aarod_14 >= aarod_30_sft_2,-0.008937269,98878,45346,53532,12.1,-6023.815735525222,-835.9985897625011,010ce60baf3de2cf8c4bcfd243c9185441a26efa8e16690af1f746cc88b42f78,30,-0.010287534445524216,26.95,0.8350476804428452,0.8350476804428452,0.8856720430093227,0.9172509363449145,0.9506401168373935,0.9766643124613454,1.0001785034666018,1.013771635324957,1.0285790845416214,1.0461642050426778,1.0688676931862402,1.0906788923373953,1.107996156284584,1.1243044955438288,1.138301718495245
mom_15 >= mom_2_sft_3,-0.008942851,98878,49216,49662,12.12,-6946.004802329946,-940.2259014933006,eaab1708ca388033e741f56742381a7a1263cfafa2fbe8f413d450736cce3e74,30,-0.010756326839327812,26.96,0.8385091849253753,0.8385091849253753,0.9143173298137083,0.9605292660962773,0.9963619709261308,1.026920860886537,1.053829273737195,1.0784377836207315,1.1013309722475613,1.1165937728430808,1.1294313101384157,1.1391525000059444,1.1526571799839946,1.1665534567639313,1.1808857924048517
aarou_30 >= 21,-0.008961321,98878,67880,30998,12.22,-8371.640125574155,-1233.3755346554317,dcb58ce780511e98834e39247d27a6ee8873b25591939e1839bb93ebed46e76d,30,-0.019962554797530174,26.84,0.8514264367973193,0.8514264367973193,0.9063066440130702,0.9464587773332148,0.9779640407187397,1.0011306000450404,1.0217338273616539,1.0391002425232483,1.0479425073450108,1.0565945806120005,1.068764997167089,1.0807714857077175,1.0943226910971053,1.10757477678935,1.1218537755139124
atr_14 <= atr_10_sft_3,-0.00898977,98878,48900,49978,12.12,-6761.032101363588,-938.633601768699,6c56a6e37fe7066fac040219b9e7cfe2398571a456467cde7a8327153ebc94da,30,-0.004060335922986269,27.26,0.8293349814233478,0.8293349814233478,0.8935677756771616,0.9255579623755236,0.947503121547171,0.9718527877703109,0.9998240439462015,1.018109809658554,1.028346067106633,1.0462171609854813,1.0676980831782212,1.0903513213620433,1.1193826396938544,1.1334194885947286,1.14878976509459
willr_30 <= willr_10_sft_2,-0.008992384,98878,51613,47265,12.13,-5908.82843276206,-966.553753427288,1427ae29e5c4ed561613e902f1f63301f41038d7cf9fdf54aa945c6a3e2bca60,30,0.0013088672421872616,27.5,0.8535444376534405,0.8535444376534405,0.9003638288554617,0.9391435754495754,0.972782761890356,0.9956497767816512,1.0156214213752413,1.0327062028909815,1.046918342114578,1.074995731941843,1.0916110473376957,1.104885244178814,1.1239332528737234,1.1336068709419012,1.1435834925282993
aarod_10 <= aarod_20_sft_2,-0.009004447,98878,60500,38378,12.18,-7983.888998041385,-1213.7746096566989,1c17b055d6052442bbc23e9c5f48c3b369df45790e4212d5edae44425931e847,30,-0.001450244104489684,27.39,0.8404020777522901,0.8404020777522901,0.8894161465455377,0.9243253874322197,0.9524185503052816,0.9790432084033371,1.0026967631469388,1.0249111923101746,1.0447592765039344,1.067329584889708,1.0871189407165855,1.0991756740823597,1.1131850705207833,1.1213818236794117,1.1292106802535105
plus_di_10 <= plus_di_5_sft_1,-0.009054645,98878,42802,56076,12.08,-5536.761877302219,-807.4439859544291,bd972efc927c87708f479b3c989a305bfeb89b6aa0381d01606955fa59f6baca,28,0.0005812552408315241,26.99,0.8448389033814556,0.8448389033814556,0.9077921623842402,0.9510419402050743,0.9893760685273006,1.0238946040385661,1.0401894328275174,1.0597142871865095,1.0777368089261492,1.0839724624559142,1.0883734165181964,1.1048421605793226,1.1107504649083122,1.1299884715758268,1.1277145713876306
aarou_10 <= aarou_14,-0.009058458,98878,79537,19341,12.27,-10570.220796262423,-1557.3413383378647,11ecda3140789fc7bb03c4e9ce6db1e36d26d05f5895e9047d4b04d8e05db454,30,-0.011134455911815166,27.2,0.8412353041814209,0.8412353041814209,0.8973054357429129,0.9391549112301057,0.9665744000298289,0.9900900738730336,1.0134245938203654,1.0349662010308436,1.0495625102117299,1.0598916753165486,1.0736972362119799,1.0886426852941775,1.102449152361282,1.1147528169363226,1.1283071849802024
stdev_10 <= stdev_10_sft_3,-0.00907235,98878,51905,46973,12.13,-8123.679350000229,-1027.8742244803798,76cc05d7e847d59489f80a379ae9909f097acc0055c98dd465d85c99099ff3c8,30,-0.0030540376901626587,27.32,0.808980127262102,0.808980127262102,0.8571498111432456,0.8898820438525437,0.9182640508719262,0.9501490490617109,0.9734609016769928,0.9949412104735964,1.0073324903947336,1.0271611388301545,1.0430472505930533,1.0589736497344517,1.07633719603278,1.0842572393497718,1.0902000738422568
sma_5 <= Close_sft_1,-0.0091219945,98878,49618,49260,12.12,-5599.103084567852,-930.8872769691006,50a0e61b02a2d5c963e9603b4bade036c42f4965c5f54e99ff926c2165cc53b8,30,-0.0044252327643334866,27.25,0.8649810895648969,0.8649810895648969,0.934948787243466,0.9762691738117026,1.013314945179616,1.0452160581038223,1.0725700085533771,1.088515289759673,1.1070122907089617,1.114852326206842,1.128508029957616,1.1369868153380578,1.1517668159215328,1.1758297617160247,1.1840863200175802
willr_20 >= -18,-0.009126752,98878,17314,81564,11.77,-2567.9734604769765,-339.741933146448,69dfb876a37c1daf9322a675d7db45858b16e638e7217cc78e1177c12ffb23dc,30,-0.005475235637277365,26.91,0.8358603888377318,0.8358603888377318,0.9280565394467574,0.996930129415953,1.0803597483924665,1.135503885515138,1.1772924913254317,1.1993955296429661,1.2258610990349756,1.2241684106343833,1.2329210514089148,1.2538548557608615,1.2748059018437137,1.3110811613084294,1.3500137387755744
aarou_10 >= aarou_14_sft_2,-0.009143882,98878,44009,54869,12.08,-6549.440705528577,-867.7784286318129,0f031b3780e6467809600593d6806420193325d9573f332c17b627db66a26893,30,-0.0002845626149792224,27.43,0.8222705606370896,0.8222705606370896,0.8875055157465301,0.9232399502719916,0.9716635783987475,0.9996263909781092,1.0172525272843034,1.0370390878084332,1.0645393834068493,1.0859528444950148,1.100862228369849,1.1198668050420773,1.1358055819853157,1.148798863762985,1.1724980906131939
aarou_5 >= aarou_10,-0.009151412,98878,52229,46649,12.13,-7516.155768780399,-1065.511406765705,0f031b3780e6467809600593d6806420193325d9573f332c17b627db66a26893,30,-0.005593923851847649,27.21,0.8262563227602503,0.8262563227602503,0.8734351554347269,0.9137487923307037,0.9595023155412014,0.9981965930245341,1.0277112975741418,1.0473409211347333,1.0592135455184326,1.0749231285274592,1.087211746197267,1.1008525718603936,1.1122202754760433,1.1188262267865239,1.132790548821462
mema_20 >= Low,-0.009152943,98878,64902,33976,12.2,-10343.16558465979,-1411.4101788391854,e7e0f1d344c8e3b4344908a65185f87340bab0bfe5216b7073401aaebfc88a19,30,-0.005789121612906456,27.26,0.7996055393929028,0.7996055393929028,0.8454263361428103,0.8707694619576968,0.88833243721467,0.9060819683220593,0.9288838629834323,0.9444094200647286,0.962067617456714,0.9864070500020479,1.0044792842362156,1.0205896791339932,1.0309618433533745,1.035327917337879,1.04397199531849
rsi_2 >= rsi_2_sft_3,-0.009157135,98878,49840,49038,12.12,-8009.243860278999,-1014.262123603221,9c5304fe9d592b70a0c6b3286ed47e7bf2dda0b94ec7966217da111653dec0de,30,-0.007821782492101192,27.1,0.8134525790531952,0.8134525790531952,0.8850139987181694,0.9287718038320905,0.9563169825590209,0.9868220880239886,1.0133404707694307,1.029916257790619,1.0487622409951374,1.0598896640882656,1.0770085101901872,1.0890013686243476,1.0953165130682145,1.110878544110915,1.1284874345487437
adx_5 <= 16,-0.009177246,98878,952,97926,9.35,-393.28569086053176,-37.43504886118899,3c92cb65188a6807549ad02f373e5063a01a53cbce3d2b8fe4af860199995f57,28,0.0,0.0,0.5118061375794188,0.5118061375794188,0.6168564119093097,0.5849852788053539,0.6131081447774586,0.5725578789694731,0.5943980387302928,0.6297883487591712,0.6597108292607997,0.66579770358856,0.6885029732291265,0.7708632906003181,0.8130560196427309,0.832953344108878,0.8117460012479076
adx_5 <= 23,-0.009185807,98878,8144,90734,11.41,-1308.2834444439504,-172.54965380691283,3c92cb65188a6807549ad02f373e5063a01a53cbce3d2b8fe4af860199995f57,30,0.0018865964375436306,27.73,0.7974928185353729,0.7974928185353729,0.8173204962677976,0.8337085622559688,0.8456692827974724,0.9207585654793184,0.9625524996273138,0.9589637981960866,0.982844510100535,1.0178812484473412,1.0428526600850316,1.0797163374250642,1.115655742479347,1.140016879297751,1.1732802479443918
bb_lower_2_10 <= Close_sft_3,-0.009187693,98878,98136,742,12.39,-12375.191590026941,-1894.755974135558,df72ac6ad143ee2de1e2f75f64629a9e84f7c48f59b8dcd8dbbfbb16a74d883c,30,-0.014537983573973179,27.39,0.8481330710996028,0.8481330710996028,0.9010327686167604,0.9389464912583793,0.9692804541051948,0.9943282350605923,1.0153741279898907,1.0333872684807175,1.0498683776178988,1.0658029170103887,1.0807938236671792,1.0950518443539843,1.108629553610701,1.1212391701078652,1.1338853570340788
mom_20 >= mom_20_sft_3,-0.00919293,98878,50376,48502,12.12,-8181.491148405468,-1043.2656751932009,eaab1708ca388033e741f56742381a7a1263cfafa2fbe8f413d450736cce3e74,30,-0.008326349779963493,27.08,0.81073729498348,0.81073729498348,0.8803093844763107,0.9166585840277544,0.9471030725702125,0.9765044704094372,1.0025258614202648,1.0299516344672157,1.052275405072969,1.0798658239158827,1.1022536195979789,1.1114969364119034,1.111803317204239,1.1246599842439227,1.1381890614214083
mom_15 >= mom_5_sft_2,-0.009201687,98878,49403,49475,12.11,-7287.137445311077,-966.7190311112063,eaab1708ca388033e741f56742381a7a1263cfafa2fbe8f413d450736cce3e74,30,-0.011949343606829643,26.91,0.8300693028885011,0.8300693028885011,0.902589570370256,0.9497827404692178,0.9781194814575963,1.0188524226359534,1.0410946023389607,1.0672331676894684,1.0879852927533424,1.106401039109231,1.121982509806564,1.1357148971125712,1.1437668394906872,1.158387835072347,1.1726837185954264
aaro_20 <= aaro_10_sft_1,-0.009207072,98878,52574,46304,12.13,-6568.239770014145,-1054.7160340404953,03178e4886fc07979b0c314ad9c68ba2f86b07645c5f6bfdb6bc96b9669a3c24,30,0.0037289559841156006,27.6,0.8461852213098641,0.8461852213098641,0.8989963235083186,0.9400392569087954,0.972645105352399,0.9911907910876664,1.0121479571147867,1.0311680472672877,1.0566166691644416,1.0809856184493747,1.1014727439728675,1.1217248804736852,1.1324320265120478,1.1428883729195152,1.1500345831406553
mom_15 >= mom_5_sft_3,-0.009216583,98878,49566,49312,12.12,-6970.310642848563,-922.8734452689314,eaab1708ca388033e741f56742381a7a1263cfafa2fbe8f413d450736cce3e74,30,-0.011801404878497124,26.92,0.8389251861562241,0.8389251861562241,0.9044055298340187,0.9509469261057364,0.9826108392692697,1.012726440795177,1.0408647498108756,1.0641144965163256,1.0852672939639407,1.0972477864558663,1.1147546306768004,1.128185373361956,1.1411222836637631,1.1581367241756104,1.1686889636990974
sma_20 <= High_sft_3,-0.009218444,98878,62672,36206,12.19,-7613.399416133419,-1148.3778863081898,96dbcbed1df94b1ba010b345e5b1a9039b5cdd6019405ebbb50c28754007bf82,30,-0.011163084767758846,27.07,0.8554785739529481,0.8554785739529481,0.901939313723446,0.9496826561312944,0.9843633296454463,1.0112312961289858,1.0357563929554117,1.0527087104623198,1.0663062233325293,1.0803768983650024,1.0947053411966197,1.106827247359516,1.1180116722997233,1.1215531158023933,1.1367613045194462
mom_15 <= mom_2_sft_1,-0.009219427,98878,50975,47903,12.12,-7741.751830880069,-1088.6716047406953,99b230403b43b61a62d1e1bb62b812e1617b1ac927f76ee434dad8be358b43f3,30,0.0017661669990047812,27.52,0.8054734888015158,0.8054734888015158,0.8514143598924916,0.871789482062892,0.8967122721032031,0.9111922728525073,0.937272569811059,0.9519395387641416,0.9700302311435873,0.9922458230858741,1.0145895584691422,1.029793169294489,1.048303749714904,1.059619187743211,1.070044299399636
willr_30 >= -19,-0.009233422,98878,17111,81767,11.75,-2243.4186907098774,-289.9773750610475,69dfb876a37c1daf9322a675d7db45858b16e638e7217cc78e1177c12ffb23dc,30,-0.005517958663403988,26.91,0.8557446144822061,0.8557446144822061,0.950847706981282,1.0103244541115501,1.0708338452396235,1.1193788727523022,1.159003167959737,1.1735604403719548,1.1862744218720234,1.1824992094910047,1.199262520100789,1.224298733673033,1.2543862534049939,1.2918568285483647,1.327833675267089
willr_30 >= -16,-0.009282955,98878,14487,84391,11.68,-1896.569347065073,-237.91118122079934,69dfb876a37c1daf9322a675d7db45858b16e638e7217cc78e1177c12ffb23dc,30,-0.002367985201999545,27.19,0.8562818479555622,0.8562818479555622,0.9583212883288686,1.0296942306529382,1.1013360654672801,1.1474618929061167,1.1742873137472216,1.1761368077056804,1.192991547306643,1.1811080653043435,1.1990868240352266,1.2296967327401493,1.2588906842703445,1.3047882421009374,1.3562502115939574
mema_100 <= Open,-0.009302328,98878,44167,54711,12.08,-4629.2887006749115,-705.5426309404356,3f09a8cfd91be85ac3ab2cd04a48d69ab7c7071f9e008243aa343f4a8d621b5b,30,0.0019783771131187677,27.54,0.8729129807317955,0.8729129807317955,0.9584557713679803,1.0208935298979707,1.069533668003659,1.1161684122198758,1.1556172460639607,1.1956497516597906,1.231584398830119,1.2630288778347394,1.2830829709097669,1.3036744500684438,1.3264076371560787,1.3505571103138618,1.3662631658662894
minus_di_10 >= 16,-0.009315789,98878,70488,28390,12.22,-10071.959470746551,-1444.0158579571362,a06e18f5f366aa3040f30d3f53c74e6c3d30e6b8f15e9282eabbaa7fe9dd85a0,30,0.0232749842107296,28.1,0.8165875261498875,0.8165875261498875,0.8708123672456698,0.9039842200873844,0.9306183944998663,0.9589682153347587,0.985602544860281,1.011687043223194,1.0372402608568458,1.0662870946974483,1.0868399069444614,1.104855550865295,1.119790215550236,1.1353200065984586,1.1483803293781143
mom_2 <= mom_10_sft_1,-0.009360477,98878,49295,49583,12.11,-5771.014341583832,-939.0782196916043,99b230403b43b61a62d1e1bb62b812e1617b1ac927f76ee434dad8be358b43f3,30,-0.006163676269352436,27.17,0.8607606919423407,0.8607606919423407,0.9280066087485466,0.9752003270216657,1.0049472110082533,1.022783766090628,1.0457252162387927,1.0641363275686437,1.0783238693538038,1.100382874376242,1.112182747893756,1.1277839944947938,1.14418252213017,1.163714517036153,1.1668214847764982
rsi_14 <= rsi_10_sft_1,-0.0093841525,98878,48404,50474,12.1,-5185.866046018613,-853.2367461478643,f60792ba6ac5baece5de7ac90117c85055d233a86016db65a9b1851d8a518ee9,28,0.0017361701466143131,27.04,0.8641523730023691,0.8641523730023691,0.9337637127674586,0.9702716477961706,1.0004304370083774,1.0279309834835257,1.0551814473177739,1.0724930828678443,1.085533406128532,1.0922453608076887,1.0985831203381253,1.1121249769020445,1.1260671496997061,1.1389518424385157,1.1369409941771031
aaro_20 <= aaro_10_sft_2,-0.009408856,98878,52520,46358,12.13,-6640.974188089254,-1070.1316890419694,03178e4886fc07979b0c314ad9c68ba2f86b07645c5f6bfdb6bc96b9669a3c24,30,-3.547145752236247e-06,27.44,0.8447972550156237,0.8447972550156237,0.8978844806718069,0.9386331512016522,0.9631508900433652,0.9824953039294215,0.9989697039743767,1.0241157620781023,1.0490945462406773,1.07197158489201,1.083422193841888,1.1023252894110411,1.1151809416857856,1.1289452675457157,1.1341550135070753
mema_20 >= Low_sft_1,-0.009410005,98878,66291,32587,12.2,-11088.287139434677,-1431.3536990763096,e7e0f1d344c8e3b4344908a65185f87340bab0bfe5216b7073401aaebfc88a19,30,-0.00826986227184534,27.19,0.7923232595100648,0.7923232595100648,0.8412156161938453,0.866753035038869,0.8860937471047925,0.9089506794639624,0.9316037230279169,0.9502168618583445,0.9717810635795537,0.9938031636090771,1.0091357463288935,1.0217910796059058,1.0257359046543089,1.0330797700762457,1.0445538002907284
bb_lower_2_20 <= bb_lower_2_30,-0.00941327,98878,34581,64297,12.0,-4437.262986045671,-743.0973542203647,1b1f7d2955b86143cbe65db86c488966f4bce7b7721643a6a4f3f03e8b4d5ec5,30,-0.0032664858736097813,27.25,0.8404773881261794,0.8404773881261794,0.8988273739407108,0.9447045885002838,0.9872298494770295,1.0157060597376433,1.037653905693857,1.0480561955681509,1.0530084550701024,1.0464049399371609,1.0468670934964195,1.0488699712732712,1.061393391492805,1.0745461830121097,1.0789203510218466
mema_100 <= High,-0.009424265,98878,49247,49631,12.11,-5891.148017218238,-861.1705624717215,272a901e1625028460b95370368ae350ea9835e10fc1933b41122586149e5de3,30,-0.00198563770391047,27.36,0.8570418809392321,0.8570418809392321,0.9299644719110988,0.9878583855168959,1.0354631958992726,1.0746375569481061,1.1148653208729697,1.1496330290829069,1.182065766963501,1.2120843847281635,1.2332261467214123,1.253876588569635,1.2750066899258827,1.2943413388632712,1.3102881711701129
sma_10 <= High_sft_2,-0.009426433,98878,72386,26492,12.23,-8588.86529956297,-1375.8666376283945,96dbcbed1df94b1ba010b345e5b1a9039b5cdd6019405ebbb50c28754007bf82,30,-0.008919057436287403,27.2,0.8579636367663545,0.8579636367663545,0.9084599791816905,0.9496673181636663,0.9826724865511359,1.0063194264004942,1.0238518915485961,1.0422557029721926,1.0549628948564291,1.0678445544783408,1.0780259036555977,1.095355086974745,1.1099849309067817,1.11926453477271,1.1304060087558594
aarod_14 <= aarod_30_sft_3,-0.009434202,98878,57197,41681,12.15,-8432.477795786093,-1147.4061853761887,1c17b055d6052442bbc23e9c5f48c3b369df45790e4212d5edae44425931e847,30,0.0005196484853513539,27.46,0.8219273126346295,0.8219273126346295,0.8760655166808363,0.9169014394826742,0.9449980541253913,0.972423990210368,1.0006040019094409,1.0290167086147561,1.049440647152148,1.0658125080403187,1.0780665316341644,1.0870406340442,1.0966787132884186,1.106331857733176,1.1168522138089112
sma_20 >= Low_sft_1,-0.009445501,98878,63524,35354,12.19,-10706.631767557967,-1360.21926357341,7e47ad2f5aad8309cb5e81c51f9a75f0ebc795f902c6c62c65c20c0b4901b7f7,30,-0.004781690426170826,27.29,0.7910786048333733,0.7910786048333733,0.8414686475007291,0.8717743809158047,0.8925626444686974,0.9192366564777719,0.9446880769505885,0.9631786083616553,0.9819889461138145,1.0033789442768468,1.0212194051148777,1.0337771779570726,1.0419835432829472,1.0505402141372988,1.0645046531229503
minus_di_14 >= 21,-0.0094550215,98878,52518,46360,12.13,-7140.453147937624,-1114.4929047848782,a06e18f5f366aa3040f30d3f53c74e6c3d30e6b8f15e9282eabbaa7fe9dd85a0,30,0.0264081172645092,28.55,0.820119002739817,0.820119002739817,0.8741046018497914,0.9076621117363154,0.9355135742331027,0.9615930773305216,0.988215374868663,1.0144314562596053,1.0395536740494717,1.0747439097521565,1.1051793869207447,1.1314337996174344,1.1514581386752063,1.1637227911665746,1.1786165371009518
aarod_30 <= aarod_20_sft_3,-0.009457154,98878,48051,50827,12.1,-6430.352475405487,-890.3573356752677,1c17b055d6052442bbc23e9c5f48c3b369df45790e4212d5edae44425931e847,30,0.004645048640668392,27.66,0.8349952947443022,0.8349952947443022,0.8907079982372177,0.9183848931030486,0.9444956077279827,0.971726820652724,1.0040119316054987,1.0300952776181946,1.0522025601863059,1.0820215223299186,1.106554255759129,1.1304556180667367,1.1502275412202994,1.1590108088332614,1.1775654577715224
willr_20 >= -15,-0.009461629,98878,14727,84151,11.67,-2090.5484035489935,-278.89818447943253,69dfb876a37c1daf9322a675d7db45858b16e638e7217cc78e1177c12ffb23dc,30,-0.0023435521870851517,27.19,0.8413156689118726,0.8413156689118726,0.9357772440047443,1.0157909970429018,1.1050322581826044,1.1591771196776495,1.199047287810226,1.2224540543021245,1.2512649584292332,1.256203094978581,1.2690935102978367,1.2793727464485496,1.294878986654836,1.3320071377774645,1.381519225978434
mom_20 >= mom_15_sft_1,-0.009476339,98878,49898,48980,12.11,-7682.605765514073,-933.1503346752725,eaab1708ca388033e741f56742381a7a1263cfafa2fbe8f413d450736cce3e74,30,-0.010764568112790585,26.97,0.8197944605251744,0.8197944605251744,0.8780070262761389,0.9226265359869987,0.9563262034313271,0.9868018026518249,1.0112447199570993,1.030172982641689,1.048944634712032,1.0695697718205759,1.076490338352636,1.0805782461499291,1.0880604938985332,1.1100364095039956,1.1398989870858978
willr_30 >= -24,-0.009482184,98878,21464,77414,11.82,-2886.051338970734,-364.19854626875895,69dfb876a37c1daf9322a675d7db45858b16e638e7217cc78e1177c12ffb23dc,30,-0.006694973446428776,26.88,0.8526039232533309,0.8526039232533309,0.9386658590181453,0.9918338836879949,1.0609802887847877,1.1060656709683847,1.152296287247134,1.169259827782591,1.1887898826895433,1.1978669058155773,1.2119946815401892,1.2323089944123669,1.2522589363423084,1.2895852861224673,1.3190175710340764
bb_lower_2_10 >= bb_lower_2_30,-0.009482228,98878,75195,23683,12.24,-10482.192077237232,-1360.8774285517502,14f3c68ebc76bb97608c90e96e22d07d8e6617ab0d939b3b0b66c54f45811d90,30,-0.01020734291523695,27.19,0.8304158857015207,0.8304158857015207,0.8865259323234431,0.9294686569757438,0.9614453571045398,0.9950107135899893,1.0212048591211382,1.0423329002705612,1.0624106008734906,1.0802279802114787,1.0956327727421529,1.1112947447793655,1.1276061427734345,1.140103459494812,1.1514400208677065
willr_30 >= -23,-0.009488961,98878,20686,78192,11.81,-2694.59726396091,-344.767723400284,69dfb876a37c1daf9322a675d7db45858b16e638e7217cc78e1177c12ffb23dc,30,-0.006700897589325905,26.86,0.8568585709866496,0.8568585709866496,0.9440236746001822,0.9943854099089747,1.0615292854598233,1.1074642621961714,1.1528431108719486,1.173741970466167,1.1941644922855317,1.200489770318343,1.214172191426426,1.2346287564133787,1.256173972399519,1.2936032022549104,1.3237493592218705
plus_di_20 >= plus_di_20_sft_1,-0.0094897235,98878,29477,69401,11.94,-4892.100502245587,-571.9390109237575,e29890bc12ea37e8ab50982e55f5d20643af7c43a2ddc27569a065e219a2f597,30,-0.0037131141871213913,27.19,0.8075485457690861,0.8075485457690861,0.8747358481734582,0.9193590379627458,0.9601995729003387,1.0013131701990274,1.023330591794423,1.0395322770610493,1.0570740276363706,1.0746779589289968,1.0921245798457517,1.1054911111665913,1.1080801950227226,1.1171648329247632,1.1444406350519694
adx_5 <= 22,-0.009551929,98878,6500,92378,11.23,-1089.46239877661,-139.39276990249346,3c92cb65188a6807549ad02f373e5063a01a53cbce3d2b8fe4af860199995f57,30,-0.00035853858571499586,27.38,0.7913417809357569,0.7913417809357569,0.8192111671954315,0.8245703879389122,0.8308255166787136,0.8944482268285298,0.9234283655360361,0.9235128686086737,0.9356377176236107,0.9701756709020484,0.9870008976943463,1.0175024132671864,1.0524286029418353,1.084001022318399,1.1183853074215777
willr_30 <= willr_14_sft_1,-0.009569801,98878,51753,47125,12.12,-5965.836362753336,-971.1616566375887,1427ae29e5c4ed561613e902f1f63301f41038d7cf9fdf54aa945c6a3e2bca60,28,0.0029221107251942158,27.09,0.8530498473801132,0.8530498473801132,0.8984466638345419,0.9357787436878725,0.9656621181160597,0.9962136412970439,1.0192004979034754,1.037012207782122,1.061038715365664,1.0935747033662262,1.108946080815551,1.1241352796159159,1.1411620024426294,1.1568418054378673,1.1567461525106244
stdev_5 <= stdev_5_sft_3,-0.009573483,98878,51480,47398,12.12,-7002.705592545511,-990.6583418238006,76cc05d7e847d59489f80a379ae9909f097acc0055c98dd465d85c99099ff3c8,30,0.0024656285531818867,27.55,0.8333177673024629,0.8333177673024629,0.9054008730540419,0.9319306067967701,0.9515307887328202,0.9869033278703006,1.0215850968614972,1.03871999396942,1.051716737276252,1.064190943380222,1.0742789084836857,1.085122372298365,1.1054799246777767,1.1188082425813974,1.125522749863431
plus_di_5 <= 5,-0.00958105,98878,7763,91115,11.34,-688.3929046020471,-162.69461598015187,14a9c3710fc1b17e882c866201c8dfd17bc6a0c5cee2921d8c0a77ac8ad2afa3,30,-0.008472410961985588,26.15,0.8683803396683974,0.8683803396683974,0.9405596087275669,0.9511353869145226,0.9674219240468127,0.9903929182011235,0.9924683559449948,0.9954016667342585,0.9792416706458019,1.0061035796249942,1.0104495090269552,1.0003027102388982,1.0000167557139603,1.0016035013399642,1.0162458631401285
aaro_20 >= aaro_14_sft_3,-0.009595229,98878,51330,47548,12.11,-7925.468949254551,-1018.5589212098566,fa1fba1a54e25d7a96ab29b0d7c633f260580ef2319f10dc44e85c501c26793f,30,-0.005692085716873407,27.2,0.8134870449213489,0.8134870449213489,0.8659725642674689,0.907040120970816,0.9508306736901904,0.9788191259398409,0.9947650402003105,1.014282875489949,1.0313518035065763,1.052795746979646,1.0697514702944197,1.0793282572365832,1.091437327846944,1.1025650686194728,1.1271759215463457
aarou_14 <= aarou_14_sft_1,-0.009635521,98878,86180,12698,12.3,-11542.842816673354,-1668.411388053013,11ecda3140789fc7bb03c4e9ce6db1e36d26d05f5895e9047d4b04d8e05db454,30,-0.006641685962677002,27.33,0.8372231351770615,0.8372231351770615,0.8912294533720225,0.9261280198586045,0.9538188253574832,0.9790293563353887,1.0037739588185344,1.022827952238524,1.0379934741594015,1.0561141120622228,1.0704088564797363,1.0835605950078147,1.097197688386586,1.1117968065742432,1.1216565114607946
plus_di_20 >= plus_di_20_sft_2,-0.009640879,98878,37554,61324,12.01,-6302.176179771262,-739.5845432863716,e29890bc12ea37e8ab50982e55f5d20643af7c43a2ddc27569a065e219a2f597,30,-0.001852461718954146,27.34,0.8034613558488725,0.8034613558488725,0.8748638175461888,0.9207170935326066,0.9682622376599114,0.99855968125379,1.0228773208372062,1.0394555154180385,1.0633394106988774,1.0829505173440406,1.1002334025250329,1.1096538668997264,1.114364333524583,1.1348880690594576,1.1548282380561128
minus_di_5 <= 23,-0.0096476395,98878,55957,42921,12.14,-7794.770936765042,-1050.3535413967402,cee77ee220a5e77fe95d20a730179fabcb0f2e40106664424787bbccffac6b44,30,-0.024937717244029045,26.47,0.8427982540194522,0.8427982540194522,0.9077941100514799,0.9466674397030044,0.9755145094912335,0.9974472425941174,1.021700584362181,1.0382229583299918,1.051652296149226,1.0588783363865046,1.0663801375832445,1.0738905644828678,1.0810751079807084,1.0938093997545337,1.1018261977164812
mom_10 >= mom_20,-0.009709188,98878,51723,47155,12.11,-7676.540591516566,-1106.6831810926742,eaab1708ca388033e741f56742381a7a1263cfafa2fbe8f413d450736cce3e74,30,-0.0005600394797511399,27.42,0.8146888007787741,0.8146888007787741,0.8607291512552221,0.8965783464838106,0.9304155406137773,0.9500127788315328,0.9792256566765247,1.0040878614849431,1.0229296117143192,1.0355072714514129,1.0534078697714666,1.073572994131732,1.090637204154067,1.1036075843948168,1.111412979287245
willr_20 >= -19,-0.009717599,98878,18115,80763,11.74,-2757.971814649136,-354.0537009187756,69dfb876a37c1daf9322a675d7db45858b16e638e7217cc78e1177c12ffb23dc,30,-0.005779678001999855,26.9,0.8318716811718406,0.8318716811718406,0.9207429723230969,0.9872874490387165,1.0675206213886608,1.1235490187347472,1.1649085226378293,1.191078851992556,1.2130578075290166,1.2108305969928257,1.223659398572235,1.2444290659646455,1.2669642419245382,1.3048956216038643,1.34278726379846
aaro_20 <= aaro_10_sft_3,-0.009736964,98878,52579,46299,12.12,-6641.199756280294,-1085.253167227711,03178e4886fc07979b0c314ad9c68ba2f86b07645c5f6bfdb6bc96b9669a3c24,30,-0.0026920661330223083,27.33,0.8444917800138575,0.8444917800138575,0.8982244067509118,0.9331542150343318,0.9513463535017869,0.9727460545755352,0.9877818100820156,1.0133782795593627,1.0349273355698139,1.0518809862167,1.066301453275306,1.085452261440291,1.097189114928922,1.11414295840018,1.1166090841648455
plus_di_14 <= plus_di_5_sft_3,-0.0097848615,98878,42566,56312,12.05,-5446.630972261795,-824.194463527805,bd972efc927c87708f479b3c989a305bfeb89b6aa0381d01606955fa59f6baca,30,-0.0020235818810760975,27.34,0.8444981220171499,0.8444981220171499,0.9031337422962943,0.945327155585121,0.9770619159320243,0.99806421029845,1.0243690268550696,1.0459190735907946,1.0520031852891802,1.0576221708583964,1.0723651760385156,1.0795203712526518,1.102127236935135,1.1039316036943827,1.11208121729668
minus_di_5 <= 24,-0.009792215,98878,58606,40272,12.15,-8181.020821929476,-1096.6330996766337,cee77ee220a5e77fe95d20a730179fabcb0f2e40106664424787bbccffac6b44,30,-0.02483411505818367,26.53,0.8417967834412033,0.8417967834412033,0.9050778530245627,0.9441026938520037,0.9708598608591107,0.9921156184976362,1.0155270782331154,1.0323615145901606,1.0458624522565811,1.054235706966708,1.0619245742771821,1.0709417824324736,1.0808629841266921,1.0925611552803502,1.1012043722493927
aaro_20 <= aaro_5_sft_2,-0.009808369,98878,51551,47327,12.11,-6998.035750755422,-1036.4433642459699,03178e4886fc07979b0c314ad9c68ba2f86b07645c5f6bfdb6bc96b9669a3c24,30,-5.158520070835948e-05,27.44,0.8336232752246787,0.8336232752246787,0.8806611149475513,0.925334011863125,0.9522567538089762,0.9854611450136662,1.0130293984085061,1.0372993635173242,1.0561554343399577,1.0705113674367015,1.089735863640402,1.1097797758450965,1.1155237833068168,1.1278392818300027,1.1376719388811214
adx_10 <= 13,-0.009809805,98878,2314,96564,10.33,-625.7619075876573,-71.61239171021589,3c92cb65188a6807549ad02f373e5063a01a53cbce3d2b8fe4af860199995f57,30,-0.00046110746916383505,27.31,0.656141622452071,0.656141622452071,0.6709882174964704,0.6631841605617333,0.6851696922538152,0.7312629521501751,0.7703531365029826,0.8312810511106669,0.8781420911661107,0.9898086303883245,1.065367472041649,1.1371990033104222,1.1357660674450494,1.175262729110871,1.1852196555365877
stdev_10 <= stdev_10_sft_2,-0.009813041,98878,52002,46876,12.11,-7421.790366568876,-984.0573195365287,76cc05d7e847d59489f80a379ae9909f097acc0055c98dd465d85c99099ff3c8,30,-0.003990283701568842,27.28,0.8244952949796406,0.8244952949796406,0.8718512425830268,0.9077982660226361,0.9384393523239708,0.9691852777723522,0.9923986836816867,1.0137656322975217,1.0224744464386004,1.0375154228097414,1.0510409192370571,1.064824154579718,1.0841321895902292,1.0951750502572604,1.0955099738029397
sma_20 <= Close,-0.00982535,98878,47777,51101,12.08,-7154.8762577777525,-912.474648317504,50a0e61b02a2d5c963e9603b4bade036c42f4965c5f54e99ff926c2165cc53b8,30,-0.0076813483610749245,27.09,0.8303567784500445,0.8303567784500445,0.9005628715900257,0.9518788366614633,0.9946010682964829,1.030977525896,1.057654755918197,1.0849618995391481,1.105113395529867,1.118959620437077,1.1307138850028986,1.1400991799268538,1.1492359963215455,1.1629930299497782,1.1778665098630636
adx_5 <= 20,-0.009839153,98878,3884,94994,10.81,-635.8123165577417,-85.21554087828554,3c92cb65188a6807549ad02f373e5063a01a53cbce3d2b8fe4af860199995f57,30,-0.0029121413826942444,26.8,0.7937558760850443,0.7937558760850443,0.8108099818813306,0.7938162407028069,0.8148073808957428,0.892091959229866,0.8938148190938562,0.8897925362677531,0.8690034512154747,0.8894351956387492,0.9067098357041183,0.955826445367836,0.9785046501121597,1.0331718653854802,1.0703102495992176
aarod_20 <= aarod_10_sft_1,-0.009861554,98878,49393,49485,12.09,-7359.724735641471,-949.7911850622695,1c17b055d6052442bbc23e9c5f48c3b369df45790e4212d5edae44425931e847,30,-0.010193108581006527,26.99,0.8178403052157377,0.8178403052157377,0.8705385994839411,0.9128620412694494,0.9354062855872249,0.9636762780974719,0.9920411803028414,1.0134939376198409,1.0304096981133664,1.0360654246521004,1.0557594920697477,1.0796619525412239,1.0953976405589114,1.118318829159206,1.1369991167250444
minus_di_10 >= 15,-0.009863281,98878,74000,24878,12.23,-10883.066187193712,-1511.700790415336,a06e18f5f366aa3040f30d3f53c74e6c3d30e6b8f15e9282eabbaa7fe9dd85a0,30,0.023646682500839233,28.06,0.8127691954208839,0.8127691954208839,0.8662407766418074,0.9003309881709679,0.9257735549883696,0.9532204809352893,0.9791015971282495,1.0061465931185412,1.0312240944581175,1.0584136338415047,1.0773846578863042,1.0942563432623218,1.110752082012877,1.12459704260627,1.138965670174017
adx_5 <= 15,-0.009869001,98878,595,98283,8.24,-298.4303061813116,-25.997049030869675,3c92cb65188a6807549ad02f373e5063a01a53cbce3d2b8fe4af860199995f57,28,0.0,0.0,0.4385398578536463,0.4385398578536463,0.6232354340494496,0.5845010469615123,0.5791787940857196,0.5204891483023676,0.537492911842678,0.6249090676045675,0.614696361429338,0.6348736279106354,0.6528538432986054,0.7399385979859645,0.7864023329666909,0.8506258752519017,0.7862433698892318
bb_upper_2_10 >= High_sft_3,-0.009876799,98878,91383,7495,12.33,-11679.795948035131,-1764.8391265032333,73a2f8f858c13ed47c80370d7df3c9045bc14eb7544028acac21bb9dbc89635d,30,0.005736893974244595,27.52,0.8442487136016296,0.8442487136016296,0.9006689372375064,0.9365436622445877,0.970711457938947,0.9996761067853726,1.0232626291030789,1.043438075766375,1.0607185517097246,1.0774017177778046,1.0923323521396457,1.107541352067343,1.122812821067979,1.1382288013688737,1.151214260170404
willr_30 >= -21,-0.009905745,98878,18990,79888,11.75,-2449.965408537435,-318.4750051391238,69dfb876a37c1daf9322a675d7db45858b16e638e7217cc78e1177c12ffb23dc,30,-0.0059717209078371525,26.9,0.8580339612569778,0.8580339612569778,0.9528871859404778,1.0032398155241682,1.0712802100960572,1.1204900803570315,1.1633057124842991,1.1867375310022439,1.204966170611709,1.2066556629721752,1.2219468366772297,1.2411793602960812,1.266445132856273,1.304305494635301,1.3375407295668653
willr_20 >= -7,-0.009909641,98878,7804,91074,11.3,-583.6658594678302,-123.0830027454067,69dfb876a37c1daf9322a675d7db45858b16e638e7217cc78e1177c12ffb23dc,30,-0.004270344972610474,26.79,0.9105991557292357,0.9105991557292357,1.0307731464681955,1.1017928812152216,1.229959781553834,1.264966521747268,1.3016905787789654,1.3320411270067347,1.3618345439192172,1.3577600393098421,1.3443534284724112,1.337573171080823,1.339697998775535,1.3752210864764272,1.430951068998937
minus_di_5 <= 22,-0.009916023,98878,53149,45729,12.11,-7418.204802538243,-1004.1014167530375,cee77ee220a5e77fe95d20a730179fabcb0f2e40106664424787bbccffac6b44,30,-0.02457842230796814,26.43,0.8430568853198764,0.8430568853198764,0.9045311896519155,0.9440165373671031,0.9717113909668974,0.9962004476621652,1.0208298559216473,1.0392653019295635,1.0514574563702688,1.0585473440647977,1.0653969287068874,1.0724702314775711,1.0796646359780435,1.0921466994915898,1.0990623945110791
sma_10 <= Close_sft_2,-0.0099360505,98878,48267,50611,12.08,-5471.249452169395,-890.3661738244118,50a0e61b02a2d5c963e9603b4bade036c42f4965c5f54e99ff926c2165cc53b8,30,-0.0016252517234534025,27.37,0.8651916556310384,0.8651916556310384,0.9293377673451808,0.97253094610865,1.0008512981340432,1.034311566802905,1.0576005505952515,1.0831036334004944,1.0941472288406402,1.1095790915956858,1.1227742355977663,1.1336752917632824,1.1532634628400247,1.1675576294732506,1.1764467243289094
willr_20 >= -8,-0.009953868,98878,8646,90232,11.36,-801.4464264451672,-137.43000955568277,69dfb876a37c1daf9322a675d7db45858b16e638e7217cc78e1177c12ffb23dc,30,-0.005286385305225849,26.68,0.8910850580579951,0.8910850580579951,0.9951686514102039,1.062895503704337,1.1724711425966985,1.212811031531294,1.252744307920832,1.2727876253329473,1.2996616368669511,1.3005767102864638,1.2858568786929978,1.2863798350076239,1.2976199926508134,1.3340758459072224,1.3899986471767949
mom_5 >= mom_5_sft_3,-0.00995449,98878,50830,48048,12.1,-7565.175761781712,-1028.2058981953378,eaab1708ca388033e741f56742381a7a1263cfafa2fbe8f413d450736cce3e74,30,-0.008219362236559391,27.09,0.8256189042952036,0.8256189042952036,0.881346193106843,0.9267944780900756,0.9625594212995254,0.9928544753728846,1.0211964293218514,1.041079053256864,1.0602599878592192,1.0817514981917258,1.1015151763201205,1.110759887675732,1.120993903191995,1.1407500904836194,1.1540308074064485
aarod_30 <= aarod_14_sft_1,-0.009963531,98878,43357,55521,12.05,-5441.021931649285,-776.8122367991527,1c17b055d6052442bbc23e9c5f48c3b369df45790e4212d5edae44425931e847,30,-0.005997062660753727,27.14,0.8431350083027875,0.8431350083027875,0.8861312955021158,0.9303207542896217,0.965555792455929,0.9944776939174481,1.0123828630373972,1.022619225259086,1.0380197270797433,1.0631344077086762,1.0828183801188984,1.1085456796427222,1.1280026807733632,1.1498368272735655,1.1620070922551167
sma_10 <= Close_sft_1,-0.009976779,98878,48224,50654,12.08,-5614.131587097036,-894.1617202256821,50a0e61b02a2d5c963e9603b4bade036c42f4965c5f54e99ff926c2165cc53b8,30,-0.0018156548030674458,27.36,0.8634887561441792,0.8634887561441792,0.9243008856682926,0.9608362458968385,1.0000728560467476,1.0366181202968465,1.0638655076226982,1.0868778514576836,1.1074368281055909,1.116706097979064,1.1344606003238829,1.1470915396192802,1.164736887074148,1.1783061248315592,1.1885183867212405
willr_30 >= -6,-0.00999183,98878,6285,92593,11.15,-357.4558622748591,-90.1705143391664,69dfb876a37c1daf9322a675d7db45858b16e638e7217cc78e1177c12ffb23dc,30,-0.004358075559139252,26.7,0.933095291987314,0.933095291987314,1.0574743001158309,1.1035542969696845,1.2004227881155667,1.2121550796883627,1.2179141319618405,1.2091440602015893,1.2406447973716612,1.2258247999325953,1.2205590149767485,1.2350097048561064,1.2625134636689435,1.3138178245134104,1.382412282720888
mom_5 >= mom_2_sft_1,-0.009995464,98878,50433,48445,12.1,-6312.963577618045,-941.2113756635881,eaab1708ca388033e741f56742381a7a1263cfafa2fbe8f413d450736cce3e74,30,-0.005680869333446026,27.2,0.8554199797611893,0.8554199797611893,0.9094519064555237,0.9645730920485777,1.0053342559565734,1.0385730424063078,1.0681439408785605,1.087669622294333,1.1057973668555723,1.117431730801321,1.1326772228651758,1.1451631563638591,1.1602405520794536,1.1680956858102678,1.1800689945364327
mom_10 >= mom_20_sft_3,-0.009997757,98878,50892,47986,12.1,-8383.685814267636,-1113.2960392007226,eaab1708ca388033e741f56742381a7a1263cfafa2fbe8f413d450736cce3e74,30,-0.0042750900611281395,27.26,0.8037134122184639,0.8037134122184639,0.8638434680979475,0.9115014242259916,0.9396182161662386,0.9635953889006417,0.9929169364130881,1.0084290580217004,1.0306738408800145,1.0544608960474378,1.077371851424502,1.0944670680167425,1.1055718067844265,1.1184421254408536,1.1238012579011565
willr_20 >= -11,-0.010013545,98878,11147,87731,11.49,-1430.540016061932,-190.1376467078735,69dfb876a37c1daf9322a675d7db45858b16e638e7217cc78e1177c12ffb23dc,30,-0.0046068220399320126,26.87,0.8548922729275384,0.8548922729275384,0.956464473769806,1.0489509341246728,1.1379840804907493,1.1894292779560938,1.225979100283927,1.2371865875621695,1.2512462252813243,1.260136490019551,1.2706233804888627,1.2748144885432016,1.2941945845381755,1.3133945299083716,1.363071899160841
mom_20 <= mom_5_sft_2,-0.010014311,98878,50693,48185,12.1,-7266.270240962859,-1070.381368216389,99b230403b43b61a62d1e1bb62b812e1617b1ac927f76ee434dad8be358b43f3,30,0.0032347559463232756,27.59,0.8149182485851554,0.8149182485851554,0.853046426437706,0.8773337008618387,0.9055185663980532,0.920974843759436,0.943517028581349,0.9563150145981533,0.9689193817115056,0.9822203185055276,1.0021526224811281,1.0259698529284802,1.0493083383274902,1.058025351228601,1.0642330041177437
rsi_30 <= rsi_30_sft_1,-0.010023127,98878,53854,45024,12.12,-5281.240768930129,-953.8302140246378,f60792ba6ac5baece5de7ac90117c85055d233a86016db65a9b1851d8a518ee9,30,-0.0056975232437253,27.21,0.8708768563105335,0.8708768563105335,0.9217399630960355,0.9483072360462562,0.9739546606925124,0.9966042952338725,1.0106957413448534,1.0291640614783395,1.0473735282191323,1.068411078530205,1.0804500028091508,1.098036181540038,1.115433359868369,1.129454919138282,1.1314986182507627
willr_10 <= willr_20,-0.010025242,98878,58692,40186,12.14,-6645.0307462473575,-1034.6301310193376,1427ae29e5c4ed561613e902f1f63301f41038d7cf9fdf54aa945c6a3e2bca60,30,-0.02173250913619995,26.64,0.8652104979358154,0.8652104979358154,0.9246737537472598,0.9700479028640895,1.0059211964326904,1.031578495219034,1.057813139477925,1.0785128479300041,1.0930600837276974,1.1039386120242314,1.1116711694294183,1.1190984172616745,1.1306408332501536,1.1410436315901038,1.1518068160865085
stdev_30 >= stdev_14_sft_2,-0.010032675,98878,84028,14850,12.28,-12149.247464762168,-1661.5585988451348,a092dbfa6dbefd1d342d1a211503f33f5c7745cd5359e4d4115f2b75459bc7b9,30,-0.004531337879598141,27.36,0.8242261383915443,0.8242261383915443,0.8801912823922142,0.9208480250875702,0.9538932441186585,0.9814411119202229,1.007266580534785,1.0301133521662085,1.0506105826636971,1.069377645371818,1.0858756462601384,1.1026690487521624,1.1173815403004663,1.1315769265710958,1.145549981540715
sma_20 >= Low,-0.010053111,98878,62545,36333,12.17,-10032.17762924443,-1317.6602053237802,7e47ad2f5aad8309cb5e81c51f9a75f0ebc795f902c6c62c65c20c0b4901b7f7,30,-0.0036871153861284256,27.32,0.7986000325818495,0.7986000325818495,0.847754815542236,0.8749883021144421,0.8956660383622831,0.917677368912886,0.9411171068482888,0.960547217704492,0.977729003935507,1.0014577617308054,1.0206608645619095,1.0355075391878539,1.0467878122765557,1.054311698922751,1.0641212467319079
aarou_14 <= aarou_14_sft_3,-0.010059318,98878,72800,26078,12.22,-10281.74341749217,-1419.5004410114925,11ecda3140789fc7bb03c4e9ce6db1e36d26d05f5895e9047d4b04d8e05db454,30,-0.004315698053687811,27.33,0.8277092306123724,0.8277092306123724,0.884773526634814,0.9224350794467615,0.9431773308502632,0.9725698233431735,0.9953814833621107,1.0122598508125058,1.023947931229446,1.040517661877519,1.0570504226251993,1.0687706480168353,1.0884167020478173,1.100916224422337,1.1097149238394655
willr_30 >= -5,-0.010060469,98878,5544,93334,11.06,-337.46676097548334,-90.95091516792309,69dfb876a37c1daf9322a675d7db45858b16e638e7217cc78e1177c12ffb23dc,30,-0.004684117157012224,26.59,0.9277316534304695,0.9277316534304695,1.0617965738218296,1.1371197163414979,1.2260750492578116,1.2215409194604026,1.2345229721215918,1.231473264894157,1.263872937874418,1.243862601060902,1.258389898321844,1.2685467880525259,1.2808556256235275,1.34075731735913,1.410210158414122
willr_20 >= -17,-0.010066133,98878,16635,82243,11.68,-2379.440260501011,-312.6744119789946,69dfb876a37c1daf9322a675d7db45858b16e638e7217cc78e1177c12ffb23dc,30,-0.00535974744707346,26.91,0.8398283894416384,0.8398283894416384,0.9376098212317122,1.0021490203121224,1.0918179831750732,1.1466115644703867,1.1871647066655702,1.2068523817248622,1.2312122212594094,1.2308010904272815,1.2439599746809749,1.264101857094649,1.283994295653422,1.3199416789685234,1.3635339966309359
plus_di_5 <= 4,-0.010069184,98878,5833,93045,11.09,-338.22835232660645,-101.94449178299692,14a9c3710fc1b17e882c866201c8dfd17bc6a0c5cee2921d8c0a77ac8ad2afa3,22,-0.011720851063728333,22.92,0.9100906493170349,0.9100906493170349,0.96671524029814,0.9662584193350378,0.9745591409927649,0.9939587694211703,0.993382872021495,0.991141261193,0.9873455716734156,1.0157240031812471,1.018160943775014,1.0039290838482913,1.0021400583061604,1.002964330255689,1.0180923450801858
minus_di_5 <= minus_di_5_sft_2,-0.010069914,98878,59795,39083,12.15,-8454.030731855826,-1151.3832001069313,6ead8d4aff114cb978d2a5e9b1dcb95b84dfa27fd6f0f40b385ac29b242b16ea,30,-0.007263900712132454,27.18,0.8343336437425439,0.8343336437425439,0.8883115567655363,0.9307655681941424,0.9714200748720793,1.0046145977324532,1.037226540363659,1.0526155080059671,1.0684735993861034,1.0763307367202373,1.0885435944492496,1.1048248926504598,1.117382186504847,1.1360159974539352,1.1501538000635851
aarod_14 >= aarod_30_sft_1,-0.0101076495,98878,44014,54864,12.05,-5663.202525342978,-793.5516263776153,010ce60baf3de2cf8c4bcfd243c9185441a26efa8e16690af1f746cc88b42f78,30,-0.008783753030002117,27.01,0.839788636059157,0.839788636059157,0.88907483530329,0.9213383922915176,0.9580342243443041,0.9826995072737288,1.0079381329704267,1.0209322762114768,1.035679119800265,1.0548186220811957,1.0756731285959733,1.0961029534332996,1.1161132812813568,1.1323940289181267,1.14754218924505
aaro_10 >= aaro_14_sft_3,-0.010132279,98878,50628,48250,12.09,-6928.924324092259,-1009.1732915607136,fa1fba1a54e25d7a96ab29b0d7c633f260580ef2319f10dc44e85c501c26793f,30,-0.0007626435253769159,27.41,0.8348192045633812,0.8348192045633812,0.8917339955880255,0.9366776669457584,0.9796541210092502,1.0078902018298928,1.023122129375708,1.0347485037117248,1.05474021696289,1.076520196323763,1.0926473741329696,1.1042256016520997,1.119379091201301,1.1297074117822594,1.1459398433058463
rsi_2 >= 10,-0.010151795,98878,86396,12482,12.29,-11440.236730736979,-1702.2338158133643,2aff2363e2a1ac18e5b09edc627fed21347731d4e6d91b606bf5ebf4ed170990,30,-0.005890806205570698,27.35,0.8439284914321641,0.8439284914321641,0.9046868148020409,0.9485555717198942,0.9816515403601023,1.009958493302136,1.0360834352939596,1.0542270972730905,1.0678387308426487,1.0811375301500725,1.095670858934972,1.108645495544538,1.122238230707133,1.1358907343650668,1.14710920696646
willr_30 <= willr_5_sft_1,-0.010166624,98878,51799,47079,12.1,-7266.20698869554,-1055.1126236410637,1427ae29e5c4ed561613e902f1f63301f41038d7cf9fdf54aa945c6a3e2bca60,30,-0.00014522532001137733,27.44,0.8227737790973834,0.8227737790973834,0.8693009305190806,0.8989572994473938,0.9332565902152175,0.9599530274114785,0.9851295453120964,1.003807180328355,1.020779640515148,1.0497198901032947,1.0615830109231073,1.0713537189419666,1.0942930112501468,1.1039069577968796,1.1081544047616056
plus_di_10 >= 2,-0.010175046,98878,98204,674,12.39,-12775.02791100134,-1911.164923114855,4f583626fd6f59b1b2e0825c720b1d1aad3858951a5b50964ea86a5c13485b5d,30,0.0013714114902541041,27.45,0.8435561711178134,0.8435561711178134,0.8974021848538268,0.9360586610946727,0.9661550616171727,0.9906222531275096,1.0117879690175369,1.030625332217268,1.0473233992328523,1.0639013539098365,1.079278958395489,1.0934347827608606,1.10758254067853,1.120554790333103,1.1328386848657064
willr_30 >= -3,-0.010225123,98878,4077,94801,10.79,-124.24866345064947,-62.11844602476049,69dfb876a37c1daf9322a675d7db45858b16e638e7217cc78e1177c12ffb23dc,30,-0.004209563136100769,26.54,0.9632100860085735,0.9632100860085735,1.1226925142794826,1.177639393193423,1.281272954645718,1.2376787177200403,1.2525893856067742,1.232822942124145,1.2600244696036462,1.2756959617219201,1.3046902132941427,1.2960098398972495,1.318917224736645,1.3967058843896352,1.4678334334139984
aarou_14 >= aarou_20_sft_2,-0.010244044,98878,40871,58007,12.02,-6296.447803916555,-840.877686408814,0f031b3780e6467809600593d6806420193325d9573f332c17b627db66a26893,30,-0.0004610748728737235,27.42,0.8151538682428208,0.8151538682428208,0.877396134886779,0.9166926896909436,0.9631929864621002,0.9888312932150923,1.0145936418868222,1.0345944641292109,1.0625298996630448,1.08428425856132,1.1054838879128215,1.124427320833095,1.142556725553714,1.150682935180712,1.1695760401336204
aarou_30 >= 17,-0.010244227,98878,70581,28297,12.2,-8752.908867130947,-1296.7857655870102,dcb58ce780511e98834e39247d27a6ee8873b25591939e1839bb93ebed46e76d,30,-0.019852451980113983,26.88,0.8499446844717845,0.8499446844717845,0.9044405086929858,0.9467313705581127,0.9778109701452806,1.0005269556016225,1.0220408087630397,1.0395187283327934,1.0480678528066942,1.058215187009255,1.0703715241996714,1.0827547105217008,1.0962686426044863,1.1102731840301094,1.1229033598660372
willr_30 >= -17,-0.010246759,98878,15621,83257,11.64,-2043.2477092599875,-260.3427789177367,69dfb876a37c1daf9322a675d7db45858b16e638e7217cc78e1177c12ffb23dc,30,-0.004174127709120512,27.01,0.8550705593877742,0.8550705593877742,0.9587756091240577,1.029083074197891,1.0964138626534803,1.142084908208109,1.1784375465977004,1.189036324989419,1.199586884812079,1.1904496684290669,1.2061454084568037,1.2385877072376574,1.2685235612786856,1.3107473550310018,1.354268908256955
mom_15 >= mom_10_sft_1,-0.010280935,98878,49907,48971,12.08,-7503.9739881791465,-979.5440680757674,eaab1708ca388033e741f56742381a7a1263cfafa2fbe8f413d450736cce3e74,30,-0.013551002368330956,26.85,0.8246424734725594,0.8246424734725594,0.8832879216322453,0.9290374073613232,0.9511540531911187,0.9880711220486875,1.01158178410517,1.0385715341522521,1.0606615210169754,1.0759245588460904,1.0847522117213115,1.1018121615787515,1.1112476822350135,1.1186176653114952,1.1259364360774977
bb_lower_2_10 >= Close_sft_3,-0.010283341,98878,644,98234,8.23,-213.22845247993246,-16.926425845267655,0e70b8a8d55e4ec73841ad3e8c9b127c0a23132eee3ba0a11c3e072e280aafa3,28,0.0,0.0,0.5617436532995165,0.5617436532995165,0.643714456859126,0.6778239523745363,0.7048491717039493,0.7922474322865812,0.8107904900730903,0.7860726772412389,0.7846226785272289,0.8296877938138724,0.8335238245921225,0.8295175739143562,0.8864020730671182,0.9556223361641621,0.9552171271571425
rsi_10 <= rsi_5_sft_2,-0.010286323,98878,48595,50283,12.07,-5375.632869878629,-907.4405537306302,f60792ba6ac5baece5de7ac90117c85055d233a86016db65a9b1851d8a518ee9,28,0.00029999949038028717,26.98,0.8620990635077809,0.8620990635077809,0.9307857750459211,0.9689620238691222,1.0059969173041443,1.036530028720811,1.057790168993357,1.0716752456825558,1.083893387878328,1.0995529135047755,1.1045514556222011,1.1116903174076385,1.1270839941053228,1.135307614499313,1.132402190380874
mom_10 >= mom_5_sft_1,-0.010304156,98878,49902,48976,12.08,-6755.21215803377,-941.9048260437266,eaab1708ca388033e741f56742381a7a1263cfafa2fbe8f413d450736cce3e74,30,-0.01085966732352972,26.96,0.8434349977767638,0.8434349977767638,0.9094167616600802,0.9639576712197253,1.0059624794497524,1.0338250495931238,1.0508388194124942,1.0737875122626717,1.0873245165026202,1.0986332289874536,1.1154968831344025,1.1258594032189966,1.1350670703022985,1.152042958411379,1.168389190294556
bb_lower_2_10 >= Low_sft_3,-0.010316103,98878,6924,91954,11.18,-1515.7991383813642,-150.45325472367404,4e26baca5a6303a13016cf43f2fb7e5c7be993260b396d0848e5bc87608a1ef6,28,-0.012147631496191025,25.0,0.7439048984034407,0.7439048984034407,0.8473706231360953,0.881771260292066,0.9032627454898339,0.925074400758851,0.9160242446047141,0.955632785339216,0.9683430062326185,0.9821802688408957,0.994771853496522,0.9954315297489715,1.0196211932440624,1.0475945057712557,1.0249934809593735
minus_di_10 >= minus_di_5_sft_2,-0.010322418,98878,51554,47324,12.09,-6009.285613768966,-989.2113804623805,a7c5a511f18bc4bc65b530c22aedd665cbba6e43036caf921c03925c9eff7340,30,-0.0058508324436843395,27.19,0.8571050495051935,0.8571050495051935,0.9227466925181891,0.9645752928992808,0.9935064557099015,1.0190935908343088,1.039776426007544,1.0553434496042204,1.067059207120818,1.0901131865982852,1.101989861685539,1.108937600944899,1.1200304716613243,1.1283486905468472,1.129813646867806
willr_30 >= -20,-0.010329484,98878,18228,80650,11.7,-2276.9287701848807,-293.1695280853746,69dfb876a37c1daf9322a675d7db45858b16e638e7217cc78e1177c12ffb23dc,30,-0.0058834133669734,26.89,0.8620148416206366,0.8620148416206366,0.9591319649379155,1.0119423018234521,1.0785265118088503,1.1243682441199083,1.1612066234296508,1.1854096605390694,1.2001437596109512,1.198522497936403,1.2171383340556823,1.2357259088446215,1.2603858390042781,1.301130414130697,1.3331285752310806
willr_30 >= -15,-0.010342612,98878,13710,85168,11.57,-1878.2415107545821,-250.66947842485388,69dfb876a37c1daf9322a675d7db45858b16e638e7217cc78e1177c12ffb23dc,30,-0.0019477615132927895,27.23,0.8486576028352643,0.8486576028352643,0.9522031428938638,1.0285233243656848,1.0958474939887828,1.1418053921635767,1.1653401336168336,1.1688786103217996,1.191406530283307,1.1814753793189627,1.2029574767292768,1.2322855879610717,1.2614706810533747,1.2994363119718644,1.3510434264883389
stdev_30 <= stdev_20_sft_2,-0.010343483,98878,20393,78485,11.75,-2696.7501646237993,-413.12693034369295,76cc05d7e847d59489f80a379ae9909f097acc0055c98dd465d85c99099ff3c8,26,-0.009270036593079567,25.52,0.8312277268689426,0.8312277268689426,0.8801674203056912,0.9082342218817139,0.9238781650590311,0.9393009903118359,0.9585408567342518,0.9722272713692621,0.968517273188636,0.970327474712164,0.9726366805393146,0.9831771306641808,0.9975116237202204,0.9903485344634064,0.9864138002855921
aarou_20 <= aarou_14_sft_2,-0.010362022,98878,48903,49975,12.07,-6798.523005252602,-996.0313873611522,11ecda3140789fc7bb03c4e9ce6db1e36d26d05f5895e9047d4b04d8e05db454,30,-0.004686957690864801,27.23,0.83331235164722,0.83331235164722,0.9007306947603207,0.9461940445595773,0.9697053323414346,1.0016706800509683,1.0303453782193004,1.0577099674169241,1.0694733728749724,1.082365756518174,1.103533305509799,1.1227545456286734,1.1381774310953252,1.1561952709031131,1.162746319448992
adx_5 <= 17,-0.010365646,98878,1437,97441,9.6,-431.14099179179175,-44.59939981780917,3c92cb65188a6807549ad02f373e5063a01a53cbce3d2b8fe4af860199995f57,28,-0.0023766732774674892,26.1,0.6183470470259821,0.6183470470259821,0.6864728338416314,0.6835325662560048,0.6685357764365516,0.6862107991596677,0.7135690862464342,0.7232527876773841,0.7306408645668035,0.7170728033934362,0.7495387212643888,0.8300132622579707,0.8732644819877274,0.8992376751759691,0.8897108835298048
mom_5 >= mom_15_sft_2,-0.010389807,98878,51048,47830,12.09,-8488.234167666236,-1114.5511579047234,eaab1708ca388033e741f56742381a7a1263cfafa2fbe8f413d450736cce3e74,30,0.002218171488493681,27.54,0.7994477092574113,0.7994477092574113,0.8468792713646914,0.8817525381696005,0.9149577081354301,0.9445351229465381,0.9722157374092832,0.9938172917373804,1.0177288188286957,1.0391155735389785,1.0542924599251116,1.0659734773070726,1.0829062293705451,1.0996565892368708,1.115265596632769
mom_5 >= mom_15_sft_3,-0.010425876,98878,51101,47777,12.09,-8304.073510819475,-1111.284250326833,eaab1708ca388033e741f56742381a7a1263cfafa2fbe8f413d450736cce3e74,30,0.0014225447084754705,27.51,0.8040568472633606,0.8040568472633606,0.8552805510802214,0.8929037131218007,0.9318872538307964,0.9623662939089871,0.9927840870164433,1.018595706457402,1.038839219287574,1.058932019316962,1.0692806152692231,1.0796863263611356,1.0976141825994161,1.1141180536920379,1.1301499839948383
aaro_14 >= aaro_14_sft_2,-0.010429869,98878,66009,32869,12.18,-8911.13859185882,-1241.2042464659753,fa1fba1a54e25d7a96ab29b0d7c633f260580ef2319f10dc44e85c501c26793f,30,0.0020146335009485483,27.51,0.837424316465146,0.837424316465146,0.8880173391769376,0.9282687471823302,0.9579801876277904,0.9846603940969973,1.0037902672090158,1.0183603106059076,1.0383790153946735,1.0572044611165772,1.0736441561556025,1.0902968504113755,1.105513034866464,1.119713134654457,1.1319660810273275
mom_2 <= mom_5_sft_1,-0.010429918,98878,49838,49040,12.08,-5401.416110337572,-896.0868200042605,99b230403b43b61a62d1e1bb62b812e1617b1ac927f76ee434dad8be358b43f3,30,4.5148946810513735e-05,27.45,0.8678410016947695,0.8678410016947695,0.9331475412381991,0.9837348385888788,1.011340098266331,1.039280199255511,1.0692163906009078,1.0839264597086598,1.0924924521456623,1.1057008668846204,1.1182502458878618,1.1284110588431362,1.1496777987522169,1.1648182804176042,1.1750442181365561
aarou_5 >= aarou_10_sft_3,-0.010432091,98878,55810,43068,12.12,-8214.1291406981,-1142.9156751117262,0f031b3780e6467809600593d6806420193325d9573f332c17b627db66a26893,30,-0.005485831294208765,27.23,0.8216446153612157,0.8216446153612157,0.8764495727277835,0.9188358034090123,0.9592872469019066,0.9916404251581473,1.0266446802149223,1.0399523008933402,1.0561405408211604,1.0779108101756651,1.0881775761007402,1.1049351270319825,1.1177433069624536,1.1283067993910478,1.1506571077804961
aarou_10 <= aarou_10_sft_1,-0.01043427,98878,84339,14539,12.28,-11006.793158621742,-1642.8073347083628,11ecda3140789fc7bb03c4e9ce6db1e36d26d05f5895e9047d4b04d8e05db454,30,-0.007217558100819588,27.31,0.8417862701234463,0.8417862701234463,0.8911285873164656,0.9345071546395569,0.9597593161563135,0.9818233331778594,1.0054832272789982,1.0251134831439064,1.042045156596791,1.0551045425627428,1.0683449303763881,1.0861229183345773,1.0979979767358887,1.1123402273065173,1.1224416326694047
adx_5 <= adx_5_sft_3,-0.010455641,98878,49318,49560,12.07,-7675.721586387583,-970.7067613583931,234f8ad1c2baf91b95c9f1aef2798b533888ce55558d2a8e51c247014080fabc,30,-0.005497905425727367,27.2,0.8103706176815079,0.8103706176815079,0.8644334644025974,0.8903495582240117,0.9134166894374302,0.9423198114070782,0.9630998291452852,0.9881510582778811,1.0036156489678347,1.0217694350168707,1.0424753491721799,1.0550501190469346,1.0676689291979373,1.0770389595693768,1.0883389815741105
willr_20 >= -10,-0.010464425,98878,10485,88393,11.42,-1290.991940022228,-175.85717271011526,69dfb876a37c1daf9322a675d7db45858b16e638e7217cc78e1177c12ffb23dc,30,-0.006227571051567793,26.64,0.8592131196059754,0.8592131196059754,0.9627201057347884,1.046312949378199,1.1305696055544607,1.1835123974690671,1.2259621053559346,1.2413414748824114,1.2570715512877109,1.2625193025906536,1.2685029918505122,1.2776109169215935,1.2866957992726789,1.2982196837538842,1.353877577305291
aarod_10 <= aarod_5_sft_1,-0.010465381,98878,57274,41604,12.12,-7714.095373350688,-1209.9521038665916,1c17b055d6052442bbc23e9c5f48c3b369df45790e4212d5edae44425931e847,30,-0.010917396284639835,27.03,0.8349664388131154,0.8349664388131154,0.8792016027901179,0.926319400581604,0.958267803596098,0.979745934979301,0.9940070030294823,1.009104554479062,1.0289506780108382,1.0526922124533262,1.0697150559688293,1.0868146887460703,1.0908037779997093,1.1066161604413436,1.1238534048265616
adx_5 >= 15,-0.010471031,98878,98168,710,12.39,-12292.179915137112,-1886.0533509376328,4118d96628e9d7109ca1b25b71d8f7665de5864ad974c7631ea4a76d380fc96f,30,-0.009969513863325119,27.41,0.8490547777401026,0.8490547777401026,0.9013198839921782,0.9398505821568797,0.9704243735775533,0.9963856861600162,1.0175288901761752,1.034668609160305,1.0512402957063285,1.0674964199094672,1.0823372252800887,1.0958508740895188,1.109362736171964,1.1219544360646172,1.1349897518590215
willr_30 <= -13,-0.010483973,98878,86182,12696,12.29,-12390.978318996236,-1700.3700624336125,c087f74a8ef9fdefe2bfbfe4c42e7c177e68996d73089fae9a8de15f5638210d,30,-0.007085815072059631,27.32,0.8224105613385385,0.8224105613385385,0.8692817433889396,0.9015460323568195,0.9264393411335106,0.9500320996462356,0.9745220940188881,0.9969796591732039,1.013993594342152,1.0347085217882142,1.0493997667493375,1.0615451479716023,1.0729861877348195,1.0824372042078405,1.08927661317146
aarod_14 <= aarod_20_sft_1,-0.010502418,98878,70945,27933,12.2,-10288.840636456272,-1505.4563318714645,1c17b055d6052442bbc23e9c5f48c3b369df45790e4212d5edae44425931e847,30,-0.004420233890414238,27.32,0.8241413106927343,0.8241413106927343,0.877771736036938,0.9197872960564826,0.9443144666175171,0.966352666379067,0.9905031026799567,1.0159404937109215,1.040688053999441,1.0569413334086442,1.0702011470506236,1.0815760269380967,1.091486337453971,1.1018071434697205,1.1078030893907689
mema_10 <= High_sft_1,-0.010527267,98878,72409,26469,12.21,-8476.884012172231,-1325.887284135475,272a901e1625028460b95370368ae350ea9835e10fc1933b41122586149e5de3,30,-0.011445747688412666,27.14,0.8606558584336067,0.8606558584336067,0.9178321110490976,0.9537086529436223,0.9914673339297485,1.015797351144332,1.0351550661530289,1.052655872446547,1.0651987484214962,1.077509267710669,1.0896050061272282,1.1009471357527532,1.1121073352627546,1.1214744775172292,1.1254946985256828
aarod_10 <= aarod_10_sft_1,-0.01054344,98878,84153,14725,12.27,-11467.892842616773,-1626.0937703542804,1c17b055d6052442bbc23e9c5f48c3b369df45790e4212d5edae44425931e847,30,-0.00405734870582819,27.37,0.8353762118931005,0.8353762118931005,0.8880816103668518,0.929345472743819,0.958302929886615,0.9828887521757657,1.0065266123476495,1.0268060515746145,1.0439664888000642,1.0594655703798004,1.0779146931739982,1.0935229619437927,1.1028547675942446,1.116920234705102,1.1275335182670396
aarou_10 <= aarou_5_sft_1,-0.01057631,98878,57641,41237,12.12,-7455.0066430152265,-1107.272620096206,11ecda3140789fc7bb03c4e9ce6db1e36d26d05f5895e9047d4b04d8e05db454,30,-0.005678198765963316,27.23,0.8419508306390137,0.8419508306390137,0.8833877830367245,0.9359781633185297,0.9765707432813127,1.0040426513239529,1.0245196626813968,1.044419433365546,1.0597006830219158,1.072701482913706,1.0851948120294739,1.1013415847556451,1.1074985733015954,1.1211601448348887,1.1300761840393794
mema_20 <= Close,-0.010580764,98878,47320,51558,12.05,-7115.823260032441,-866.3349595481995,7bbedcb317d5c12750ad9ed3d218721554e71f07d9c51daeb72ddac27b693913,30,-0.009343479759991169,27.01,0.8311636358324609,0.8311636358324609,0.9021077211421371,0.9610104593331872,1.0052771061791976,1.041748028369888,1.0682512090684193,1.096437207910921,1.117846602929046,1.1306280465104208,1.1434842641780358,1.1529693349356378,1.163671093775242,1.1810078436556135,1.1949300761673785
willr_20 >= -22,-0.010584791,98878,20789,78089,11.74,-3099.4777616635693,-392.24785457942926,69dfb876a37c1daf9322a675d7db45858b16e638e7217cc78e1177c12ffb23dc,30,-0.0070373257622122765,26.84,0.8354494083707794,0.8354494083707794,0.9159690833647801,0.9775237149400656,1.0503634490436404,1.096999485724417,1.1350405794589014,1.1580382563212799,1.1794751099118352,1.1819979616950327,1.1976465373189005,1.2152289969452639,1.2329207039603411,1.26964142399291,1.3079131861373074
willr_30 <= -14,-0.010585846,98878,85464,13414,12.28,-12351.534707714778,-1691.7020454278245,c087f74a8ef9fdefe2bfbfe4c42e7c177e68996d73089fae9a8de15f5638210d,30,-0.007977783679962158,27.3,0.8211574804148811,0.8211574804148811,0.867959147127633,0.9008034350309478,0.9255053926367419,0.9483844722450322,0.9732724803810945,0.9960983276531794,1.013285509052313,1.0342674006935413,1.0484796035671589,1.0606541933150584,1.071591071207342,1.08048328662062,1.086219108336988
sma_10 <= Open,-0.010592034,98878,48192,50686,12.06,-5554.8656968117775,-884.1189382987213,659d58123c665d04b1d1e2e117e70aed112d82f8ffe31d55b35e1d954526de02,30,-0.002369665540754795,27.34,0.8649285553548827,0.8649285553548827,0.9256815704843679,0.9631893325257219,1.001034886398654,1.0410868484733649,1.0703049843194485,1.095356569761098,1.113066717944762,1.1218139353105705,1.1381302350104359,1.151978935054057,1.1700337620730294,1.1856829208443647,1.1972181905582275
rsi_2 >= 9,-0.010596441,98878,87455,11423,12.29,-11595.903629572196,-1721.2894099471232,2aff2363e2a1ac18e5b09edc627fed21347731d4e6d91b606bf5ebf4ed170990,30,-0.004535209387540817,27.37,0.8435862406397241,0.8435862406397241,0.9055121487123086,0.9496917413323783,0.9831323616938967,1.0103798041307879,1.0367389385608874,1.0547995430871442,1.068879958475913,1.082842476865633,1.0982703540079186,1.110691622347693,1.1238233087668623,1.138017268225348,1.1498737788579112
adx_20 <= 9,-0.010623409,98878,1959,96919,9.95,-307.35338294215035,-38.43922094635491,3c92cb65188a6807549ad02f373e5063a01a53cbce3d2b8fe4af860199995f57,18,0.005843097344040871,25.06,0.7822530953451408,0.7822530953451408,0.8856242371527155,0.9368034822840934,1.0221513989383928,1.1024942567959477,1.1620050245511035,1.2045761732493792,1.2402241823676496,1.2361938598311872,1.2205363083428558,1.1919750777296396,1.1980302776601137,1.151800908814251,1.099155896118911
rsi_2 >= 6,-0.010628728,98878,90901,7977,12.31,-11681.215873277637,-1771.0568050046131,2aff2363e2a1ac18e5b09edc627fed21347731d4e6d91b606bf5ebf4ed170990,30,-0.006883806549012661,27.35,0.8474723835154222,0.8474723835154222,0.9093236147486209,0.9529280552411518,0.9830684460476458,1.0098089003858175,1.036182437842633,1.0543574815904904,1.068489424659063,1.0840132781144112,1.0978565788488237,1.110013296510024,1.1230615735153142,1.1358091641770105,1.147520809526441
aaro_14 >= aaro_20_sft_3,-0.010631068,98878,50621,48257,12.08,-6867.568116238603,-1009.7272599827993,fa1fba1a54e25d7a96ab29b0d7c633f260580ef2319f10dc44e85c501c26793f,30,-0.004438804928213358,27.25,0.8357575205368548,0.8357575205368548,0.8918355053454596,0.9330756217931813,0.9714064168418569,0.996623261680239,1.0229994089424854,1.0476690718730775,1.073472562775857,1.09259188276238,1.1095181536425398,1.127974976531652,1.139234775992969,1.146447046275948,1.152148227716681
aarod_10 >= aarod_30,-0.010632814,98878,49003,49875,12.06,-6821.807622147582,-899.3483470540741,010ce60baf3de2cf8c4bcfd243c9185441a26efa8e16690af1f746cc88b42f78,30,-0.01191442459821701,26.91,0.8267589053290115,0.8267589053290115,0.8827916436343791,0.9184235045279724,0.9451442445924267,0.9642755881054441,0.9901529244984935,1.0089144990807672,1.027587106175785,1.0405673809231686,1.053226820319612,1.0731907319823375,1.0993743472382789,1.1175857849301916,1.131704750097699
bb_lower_2_20 >= bb_lower_2_30_sft_2,-0.010650408,98878,61541,37337,12.14,-9365.610513328167,-1137.7924804301,14f3c68ebc76bb97608c90e96e22d07d8e6617ab0d939b3b0b66c54f45811d90,30,-0.007521396037191153,27.18,0.8144315130100238,0.8144315130100238,0.8669909315876023,0.9057096435436801,0.9388628151080811,0.9697200564940487,0.9972067649932133,1.021907557141152,1.0476205262697433,1.0770904457434163,1.0974981344308898,1.1104213503665747,1.1212563291743876,1.133539881368363,1.1462655590313418
rsi_10 <= rsi_2_sft_3,-0.0106585445,98878,48805,50073,12.06,-5509.114226850642,-899.5050272850713,f60792ba6ac5baece5de7ac90117c85055d233a86016db65a9b1851d8a518ee9,30,0.0008840208174660802,27.48,0.8609085385839969,0.8609085385839969,0.9177628407000289,0.9711072300709562,1.0066594224218568,1.0362447462851112,1.0599241126084566,1.0788857969550143,1.091833721250117,1.1128672498940868,1.122196309069482,1.134788970902858,1.1494421626146025,1.1624358315548429,1.1707671004689009
aaro_10 >= aaro_20_sft_1,-0.010668529,98878,52114,46764,12.09,-6555.872333931191,-992.5102132124593,fa1fba1a54e25d7a96ab29b0d7c633f260580ef2319f10dc44e85c501c26793f,30,0.0037381500005722046,27.6,0.8459260272019442,0.8459260272019442,0.9004242254245619,0.9354303463869649,0.9758862877929652,1.0032417453455518,1.0222315481824502,1.0374775038241235,1.0557235566909497,1.0790904363953597,1.104285410689413,1.118107252839467,1.1325726312281608,1.1433788224096986,1.1491539379640698
minus_di_5 >= 3,-0.010686813,98878,94692,4186,12.34,-11437.525983536256,-1839.3809810091843,a06e18f5f366aa3040f30d3f53c74e6c3d30e6b8f15e9282eabbaa7fe9dd85a0,30,0.015177958644926548,27.59,0.8513424986974121,0.8513424986974121,0.9067272763759082,0.9406975070122595,0.9686486556988054,0.9938759208454617,1.0178002434790863,1.0381380065405443,1.055371868865607,1.071533640700546,1.0863244242168417,1.098133430460514,1.1120076179978193,1.1257091606380283,1.1388612321369522
plus_di_20 <= 3,-0.010693341,98878,198,98680,4.55,-43.0599241387099,-3.1212999750496238,14a9c3710fc1b17e882c866201c8dfd17bc6a0c5cee2921d8c0a77ac8ad2afa3,26,0.0,0.0,0.5570245614521488,0.5570245614521488,0.6194471836731702,0.6410489674266371,0.6744289988180936,0.7264278925018537,0.8549991558160488,1.015606476486053,1.0972075844032854,1.2030514281221283,1.323246028777115,1.4597019355693734,1.476172263532553,1.449491778761836,1.4551734798323255
aarod_14 <= aarod_10_sft_2,-0.010710853,98878,58828,40050,12.13,-8725.017785768407,-1131.565345413277,1c17b055d6052442bbc23e9c5f48c3b369df45790e4212d5edae44425931e847,30,-0.0026918190997093916,27.35,0.8189795785968006,0.8189795785968006,0.8765389265611169,0.9170481510598402,0.9396727259763291,0.9645710430061627,0.9949018347923166,1.030873299390248,1.0541840706614312,1.0704663778140333,1.088024430982631,1.1075074607686373,1.1227138530415053,1.1330750055293033,1.1397925679121685
aarod_14 <= aarod_20_sft_3,-0.010732183,98878,62846,36032,12.15,-9510.056409474942,-1351.3751035653622,1c17b055d6052442bbc23e9c5f48c3b369df45790e4212d5edae44425931e847,30,-0.0032513588666915894,27.34,0.8179897419527374,0.8179897419527374,0.8782195243242635,0.9181623586896597,0.9459688183277807,0.9714211981649842,0.9992578883532764,1.0233088776049801,1.0457385844863278,1.0634609759516704,1.0772598210122188,1.0882496331811102,1.1003831587369919,1.1073519002734737,1.112712657852838
mom_20 <= mom_2_sft_3,-0.010744519,98878,50829,48049,12.07,-7611.66233835786,-1119.4827451221354,99b230403b43b61a62d1e1bb62b812e1617b1ac927f76ee434dad8be358b43f3,30,0.00040881073800846934,27.46,0.8059340506355356,0.8059340506355356,0.8401259008622844,0.866955384378065,0.8924440453277581,0.9080228895055309,0.9246731846080242,0.9407573168677003,0.9563734192016042,0.976091005538647,0.9957482179953672,1.0180939999930863,1.0428386875498652,1.0531831896402246,1.0602192195107374
minus_di_14 >= minus_di_5_sft_3,-0.010765831,98878,52593,46285,12.09,-6319.5272609006215,-996.2298304261276,a7c5a511f18bc4bc65b530c22aedd665cbba6e43036caf921c03925c9eff7340,30,-0.008816678076982498,27.08,0.8519928414828941,0.8519928414828941,0.9181990299572265,0.9613269881146559,0.9896286614217067,1.0175026877061097,1.0364103711970527,1.0499086253540946,1.0610418051196442,1.077274309499828,1.088931592072801,1.1017469614040485,1.1132019876978154,1.115391170158853,1.122839593280885
aarod_10 >= aarod_30_sft_3,-0.010786748,98878,50915,47963,12.07,-7129.323659547477,-957.2086942053429,010ce60baf3de2cf8c4bcfd243c9185441a26efa8e16690af1f746cc88b42f78,30,-0.013358961790800095,26.87,0.8242218987506656,0.8242218987506656,0.8805920612877702,0.923428842620024,0.9524474669432015,0.9691031312900867,0.9917860946408235,1.012234132996123,1.0351524305473503,1.0472538540106622,1.060884682312193,1.0793687783896673,1.0993633638322449,1.1218285818722133,1.1336142386987136
aarod_20 <= aarod_14_sft_2,-0.010791177,98878,48476,50402,12.06,-6883.02256029884,-921.5519853604783,1c17b055d6052442bbc23e9c5f48c3b369df45790e4212d5edae44425931e847,30,-0.0027294736355543137,27.32,0.8240913455916256,0.8240913455916256,0.8778608823322093,0.9180346324987644,0.9458270072330422,0.9742991411575727,0.9961094850528781,1.0121687866176383,1.0324436350115902,1.0557461826815528,1.0762082715822543,1.0923381081798187,1.1107116584520424,1.1230856510775606,1.143232808742574
willr_30 >= willr_10_sft_2,-0.010814292,98878,48616,50262,12.06,-7910.451846307748,-975.8852167032674,c76b2a6e6a9f1e35b75e815a28e530490275498e07d600be2da53b82c81b3953,30,-0.011996693909168243,26.9,0.8079984842536146,0.8079984842536146,0.8716987322458623,0.9114573014390747,0.9422602832254275,0.9714730275161831,1.0005583006637804,1.0228019939221746,1.0439675486805164,1.0489972278502584,1.0616547372483454,1.0760012714622673,1.0854159607306817,1.1002963601068267,1.113071930901464
aarou_10 >= aarou_20,-0.010834054,98878,46087,52791,12.04,-7339.637901045826,-996.251377194094,0f031b3780e6467809600593d6806420193325d9573f332c17b627db66a26893,30,0.0011109894840046763,27.5,0.8081062973933681,0.8081062973933681,0.8723107961927022,0.9085561415874418,0.9544296787578777,0.9867418329323309,1.0088902328652527,1.0233746284575262,1.0474770556339854,1.069769832431549,1.0953621013667805,1.1138508932983686,1.1339917250816058,1.1479772610410053,1.1652120009491007
sma_5 >= High_sft_1,-0.010839892,98878,15075,83803,11.58,-1805.002175435723,-278.2241014659885,2a2a894e2395475f18aac8b58b172590d4e9304b0f81f0d6018fc944d30d4b38,30,-0.0014074745122343302,27.3,0.8485610112572843,0.8485610112572843,0.8986729277861212,0.9630567777830703,0.9879108918825739,1.0363317999716388,1.085869036470087,1.114444420260282,1.1350281934101751,1.15738281248405,1.1732070042983442,1.1947219249774859,1.1925572309581616,1.1861499694581994,1.2276093704500488
minus_di_14 >= 20,-0.010842215,98878,57010,41868,12.11,-7839.2634332292,-1191.6051665979612,a06e18f5f366aa3040f30d3f53c74e6c3d30e6b8f15e9282eabbaa7fe9dd85a0,30,0.026954563334584236,28.48,0.8186802232882983,0.8186802232882983,0.8726462449983404,0.9041988089970602,0.9319166379155924,0.9582405560384509,0.9859346113053933,1.0146973266079684,1.043261264542054,1.078122120137858,1.1075555933443155,1.1340210313870385,1.1528831522737923,1.1653258852725696,1.1835963409358623
willr_30 >= -2,-0.010862683,98878,3481,95397,10.54,-30.738031864340883,-55.282943087193416,69dfb876a37c1daf9322a675d7db45858b16e638e7217cc78e1177c12ffb23dc,30,-0.004102208185940981,26.49,0.9889861174206833,0.9889861174206833,1.1655227794742427,1.2211083361608632,1.3264326441316938,1.2633632622631308,1.274312275295949,1.2592944641353716,1.2870346683522762,1.2929726068721752,1.3301917950118531,1.3277808947117407,1.3682745384047865,1.4376349786397402,1.5194936994124235
stdev_10 <= stdev_14_sft_3,-0.0108701615,98878,64045,34833,12.15,-9474.068423287248,-1249.5926669147157,76cc05d7e847d59489f80a379ae9909f097acc0055c98dd465d85c99099ff3c8,30,-0.006362810265272856,27.24,0.8166003670251308,0.8166003670251308,0.8634974426681142,0.8932853852625122,0.9228577863930869,0.959857294839964,0.9829077153804503,1.0038199365978604,1.0202490515412086,1.0404330998611477,1.058656431245274,1.077468120958464,1.0919142228170686,1.1015380510722186,1.1069678706873005
plus_di_10 <= plus_di_5_sft_2,-0.01089099,98878,44585,54293,12.02,-5292.008632784004,-841.4890287475428,bd972efc927c87708f479b3c989a305bfeb89b6aa0381d01606955fa59f6baca,28,0.006085007917135954,27.26,0.8558295909191852,0.8558295909191852,0.9099173287230703,0.9464149130686821,0.9775585570752697,1.0101985322960727,1.0276983949408032,1.057557394281757,1.0702349698448963,1.0807094076269868,1.088991730752371,1.096142845016423,1.113054876718855,1.1269096641375047,1.1242677614130545
plus_di_30 >= plus_di_30_sft_1,-0.010908298,98878,29307,69571,11.86,-4976.225485609605,-564.3849759277655,e29890bc12ea37e8ab50982e55f5d20643af7c43a2ddc27569a065e219a2f597,30,-0.005572683643549681,27.06,0.8026264789299628,0.8026264789299628,0.8687787723979526,0.9166531785695571,0.9595279561391585,1.0012035120926157,1.0223713046162843,1.0367119389085127,1.0524182622427547,1.0691474971186834,1.0865996871002614,1.1011389087449717,1.1049482996868045,1.112467257503823,1.1396615578766487
aarod_5 <= aarod_5_sft_3,-0.010931733,98878,64316,34562,12.15,-8277.265402910241,-1173.2700205802976,1c17b055d6052442bbc23e9c5f48c3b369df45790e4212d5edae44425931e847,30,-0.004063091240823269,27.31,0.8452566849156707,0.8452566849156707,0.9025218627859185,0.94217987812392,0.9663629479099174,0.9883561074738354,1.007540920331692,1.0354228891555743,1.050699232550278,1.062420255336863,1.079484993179785,1.091573243828213,1.112630227383035,1.1276969408985222,1.1365303106700155
adx_5 <= adx_5_sft_2,-0.0109639885,98878,48684,50194,12.05,-7564.940647626274,-979.8718446060011,234f8ad1c2baf91b95c9f1aef2798b533888ce55558d2a8e51c247014080fabc,30,-0.006949143949896097,27.13,0.8114767318317961,0.8114767318317961,0.8700698883628365,0.8994251071338486,0.917281175902546,0.9435839807692603,0.964455153205269,0.9868230444081985,1.0009513330101423,1.0187159906593748,1.0370585712230034,1.0505745960106596,1.0629401956111169,1.0738040613155864,1.0823287518878553
aarou_30 <= aarou_20_sft_1,-0.010969526,98878,42098,56780,12.0,-5372.1024582870305,-761.3495535130787,11ecda3140789fc7bb03c4e9ce6db1e36d26d05f5895e9047d4b04d8e05db454,30,-0.0009519107406958938,27.4,0.8446001648855154,0.8446001648855154,0.9025273344015384,0.9581340287262544,0.9971848098975337,1.0305011870378296,1.0558259226042508,1.0808125242300242,1.1073760776313992,1.1223176530658445,1.1405709521684826,1.1543270549613418,1.1612073655839938,1.180046088872614,1.1974741460984313
rsi_5 >= rsi_5_sft_3,-0.010970788,98878,49595,49283,12.06,-8535.045138041627,-1047.8672451464226,9c5304fe9d592b70a0c6b3286ed47e7bf2dda0b94ec7966217da111653dec0de,30,-0.009533122181892395,27.02,0.8002218823476933,0.8002218823476933,0.8646076178500341,0.9142638980904436,0.9517197668709946,0.9847955969166308,1.0163793792662956,1.0363467866554203,1.0558327704160284,1.0697925805733004,1.0859899675768527,1.0983533143189126,1.105144581587421,1.1290067346178554,1.1424348766062775
mom_2 >= mom_15,-0.010974455,98878,51559,47319,12.07,-8425.369436266617,-1114.9797070356362,eaab1708ca388033e741f56742381a7a1263cfafa2fbe8f413d450736cce3e74,30,-0.00042340822983533144,27.43,0.792949259248509,0.792949259248509,0.8328505796690512,0.8619048372772065,0.8835391991683937,0.905111428147526,0.9280985355800881,0.9486806809810677,0.9696020441147174,0.9966579406652072,1.0192474192528942,1.0348467303691191,1.042805712156489,1.057000256370663,1.0706323589523925
mema_20 <= High_sft_3,-0.010992369,98878,64866,34012,12.16,-7480.607728312556,-1140.5696827509018,272a901e1625028460b95370368ae350ea9835e10fc1933b41122586149e5de3,30,-0.010612139478325844,27.1,0.8611006929019918,0.8611006929019918,0.912736625910236,0.9591535821160354,0.9922994761533118,1.0149778119051343,1.036756210455458,1.0556047051784094,1.0644666919899792,1.0769897462768219,1.0922373248931108,1.1070400028582177,1.124048714757385,1.1283260041673169,1.146388750898346
adx_5 <= 24,-0.011016576,98878,9937,88941,11.33,-1694.9649468737334,-217.53670135032735,3c92cb65188a6807549ad02f373e5063a01a53cbce3d2b8fe4af860199995f57,30,0.0016430583782494068,27.66,0.786003181322965,0.786003181322965,0.8266678076996143,0.8306158952449084,0.8471401705918514,0.9064189303999999,0.9494292200070674,0.9653283562993745,0.9833660114334641,1.01500198133879,1.0358632173634317,1.0744546841881004,1.1000484592737245,1.130892803803988,1.1594974997899823
willr_20 >= -24,-0.011024856,98878,22390,76488,11.75,-3425.889324162461,-422.882821006453,69dfb876a37c1daf9322a675d7db45858b16e638e7217cc78e1177c12ffb23dc,30,-0.006927079521119595,26.87,0.8312002046364079,0.8312002046364079,0.9124664051360916,0.9701636980624492,1.0403536687585009,1.0849082305760995,1.123812602169941,1.1476639180398216,1.1683689945882416,1.173893607472319,1.1946631316698089,1.2174031807094314,1.2315329931221477,1.2658672305778988,1.2987501977759548
adx_10 >= adx_14_sft_3,-0.0110652745,98878,71090,27788,12.19,-8570.07370387849,-1327.092742909852,fd7b69234972b511c2e03a174ce4b77d38140d5e70cabc298bd88fa9bb05adbf,30,2.002663677558303e-05,27.45,0.8502515469958024,0.8502515469958024,0.9080849094558479,0.9471215336574698,0.9734868597243319,0.9944779214233553,1.009381727025675,1.027301414280655,1.0408768967852526,1.0540301824721956,1.0700020838132092,1.0864585377142288,1.1009309189145642,1.1126193166642226,1.1221263954594782
aarod_5 <= aarod_14_sft_3,-0.011076096,98878,53654,45224,12.08,-7957.823400848299,-1043.5647005306382,1c17b055d6052442bbc23e9c5f48c3b369df45790e4212d5edae44425931e847,30,0.00044112326577305794,27.46,0.8241132109305369,0.8241132109305369,0.8789120700637397,0.9128269900438736,0.9410443870109729,0.9643338600979564,0.9893606410999042,1.0145981051201818,1.032272915182031,1.0475372206453057,1.0669064708032017,1.0815065336414893,1.1067522215082368,1.1188629870289355,1.1292552524069885
plus_di_30 <= plus_di_30_sft_1,-0.0111725135,98878,70507,28371,12.18,-8870.373442426553,-1372.2518240766294,bd972efc927c87708f479b3c989a305bfeb89b6aa0381d01606955fa59f6baca,30,-0.008147002197802067,27.21,0.8415822628549487,0.8415822628549487,0.8908156819401545,0.926803699212172,0.9524781874844017,0.9723742688867343,0.9966315285921125,1.019883750053416,1.0378638397184232,1.0541163076219282,1.0682797608525751,1.0816968643740978,1.0998163436591952,1.1129628268074665,1.1181116757277993
willr_30 >= 0,-0.01118289,98878,2116,96762,9.92,115.40260041423608,-25.778968175050977,626469ba46e82766ce5b3089ecf6b9c8cc864cc725a917d504c11f3428566108,30,-0.005909711122512817,25.66,1.0724332119833082,1.0724332119833082,1.2550431547223964,1.2884520802519883,1.3680666033270976,1.3555381454084745,1.3801851155664433,1.3964082484353404,1.3820278815907512,1.4201169699605016,1.4657636851640437,1.4396521328002967,1.4909866368320768,1.56986034511362,1.672433601673893
stdev_10 >= stdev_14,-0.011193552,98878,30557,68321,11.87,-4456.34346956799,-578.2854783163857,a092dbfa6dbefd1d342d1a211503f33f5c7745cd5359e4d4115f2b75459bc7b9,30,-0.0027146032080054283,27.26,0.8250804995726754,0.8250804995726754,0.8903300530744956,0.9285632697087445,0.9493490866522974,0.9470831436146102,0.9648091156916268,0.9930143509910974,1.0144058812148429,1.0279067664577068,1.047634345080158,1.0537278731348816,1.0600266006734842,1.0829572452717389,1.1053398350700057
stdev_30 >= stdev_20_sft_1,-0.011227294,98878,75561,23317,12.21,-11274.785318807553,-1480.7656499776058,a092dbfa6dbefd1d342d1a211503f33f5c7745cd5359e4d4115f2b75459bc7b9,30,0.0032745993230491877,27.53,0.8193855580743221,0.8193855580743221,0.8721118602871929,0.9145709251899962,0.9472468854437349,0.9761923068186446,1.002464489883673,1.0244383271526563,1.0485743117366682,1.0710690290714397,1.0925252953901978,1.1076670931706456,1.1214301777463827,1.1354777498696669,1.1496492793489759
plus_di_10 <= 1,-0.011257823,98878,243,98635,4.94,-60.03384576551616,-3.949299941697973,14a9c3710fc1b17e882c866201c8dfd17bc6a0c5cee2921d8c0a77ac8ad2afa3,30,0.0,0.0,0.5488345279252079,0.5488345279252079,0.5884009693966284,0.6279231028278034,0.6123821174403009,0.5865706668685945,0.5929692396191986,0.6261451060045884,0.6552944979137956,0.6851069721768948,0.6995831572841889,0.7973407498277001,0.8720218915631854,0.9206815033686375,1.0280706835951297
plus_di_5 >= plus_di_10_sft_2,-0.011264533,98878,37949,60929,11.95,-6212.852728177706,-743.2758337583291,e29890bc12ea37e8ab50982e55f5d20643af7c43a2ddc27569a065e219a2f597,30,-5.019881064072251e-05,27.44,0.8073015413933381,0.8073015413933381,0.8864596313797257,0.9331265427488267,0.9858434341847528,1.0175017979943526,1.0437521718993366,1.0628015993777253,1.0888678786831716,1.108193183992444,1.1248229928164761,1.1343120861164737,1.1385845624530064,1.1504515870572503,1.1711950231453567
aarou_20 <= aarou_10_sft_1,-0.011310706,98878,49543,49335,12.05,-6929.525322366157,-968.7464398330194,11ecda3140789fc7bb03c4e9ce6db1e36d26d05f5895e9047d4b04d8e05db454,30,-0.0027216013986617327,27.32,0.8300655360678119,0.8300655360678119,0.8860153847335417,0.935041967461422,0.970671890704313,0.9969922187831461,1.016088892143592,1.032682631649494,1.0552854520496422,1.07692239111958,1.0975681509428417,1.1224535611606883,1.13458435817471,1.1561581257274218,1.1689256901545648
rsi_2 >= 5,-0.01135223,98878,92056,6822,12.32,-11794.320718096329,-1795.0189578474237,2aff2363e2a1ac18e5b09edc627fed21347731d4e6d91b606bf5ebf4ed170990,30,-0.00632286723703146,27.37,0.8476640054443358,0.8476640054443358,0.9085265180002315,0.9526048158962115,0.9831256317690139,1.0098956480998207,1.0361069485787124,1.0537393916965145,1.0681354776076835,1.0832729887095272,1.0968347548205455,1.108661668931785,1.1225885091960692,1.134623123465313,1.1463233778746869
aarod_14 <= aarod_20,-0.011363965,98878,77479,21399,12.22,-11036.305142991467,-1627.9350469293786,1c17b055d6052442bbc23e9c5f48c3b369df45790e4212d5edae44425931e847,30,-0.003800717182457447,27.36,0.8261860572362767,0.8261860572362767,0.8820346789172053,0.9183712267637519,0.9432916321847986,0.9658497517446855,0.9894587437253074,1.0134653712508117,1.0370573048223068,1.0526020540568939,1.0644049274057992,1.0770859613328334,1.0864787231527149,1.0981383191704461,1.1055582038549958
willr_20 >= -21,-0.011377449,98878,20003,78875,11.67,-2851.8199355897523,-367.9100454362124,69dfb876a37c1daf9322a675d7db45858b16e638e7217cc78e1177c12ffb23dc,30,-0.0069851079024374485,26.83,0.8412900755636061,0.8412900755636061,0.9270721958987056,0.987117008462653,1.0699449549482931,1.1186715270679748,1.1545130284427336,1.176216824131631,1.1994976018358976,1.1994503780957568,1.2131740890317761,1.2311755717993262,1.2491032553192687,1.2868714080546602,1.3270825521891894
aarou_10 <= aarou_10_sft_3,-0.011387146,98878,69730,29148,12.18,-9546.908733585806,-1357.230768140449,11ecda3140789fc7bb03c4e9ce6db1e36d26d05f5895e9047d4b04d8e05db454,30,-0.0058829584158957005,27.28,0.8336469914865923,0.8336469914865923,0.8914304504642528,0.9329994217558963,0.9530728442671701,0.9785645048390651,1.0011704632320193,1.0266606563773335,1.0366924191977895,1.0455573294467675,1.061339814828157,1.0768018395367633,1.0956531495796034,1.1073505519762095,1.1154216118982805
bb_lower_2_10 >= bb_lower_2_30_sft_1,-0.011391946,98878,73720,25158,12.2,-10299.085092036468,-1328.237310096105,14f3c68ebc76bb97608c90e96e22d07d8e6617ab0d939b3b0b66c54f45811d90,30,-0.013498378917574883,27.09,0.8296662595059495,0.8296662595059495,0.8865968474244255,0.9270791954954075,0.9582915521004488,0.9923235710770015,1.0185002556866853,1.039900172628711,1.0592131210707276,1.0777384518484459,1.0938544249804887,1.1106067716575787,1.126020768387946,1.1382726161984278,1.1495027889925766
aarod_10 <= aarod_14_sft_1,-0.011396433,98878,71192,27686,12.18,-9394.663533682604,-1383.064204755421,1c17b055d6052442bbc23e9c5f48c3b369df45790e4212d5edae44425931e847,30,-0.00204913760535419,27.39,0.8387290352108251,0.8387290352108251,0.8846870745387752,0.9207149057949047,0.9516890313594846,0.9768106661438817,0.9969452528192879,1.0161252421226927,1.032433986679354,1.0576596000765854,1.0802613270592814,1.094110201878165,1.1039022514675534,1.1175932635581067,1.1273081513682952
aarod_5 >= aarod_20,-0.0114234425,98878,54422,44456,12.08,-7167.7625005919435,-1042.8548537284078,010ce60baf3de2cf8c4bcfd243c9185441a26efa8e16690af1f746cc88b42f78,30,-0.010573607869446278,27.02,0.8352160322984381,0.8352160322984381,0.8845241579314002,0.9226728908056269,0.9529272076867806,0.9815468603317882,0.9992410315828831,1.0112699568955523,1.032776834246343,1.053979678957136,1.0720331351515526,1.0860581058677294,1.0944312949788284,1.1107065335396094,1.1333925167056524
mom_10 >= mom_2_sft_2,-0.011433486,98878,49696,49182,12.04,-6681.896982193837,-919.1989461814155,eaab1708ca388033e741f56742381a7a1263cfafa2fbe8f413d450736cce3e74,30,-0.007662052754312754,27.1,0.8462838285557477,0.8462838285557477,0.9109259002516381,0.9604120572497652,1.0048976259643219,1.0299403069857491,1.0555369925110467,1.0709290176400155,1.0907579364996438,1.1030101400441406,1.1176719086487241,1.1285541370963044,1.137272120623141,1.149748055050247,1.1689369365010562
plus_di_20 <= plus_di_14_sft_3,-0.011449134,98878,48788,50090,12.04,-6719.156931099664,-997.9829691136911,bd972efc927c87708f479b3c989a305bfeb89b6aa0381d01606955fa59f6baca,30,-0.01409065630286932,26.81,0.8293650905672332,0.8293650905672332,0.8796583061489199,0.906930334670598,0.9256808345659191,0.9493657253043268,0.9706150562196897,0.9872485109445824,0.9961283067547618,1.0066928418164416,1.015278815362296,1.0263282318958296,1.0411508308074315,1.0410204450226397,1.0524658907497915
aaro_10 >= aaro_20_sft_2,-0.011451581,98878,51718,47160,12.06,-6625.561402142026,-1003.1448831440721,fa1fba1a54e25d7a96ab29b0d7c633f260580ef2319f10dc44e85c501c26793f,30,0.0006820250418968499,27.47,0.8436478824171634,0.8436478824171634,0.8936644022994712,0.9260805166092837,0.9743895184638681,1.002417535415605,1.0193450073030768,1.0338569935716144,1.052392264189355,1.0763998831169055,1.0990558550013996,1.1121274165617832,1.1261398784224943,1.134214075058299,1.1426113254336132
aarod_5 >= aarod_30_sft_3,-0.011461981,98878,55366,43512,12.08,-7071.129869279805,-1029.9413853688675,010ce60baf3de2cf8c4bcfd243c9185441a26efa8e16690af1f746cc88b42f78,30,-0.014617650769650936,26.87,0.8376416304584834,0.8376416304584834,0.8889932558167096,0.932911061473307,0.9591381504596737,0.9844195096349623,1.0080455870249283,1.0201608907263557,1.0391767299812942,1.0560629151996783,1.076775720477953,1.09505473503129,1.105576501876531,1.1269838605882405,1.141298103772295
rsi_10 <= rsi_2_sft_2,-0.011471579,98878,48799,50079,12.04,-5615.391766848879,-907.4170411470186,f60792ba6ac5baece5de7ac90117c85055d233a86016db65a9b1851d8a518ee9,30,-0.0015346070285886526,27.38,0.8597950648306065,0.8597950648306065,0.9205287033407986,0.9667410494366186,1.0094288068727308,1.0456421077660008,1.0718960793045762,1.0915194359086997,1.1012159316190553,1.1235869258206672,1.1384894551175602,1.14300482894233,1.1637132815523876,1.177365865176172,1.1853075503372963
rsi_10 <= rsi_5_sft_1,-0.011477131,98878,48695,50183,12.03,-5371.8899587971155,-885.0030599323145,f60792ba6ac5baece5de7ac90117c85055d233a86016db65a9b1851d8a518ee9,30,-0.002416699193418026,27.34,0.862952458725101,0.862952458725101,0.9218106335449293,0.9654963714306782,1.005138179250791,1.0368802630429732,1.0662045264164408,1.0843268664320511,1.1011938167929889,1.1144942297496359,1.1234179644458895,1.13497041637982,1.1452380518824938,1.1545834712309433,1.161112931633003
aarod_10 >= aarod_30_sft_2,-0.011486301,98878,49872,49006,12.04,-7022.495576039237,-930.8656682782821,010ce60baf3de2cf8c4bcfd243c9185441a26efa8e16690af1f746cc88b42f78,30,-0.013024815358221531,26.87,0.8239048484870864,0.8239048484870864,0.8838939832089195,0.9237239837318805,0.9500790555452363,0.971708697422734,0.9951739969854538,1.0119671181404575,1.0350206141069187,1.0470561401708265,1.0566117348137176,1.076352773831202,1.0964469151168235,1.1159889280845556,1.126937522644517
sma_10 <= High_sft_1,-0.0114932945,98878,68940,29938,12.17,-8269.26867683374,-1258.4722918933912,96dbcbed1df94b1ba010b345e5b1a9039b5cdd6019405ebbb50c28754007bf82,30,-0.01058247685432434,27.13,0.8580816284531396,0.8580816284531396,0.9123219794922931,0.9510147365500997,0.9894312225051419,1.0174799150441476,1.0392730771357652,1.0569853105998255,1.0698484855083679,1.0820250944414616,1.095231588365659,1.1065491723004555,1.1192193244424662,1.1295865767332078,1.1368967601214626
rsi_2 >= 8,-0.011493368,98878,88536,10342,12.29,-11644.124069299432,-1746.677300024232,2aff2363e2a1ac18e5b09edc627fed21347731d4e6d91b606bf5ebf4ed170990,30,-0.006490837782621384,27.35,0.8445884293369801,0.8445884293369801,0.9065347218333091,0.9511434691516941,0.9835680600053657,1.0113148385861126,1.0372474245683612,1.0545106669996622,1.0684592906740944,1.0828513508336357,1.0979749235420933,1.1094149242280684,1.1228473348154195,1.1360792933364483,1.1474736202222668
aarod_14 <= aarod_20_sft_2,-0.011508239,98878,66356,32522,12.15,-9633.761971393269,-1410.751892154025,1c17b055d6052442bbc23e9c5f48c3b369df45790e4212d5edae44425931e847,30,-0.00484130484983325,27.29,0.8241857622914867,0.8241857622914867,0.879726941827704,0.9214634941679183,0.9467624821754118,0.9702756809049526,0.9967797042281646,1.0236912642145086,1.0491677940627873,1.0677785551933074,1.0810914578711253,1.0905637279567606,1.1028849743951243,1.1099364480274119,1.1163377131031174
minus_di_10 <= minus_di_10_sft_3,-0.011524518,98878,55695,43183,12.08,-9036.785296565347,-1114.9913720330587,6ead8d4aff114cb978d2a5e9b1dcb95b84dfa27fd6f0f40b385ac29b242b16ea,30,-0.0065095010213553905,27.19,0.8103923633358612,0.8103923633358612,0.8740396417724356,0.921148576948512,0.9546927498322839,0.9874393210806554,1.017188261143452,1.0412617881211859,1.058020304581366,1.0652436713814775,1.083393472260005,1.097948734628468,1.1113222771511986,1.1291424391185794,1.138063513741744
bb_lower_2_10 >= bb_lower_2_20_sft_3,-0.011531465,98878,65363,33515,12.15,-8994.55493727058,-1199.4047299234226,14f3c68ebc76bb97608c90e96e22d07d8e6617ab0d939b3b0b66c54f45811d90,30,-0.009759311564266682,27.13,0.8342766249593463,0.8342766249593463,0.8923334005352354,0.9277625554358597,0.9603239159919088,0.994769052880779,1.0195743580948,1.0373648810490537,1.0569821183845525,1.077356128310374,1.099097924397084,1.119506994993397,1.137950096199738,1.1492065936748994,1.1576197706250473
aarou_30 >= 14,-0.011541728,98878,73436,25442,12.19,-9238.674237183997,-1368.9367147493977,dcb58ce780511e98834e39247d27a6ee8873b25591939e1839bb93ebed46e76d,30,-0.019569378346204758,26.93,0.8472257504703533,0.8472257504703533,0.9016446896888677,0.9447489041496189,0.9760365126700148,0.9991013145193108,1.0216237771998078,1.0359489908863306,1.0465079022411492,1.0597394975869283,1.070798462361132,1.0834115537038445,1.096883099164319,1.1117493185800438,1.124401515368947
willr_30 >= willr_14_sft_1,-0.01155527,98878,49253,49625,12.04,-7791.857256665325,-980.258826127967,c76b2a6e6a9f1e35b75e815a28e530490275498e07d600be2da53b82c81b3953,30,-0.018378449603915215,26.62,0.8120230248287607,0.8120230248287607,0.8744912903876203,0.9148475210049413,0.9477297063135914,0.9684352769582987,0.9939912201853401,1.0150038666715457,1.0260867650925092,1.0285887480448546,1.0424786958344368,1.0544677124014772,1.0661106073923299,1.0763254175827197,1.0969220514505449
plus_di_20 >= 7,-0.011556036,98878,97157,1721,12.37,-13649.867715796212,-1909.5552210743772,4f583626fd6f59b1b2e0825c720b1d1aad3858951a5b50964ea86a5c13485b5d,30,0.011148152872920036,27.51,0.8306637062135109,0.8306637062135109,0.8853932671156421,0.9233127687631854,0.953098319298475,0.9788484763821393,1.0027499155472486,1.0236868966793127,1.0426856424106266,1.0604752501530124,1.0765693983240214,1.090998176376466,1.1047271925270055,1.1172352873430382,1.1294828539945687
mom_10 >= mom_10_sft_2,-0.011566419,98878,50800,48078,12.05,-8677.81790250841,-1044.9679481157145,eaab1708ca388033e741f56742381a7a1263cfafa2fbe8f413d450736cce3e74,30,-0.007437719032168388,27.12,0.8022094307656106,0.8022094307656106,0.8565511305945419,0.8989431533417379,0.9443112675111598,0.9689947250943515,0.9953318584930468,1.0213527193828513,1.0418785509772743,1.055144917470913,1.0783016017495335,1.0943659832610844,1.107524074773137,1.1259776679903246,1.1427288485129783
aaro_10 >= -99,-0.011577645,98878,93951,4927,12.33,-12230.012960060863,-1809.4242915269424,0811e6227d0d089f2d69284c6ea7ddd7761288c8d873ca997aaf34687b2f23f1,30,-0.008727245032787323,27.36,0.8441851681937561,0.8441851681937561,0.8974587200169494,0.9371283619502628,0.9691983723265186,0.9938191472511142,1.0152047770227364,1.0323287226936546,1.0490291544848558,1.0664803367561124,1.0809821878177581,1.0956893843998579,1.1094493444353635,1.1232709491882484,1.1337636872771972
adx_5 <= 21,-0.0115963565,98878,5094,93784,10.78,-783.3901141685201,-101.69867895574134,3c92cb65188a6807549ad02f373e5063a01a53cbce3d2b8fe4af860199995f57,30,-0.001029898994602263,27.25,0.8032285843951374,0.8032285843951374,0.8056221288547316,0.8020093977293188,0.817820608591433,0.8871017490647909,0.9178012799691389,0.9108677398086064,0.9028343416122111,0.9390214909771987,0.9495339442881322,0.9912275702782064,1.0341402207451853,1.095512704762343,1.1307166306367566
willr_30 <= -11,-0.01159672,98878,87986,10892,12.28,-12780.235945043012,-1751.911167167047,c087f74a8ef9fdefe2bfbfe4c42e7c177e68996d73089fae9a8de15f5638210d,30,-0.009316346608102322,27.3,0.821121132395708,0.821121132395708,0.8685430717893146,0.9019835047322126,0.927174108305596,0.9511249838387928,0.9766314932596334,0.9993991044505436,1.0183383726780149,1.0385287294112817,1.053494824887981,1.0656879361101506,1.0770530314584648,1.0872310481971044,1.0949196357299145
aaro_14 >= aaro_14_sft_3,-0.011619155,98878,61080,37798,12.12,-8779.572488300684,-1175.502047211572,fa1fba1a54e25d7a96ab29b0d7c633f260580ef2319f10dc44e85c501c26793f,30,0.0007292338996194303,27.47,0.8277953943253534,0.8277953943253534,0.8830441807491761,0.926277238200884,0.9588451077023183,0.9837639923199493,1.0019673242237286,1.0200492730541308,1.042854136032885,1.0593230207113196,1.0786018213248345,1.0944251468236332,1.1124698431766968,1.1242616347646412,1.1374215557964218
willr_20 >= -23,-0.011627688,98878,21619,77259,11.69,-3312.9998364253697,-409.31091753259534,69dfb876a37c1daf9322a675d7db45858b16e638e7217cc78e1177c12ffb23dc,30,-0.007529637776315212,26.81,0.8305875083996117,0.8305875083996117,0.9127211289335156,0.9721560430413679,1.045287971992903,1.0900842610553034,1.1283732478555022,1.1532788912787628,1.1751264619503645,1.1782114476675898,1.1972950731232492,1.2160337892988968,1.230363946686962,1.2667605921027878,1.3035196852876312
aarod_5 <= aarod_5_sft_2,-0.0116520375,98878,70198,28680,12.17,-8582.664824008916,-1299.593747910454,1c17b055d6052442bbc23e9c5f48c3b369df45790e4212d5edae44425931e847,30,-0.006682182662189007,27.25,0.8525781165026651,0.8525781165026651,0.9082192936305711,0.9362395840397898,0.966974347940487,0.9912268578177392,1.0121472161086997,1.0384943850847144,1.0560910049342154,1.0695271368220771,1.0865493821155308,1.0986742498037114,1.117628225404788,1.1307213815230184,1.1432167997877742
mom_10 >= mom_10_sft_3,-0.011683629,98878,50751,48127,12.04,-8244.687837450823,-988.511017064593,eaab1708ca388033e741f56742381a7a1263cfafa2fbe8f413d450736cce3e74,30,-0.00551278842613101,27.21,0.8117538442772911,0.8117538442772911,0.8752981831872613,0.9165506647794156,0.9530561350048725,0.9775232806705827,1.0030084011285874,1.0237390320133857,1.0409328082062856,1.062825178806894,1.0832996317477077,1.0990120224106583,1.1114236743250787,1.1321110840585453,1.1502149020661356
aarod_5 <= aarod_10_sft_3,-0.0116836745,98878,57335,41543,12.09,-8415.427456846111,-1087.4285643577678,1c17b055d6052442bbc23e9c5f48c3b369df45790e4212d5edae44425931e847,30,-0.0009436589316464961,27.41,0.8249951779143894,0.8249951779143894,0.8814892439294097,0.9145623908428543,0.941756541720046,0.9667499738024713,0.9906621004784715,1.0176422864102885,1.034661528587365,1.046581836017314,1.0653311843232929,1.0818471991216951,1.1043246123160824,1.1149432984515613,1.125534727173166
mom_5 >= mom_2_sft_2,-0.011689519,98878,50446,48432,12.04,-6858.886988747189,-952.5233610613795,eaab1708ca388033e741f56742381a7a1263cfafa2fbe8f413d450736cce3e74,30,-0.007928136736154556,27.1,0.8430339435882002,0.8430339435882002,0.9089336923370221,0.9584853364941268,0.9961915174338094,1.0269685574761132,1.056241565126332,1.0779602781855662,1.095701743558986,1.1056310846587771,1.118247182665922,1.1355781319397025,1.1417979473375381,1.1522963134994046,1.1681970918725932
mom_5 >= mom_15_sft_1,-0.0117103495,98878,51020,47858,12.04,-9052.055747095863,-1120.9652475023904,eaab1708ca388033e741f56742381a7a1263cfafa2fbe8f413d450736cce3e74,30,0.0013875204604119062,27.5,0.7847025656993035,0.7847025656993035,0.8327630258193885,0.8725937629235824,0.8939938053590659,0.9239382250627575,0.9538916093876041,0.9737669407188045,0.9962229601729896,1.0175160135770975,1.031971438161242,1.04052089674054,1.054021840098303,1.0730903923245922,1.0892386549528983
mom_20 <= mom_5_sft_1,-0.011711322,98878,50819,48059,12.04,-7772.789770036242,-1094.4387494309412,99b230403b43b61a62d1e1bb62b812e1617b1ac927f76ee434dad8be358b43f3,30,0.0017575824167579412,27.52,0.8045289727751376,0.8045289727751376,0.840092809373426,0.8723115714657966,0.9031352305548697,0.9228455168843687,0.9476442491608422,0.9631855598378827,0.982881051510134,1.0044198199311616,1.02092384116944,1.0359406844077768,1.059072836796634,1.0666896310016727,1.0730030052768726
bb_upper_2_10 >= Open,-0.011734597,98878,96996,1882,12.36,-12403.692646970656,-1870.405435223969,b9d721b063ab074b58b1a5bd814eb02ac6c1b043f0a074ad3a14386d3b8cadb1,30,-0.004227238241583109,27.42,0.8460178322381326,0.8460178322381326,0.8995916895640675,0.9342415656521192,0.964894446923494,0.9922888958308679,1.0142055713931029,1.0311400358609284,1.047037199389421,1.0628109482589052,1.0773019745742738,1.0910625288362241,1.1059299512223864,1.1181575009868627,1.1311580250342992
aarod_30 >= aarod_20_sft_2,-0.011743017,98878,63236,35642,12.13,-8372.737732347981,-1179.548035107524,010ce60baf3de2cf8c4bcfd243c9185441a26efa8e16690af1f746cc88b42f78,30,-0.011143621988594532,27.07,0.8373011505259312,0.8373011505259312,0.8902134332423634,0.9325208729031803,0.9684173945436683,0.9996269566959299,1.022445565939744,1.0365632708295973,1.0526853727577838,1.0601244093364495,1.0677136122356883,1.0736266357563582,1.0814632932803028,1.0955667813543253,1.1050905120975067
mom_5 >= mom_15,-0.011749976,98878,51741,47137,12.05,-8546.436523453074,-1118.9250888458482,eaab1708ca388033e741f56742381a7a1263cfafa2fbe8f413d450736cce3e74,30,0.0030728348065167665,27.58,0.7932981335072737,0.7932981335072737,0.8379632361694523,0.8771994864870647,0.903547246694415,0.9253564377016339,0.9503926530075555,0.9713926240509883,0.9905620695878282,1.0159855543342904,1.0364279661600737,1.0490018524683051,1.0631327326400952,1.07715395887037,1.0917617180936752
mema_20 <= High_sft_1,-0.011773242,98878,62194,36684,12.12,-7308.872156992111,-1075.1977722592492,272a901e1625028460b95370368ae350ea9835e10fc1933b41122586149e5de3,30,-0.014267249964177608,26.96,0.8602591717943749,0.8602591717943749,0.9208549626319095,0.9622910951978332,1.0005325943056695,1.0329170079179057,1.0578721248059195,1.0766897271138518,1.0954227490055508,1.108071566034982,1.1167775495857792,1.1285954858321459,1.1387514022480874,1.150119452874225,1.1555535082387167
mom_2 >= mom_15_sft_2,-0.011844936,98878,51287,47591,12.04,-9078.953742393216,-1150.2154177791017,eaab1708ca388033e741f56742381a7a1263cfafa2fbe8f413d450736cce3e74,30,0.0006494607077911496,27.47,0.7843466321569152,0.7843466321569152,0.8321477600866006,0.8659225118930175,0.892797270601007,0.9187655096695669,0.9449124449197904,0.9663073459542995,0.9924622116482749,1.0152830249636424,1.0341868812320225,1.0459411437242792,1.0517215663981554,1.0609261870254707,1.0807657332595149
willr_20 >= -20,-0.011862251,98878,19313,79565,11.62,-2832.773117963414,-370.55262543498975,69dfb876a37c1daf9322a675d7db45858b16e638e7217cc78e1177c12ffb23dc,30,-0.006713733077049255,26.84,0.836967257512935,0.836967257512935,0.9280541125854482,0.9897228418576026,1.0719499012457372,1.1216598646711162,1.1572849052825902,1.1811133038402835,1.202476699897419,1.2003239424801972,1.2143881353743893,1.229480874970476,1.2479481670478894,1.2880829906960798,1.327124917156859
willr_20 >= -6,-0.011870869,98878,7017,91861,11.0,-564.6500944632571,-123.37786683558079,69dfb876a37c1daf9322a675d7db45858b16e638e7217cc78e1177c12ffb23dc,30,-0.005808852147310972,26.51,0.9034711225602998,0.9034711225602998,1.037625544243662,1.105469542586378,1.2316824075425352,1.268302391868704,1.3162311043132038,1.338239362492626,1.3753794178666052,1.3695038819578225,1.3591279081518248,1.3568858312688858,1.348775135546347,1.3975387474141132,1.4599211395407605
day_of_month == 5,-0.011875607,98878,2840,96038,10.14,-280.66482415059,-50.11659975980001,737d6d1d85a27bd24d6381c6a37443495c3b9dd7a7d69f2f067c86100940a56f,30,-0.01444252673536539,23.7,0.8499313445327396,0.8499313445327396,0.9335937497019128,0.9955794612386552,1.0453967082877529,1.0858222188706013,1.1231493042553082,1.157412647006203,1.1933379460773361,1.2262507684023658,1.253356039941648,1.2799401140533913,1.3041565918413573,1.3297132131185034,1.3561311574613297
minus_di_10 >= minus_di_5_sft_1,-0.01187606,98878,53164,45714,12.06,-6347.806159843289,-1016.6162650815968,a7c5a511f18bc4bc65b530c22aedd665cbba6e43036caf921c03925c9eff7340,30,-0.0027648613322526217,27.33,0.8561961125036242,0.8561961125036242,0.9159853352755396,0.9562341157257847,0.9903274329416177,1.0264684849400232,1.0465887119936816,1.0648799231141468,1.0833732388134443,1.0954272814221024,1.1113245703722467,1.1229298232312501,1.1366648313290393,1.1459596755731842,1.1521554062379211
mom_20 >= mom_20_sft_2,-0.011880569,98878,50632,48246,12.04,-8862.233919497692,-1091.0574562955444,eaab1708ca388033e741f56742381a7a1263cfafa2fbe8f413d450736cce3e74,30,-0.009200508706271648,27.04,0.7966842686126142,0.7966842686126142,0.8610649221404549,0.893767451745481,0.9319070607437118,0.9654880532494517,0.9890326807708186,1.0145535044687597,1.037367472413706,1.053456927893806,1.0802956154448105,1.0976275830075009,1.097346334121072,1.10882553661517,1.1260075731380175
plus_di_5 >= plus_di_10_sft_3,-0.01189205,98878,40243,58635,11.94,-6353.425811366033,-769.1289884534926,e29890bc12ea37e8ab50982e55f5d20643af7c43a2ddc27569a065e219a2f597,30,-0.001368507626466453,27.37,0.8137885627299435,0.8137885627299435,0.8875685500124278,0.9406451550652409,0.985413850503504,1.0150014909627543,1.0384404982489361,1.0614778681083097,1.0873590356582827,1.1117925878341512,1.124073498496345,1.133699099971194,1.1390522007216648,1.1566752965514508,1.170820884699055
adx_20 >= 11,-0.011906911,98878,91226,7652,12.3,-12329.503885248141,-1762.1505441256522,4118d96628e9d7109ca1b25b71d8f7665de5864ad974c7631ea4a76d380fc96f,30,-0.013902843929827213,27.27,0.835603634720568,0.835603634720568,0.8906531318243208,0.9294395030326591,0.9610022292565329,0.9859856158642083,1.007373850579034,1.0259913090802344,1.0423079815024459,1.0572882846146532,1.0715658224467586,1.0853308317239934,1.1004619140984908,1.1146711797906488,1.1279191092316716
aarou_14 <= aarou_14_sft_2,-0.011917626,98878,78404,20474,12.22,-10819.78916941013,-1524.0575114660096,11ecda3140789fc7bb03c4e9ce6db1e36d26d05f5895e9047d4b04d8e05db454,30,-0.007882272824645042,27.27,0.8318251991177148,0.8318251991177148,0.8845654380130847,0.9239817205652957,0.947847872352488,0.976760858103946,1.0003661910941153,1.0201976721973762,1.0334036943690952,1.0488912235373833,1.0655141103265457,1.0769723133012348,1.0927490655437562,1.1090906509013985,1.1192696696205016
mom_10 >= mom_15_sft_2,-0.011948782,98878,50826,48052,12.04,-8267.624323520391,-1064.4228726530782,eaab1708ca388033e741f56742381a7a1263cfafa2fbe8f413d450736cce3e74,30,-0.0011863218387588859,27.39,0.8077166843130623,0.8077166843130623,0.8641018378643317,0.9037865951236531,0.9369834643197366,0.963071329129891,0.988668138430075,1.0059944230429194,1.0277341086301757,1.0446753787452305,1.0641962713684057,1.082436061004172,1.0979774800378692,1.1189659276716968,1.1380204794679498
aarod_30 <= aarod_10_sft_1,-0.011958054,98878,48734,50144,12.02,-6879.206597823923,-902.6537670933831,1c17b055d6052442bbc23e9c5f48c3b369df45790e4212d5edae44425931e847,30,-0.013418998569250107,26.84,0.8241329598492827,0.8241329598492827,0.8742891667471189,0.9128793687994979,0.9340244970244787,0.9614390205175136,0.9867528984128044,1.007356973584958,1.0257426568659322,1.0375653069506732,1.0548982539432785,1.0824895549729865,1.104316164908107,1.1240760865632657,1.13249592871545
willr_30 >= willr_10_sft_1,-0.011975373,98878,48841,50037,12.02,-7510.441990757544,-954.083836422491,c76b2a6e6a9f1e35b75e815a28e530490275498e07d600be2da53b82c81b3953,30,-0.017333680763840675,26.66,0.818332206278221,0.818332206278221,0.8819581701267044,0.9244837857357703,0.9579481549701712,0.979465566511814,1.0040872992095986,1.0249907983190152,1.042430961158785,1.0495834765965593,1.060466225086904,1.0701846957354157,1.080001548492085,1.0934451837792993,1.1106683368820596
minus_di_5 >= 5,-0.011976735,98878,90824,8054,12.3,-11430.324303236823,-1813.9205444932304,a06e18f5f366aa3040f30d3f53c74e6c3d30e6b8f15e9282eabbaa7fe9dd85a0,30,0.011965785175561905,27.6,0.8439438827900185,0.8439438827900185,0.9002101360396427,0.931688764979937,0.9565268979397749,0.9831924624461479,1.0049690844480657,1.0266520556223417,1.0450403422903933,1.062998932053464,1.0787568367354512,1.0912646567233804,1.1062618742225057,1.1192365628702776,1.133060280722382
aarod_20 <= aarod_10_sft_2,-0.0120042125,98878,51332,47546,12.04,-7558.366307402813,-965.7984096384171,1c17b055d6052442bbc23e9c5f48c3b369df45790e4212d5edae44425931e847,30,-0.004900478757917881,27.23,0.8189780285925857,0.8189780285925857,0.8804060322722141,0.9137087227996242,0.9400546400417554,0.9751363633931357,1.004307754146494,1.0273577650695904,1.0421958438541241,1.0562038072530402,1.0862241938270456,1.1047719763660846,1.124062031780846,1.1428761069950906,1.1617855612496337
aarou_14 >= aarou_20_sft_3,-0.012027599,98878,43150,55728,11.97,-6733.60419191746,-892.9503868559768,0f031b3780e6467809600593d6806420193325d9573f332c17b627db66a26893,30,-0.004729303531348705,27.21,0.8127319927339055,0.8127319927339055,0.8705791491112276,0.9190466143698405,0.9542854485439307,0.9830101170200315,1.0075028804353106,1.0268030074442849,1.0557623100632514,1.076582660500861,1.0974909467019471,1.120534741701826,1.1319749765601195,1.140374591246953,1.1577288972265602
mom_5 >= mom_5_sft_1,-0.012031693,98878,51223,47655,12.04,-7594.817266396276,-1025.5431465065121,eaab1708ca388033e741f56742381a7a1263cfafa2fbe8f413d450736cce3e74,30,-0.011888954788446426,26.93,0.8258257782119052,0.8258257782119052,0.8813943904849942,0.9173770817494705,0.952412500776324,0.9862443058240445,1.0138687166073954,1.0371771766135596,1.0521728460869486,1.0723258375106728,1.0907005806607437,1.1031445344649413,1.1108879283249953,1.131717152130363,1.144744100016682
aarou_14 <= aarou_10_sft_2,-0.012037521,98878,59262,39616,12.09,-7264.363116070851,-1115.014480060774,11ecda3140789fc7bb03c4e9ce6db1e36d26d05f5895e9047d4b04d8e05db454,30,-0.01014798041433096,27.07,0.8509677359369352,0.8509677359369352,0.9029502596720403,0.9444472564080779,0.9738812760947124,1.0007964808670486,1.0199167694115092,1.0409715658419738,1.0575083353258101,1.0680557099801644,1.0785830947541715,1.0908861615187895,1.1076214359303207,1.1272229989589326,1.142446551062787
minus_di_14 >= minus_di_10_sft_2,-0.012057429,98878,45836,53042,11.99,-5158.445531187048,-885.9158785314867,a7c5a511f18bc4bc65b530c22aedd665cbba6e43036caf921c03925c9eff7340,30,-0.006438207812607288,27.14,0.8569240126976083,0.8569240126976083,0.9224775043484056,0.9562938100681921,0.9783502694701127,1.000506192039676,1.0113686338949368,1.0289246177122282,1.0431003060084822,1.0653882364920237,1.0828414404860982,1.088631538010333,1.098799638072816,1.1008692224377947,1.1028648363078035
mema_100 <= Close,-0.012068341,98878,44295,54583,11.98,-5799.68144608643,-779.2580846851197,7bbedcb317d5c12750ad9ed3d218721554e71f07d9c51daeb72ddac27b693913,30,0.0004223557189106941,27.47,0.8453068935678901,0.8453068935678901,0.924378377481682,0.9945640800640014,1.0478493589791291,1.0962470137852403,1.1369357998317764,1.1759076454260415,1.212794985556008,1.2457714034893914,1.2679839120177039,1.2884366670063263,1.3138468966165042,1.3342451248192688,1.3549821772276778
aarod_14 <= aarod_5_sft_1,-0.012079882,98878,51744,47134,12.04,-7267.611296356187,-1046.3456060992467,1c17b055d6052442bbc23e9c5f48c3b369df45790e4212d5edae44425931e847,30,-0.010078511200845242,27.02,0.8273205481116535,0.8273205481116535,0.8754573393972506,0.9238940030219907,0.9506486587055825,0.9719314131441622,0.9886792894589975,1.0083611491319189,1.0386046131328381,1.0607708537641745,1.0755395235473388,1.092992313594973,1.0983741300978738,1.1229029885645727,1.1387042485382872
rsi_2 >= 11,-0.012085577,98878,85353,13525,12.26,-11414.954250034418,-1688.165938681137,2aff2363e2a1ac18e5b09edc627fed21347731d4e6d91b606bf5ebf4ed170990,30,-0.008249351754784584,27.3,0.842630711898234,0.842630711898234,0.9035316720135184,0.946138043110588,0.9786241439971669,1.0063327798929806,1.0338312971984178,1.0523741210217594,1.0652223853631337,1.0783757414162434,1.0934593873127703,1.1061875829989165,1.119802970992649,1.1333798019760288,1.1446423327753419
mom_15 >= mom_10_sft_2,-0.012150313,98878,49935,48943,12.02,-8267.308186467912,-1022.6141134161662,eaab1708ca388033e741f56742381a7a1263cfafa2fbe8f413d450736cce3e74,30,-0.01303818728774786,26.87,0.8093368370045507,0.8093368370045507,0.8764845790372691,0.9190267567222963,0.9582827448669974,0.9891159938844338,1.0153757370865757,1.0436134445641603,1.0681781372285262,1.079372586472713,1.0975741308937086,1.1090619205870313,1.1132409751194805,1.1289093689042593,1.1410545412344215
plus_di_10 <= 14,-0.012164599,98878,20723,78155,11.64,-2640.806320906367,-479.4099912076781,14a9c3710fc1b17e882c866201c8dfd17bc6a0c5cee2921d8c0a77ac8ad2afa3,30,-0.014333801344037056,26.2,0.8214785832817934,0.8214785832817934,0.8453585023921765,0.8744291629793669,0.8962455353184018,0.9075789102129294,0.9126330407073819,0.9121152944338722,0.9135998889744186,0.9256339831390966,0.9377294085434928,0.9474271921694498,0.957336719229302,0.9729745210705255,0.9845583660730255
plus_di_14 <= plus_di_5_sft_2,-0.012170279,98878,42020,56858,11.95,-5427.492880008496,-787.2128624646721,bd972efc927c87708f479b3c989a305bfeb89b6aa0381d01606955fa59f6baca,28,0.0028352257795631886,27.11,0.8433512059612767,0.8433512059612767,0.9048895769201899,0.9500085961490407,0.9785541331246318,1.0083223437696904,1.030262885083688,1.0517016269674242,1.064198008577362,1.0732934192139574,1.0782797647439595,1.0852514766483268,1.0969351099423803,1.117368164358461,1.114292975666797
stdev_5 <= stdev_10_sft_2,-0.012194905,98878,73391,25487,12.18,-10096.654851277639,-1404.4352744161006,76cc05d7e847d59489f80a379ae9909f097acc0055c98dd465d85c99099ff3c8,30,-0.0053426343947649,27.3,0.8304780388944514,0.8304780388944514,0.8861665706394162,0.9161615219980718,0.9383494024322402,0.9645754256898116,0.9947249487012211,1.013354945144336,1.0263402790020582,1.0393525390473848,1.0557688527024878,1.0725465542548014,1.0909957518316342,1.0984675183549895,1.1059554795711053
bb_lower_2_10 >= bb_lower_2_10_sft_2,-0.01220205,98878,50473,48405,12.02,-6535.921038849192,-953.4176340916529,14f3c68ebc76bb97608c90e96e22d07d8e6617ab0d939b3b0b66c54f45811d90,30,-0.007992162369191647,27.1,0.8433441854505408,0.8433441854505408,0.9047305318474852,0.940423469620526,0.9740677527154008,1.0043884648072054,1.0362414571091842,1.0586302108161296,1.0715695038024167,1.0812486355064241,1.0936581152393114,1.1120054257222067,1.128867706212561,1.134421117310882,1.1366514740804456
rsi_2 >= rsi_2_sft_2,-0.012214788,98878,50362,48516,12.02,-7614.5962797839675,-993.9041694011248,9c5304fe9d592b70a0c6b3286ed47e7bf2dda0b94ec7966217da111653dec0de,30,-0.009421548806130886,27.03,0.8235122964926879,0.8235122964926879,0.8905080624058436,0.9287192817303792,0.9620025968210786,0.9942908344179912,1.0147595016734972,1.0357737908185691,1.0457128413863648,1.0492643707541365,1.067498917136288,1.0822958722954559,1.088932268599307,1.1040415025946104,1.1268586965680245
stdev_20 <= stdev_10_sft_1,-0.012220444,98878,16886,81992,11.53,-2234.123886053698,-326.4974975074729,76cc05d7e847d59489f80a379ae9909f097acc0055c98dd465d85c99099ff3c8,30,-0.00941644050180912,26.52,0.8308938729068992,0.8308938729068992,0.8719164400428994,0.8956525468970761,0.9098181510499382,0.92135768579509,0.9488378439712408,0.9728381435603708,0.9930935003598229,1.0022526427301943,1.014529504727698,1.0218184697740367,1.0375425702091066,1.0482676739484038,1.053235020504903
aaro_30 <= aaro_14_sft_3,-0.012224209,98878,50492,48386,12.02,-6749.090497650846,-1004.6187275444245,03178e4886fc07979b0c314ad9c68ba2f86b07645c5f6bfdb6bc96b9669a3c24,26,-0.003431459655985236,26.18,0.8341336464373376,0.8341336464373376,0.8837692401847531,0.913003699847344,0.9412785491557297,0.9743143190308338,1.0095371407734832,1.0363599378622053,1.064503530911581,1.0806146295941015,1.0937555653712698,1.1014728811797063,1.1053605066552443,1.1029736996782111,1.1000922971631752
mom_5 <= mom_10,-0.012279131,98878,50813,48065,12.02,-6068.510775428826,-962.6593754417117,99b230403b43b61a62d1e1bb62b812e1617b1ac927f76ee434dad8be358b43f3,30,-0.008823939599096775,27.06,0.8582191543871255,0.8582191543871255,0.9282123931356681,0.9765589737863226,1.0152121632452846,1.0389360568377681,1.057015216671861,1.0755644921417424,1.0898804373983575,1.101846678094,1.1124403907442868,1.1265886497105908,1.1399207573291057,1.1549308821576536,1.1679641682561497
willr_30 >= willr_14_sft_2,-0.012280403,98878,49018,49860,12.01,-7638.4917252250825,-958.8993869772385,c76b2a6e6a9f1e35b75e815a28e530490275498e07d600be2da53b82c81b3953,30,-0.011965046636760235,26.91,0.8143821275779464,0.8143821275779464,0.8752027839421072,0.9141062528275258,0.9490822345177963,0.9803076123169973,1.0128477081394391,1.028939741981597,1.045605478014171,1.0483213532418778,1.062164544879337,1.0754956704321998,1.0880792982156582,1.1096235206979779,1.1260717132538896
aaro_30 <= aaro_5_sft_3,-0.012294821,98878,50984,47894,12.03,-7084.04356957219,-1036.6521903233297,03178e4886fc07979b0c314ad9c68ba2f86b07645c5f6bfdb6bc96b9669a3c24,30,-0.0024726903066039085,27.34,0.8279413173228638,0.8279413173228638,0.8835496854019925,0.9316858993372554,0.9598967359970045,0.9849475740848872,1.0116990732896567,1.0310958587051902,1.0519351636960328,1.061000828160797,1.0909268905924216,1.1014543891227615,1.10482911130259,1.1068431510349603,1.111560699641528
sma_5 <= Open,-0.012308516,98878,49215,49663,12.01,-5829.875896532269,-922.9289571153495,659d58123c665d04b1d1e2e117e70aed112d82f8ffe31d55b35e1d954526de02,30,-0.004624531604349613,27.24,0.8583200967563349,0.8583200967563349,0.9242084110307854,0.9677284269218219,1.0082912458568185,1.0477106505223948,1.0766192934856529,1.0956495922838554,1.1099471290194332,1.1190038732241545,1.1339291467853183,1.1469138337003004,1.1603096918535711,1.183805359648178,1.1900080795026864
stdev_30 <= stdev_14_sft_3,-0.012312425,98878,13353,85525,11.39,-1889.4301831344565,-266.86589043457934,76cc05d7e847d59489f80a379ae9909f097acc0055c98dd465d85c99099ff3c8,28,-0.00603962829336524,26.29,0.820696796658078,0.820696796658078,0.8617319777662007,0.8950977886318803,0.9092603822466414,0.9195213602346023,0.9359677568120282,0.9398764864670334,0.9402986621487216,0.9586884615345338,0.9536397497316358,0.9688038041628052,0.9728888906234942,0.9742442331842882,0.973467552719188
mom_15 >= mom_20_sft_2,-0.01232245,98878,50698,48180,12.02,-8687.621318691563,-1135.4491081598826,eaab1708ca388033e741f56742381a7a1263cfafa2fbe8f413d450736cce3e74,28,-0.007773045916110277,26.63,0.7970800544699621,0.7970800544699621,0.8606761594179579,0.8996768983061942,0.9244745188515199,0.9527897939695625,0.9806579729432803,1.0029236729107887,1.0316615366598587,1.0495402254682697,1.0790515252174577,1.104295253013451,1.1140785856813211,1.1201539988358558,1.1195312598894402
plus_di_10 <= 15,-0.012365262,98878,24201,74677,11.7,-3135.0164059303183,-545.7803091391688,14a9c3710fc1b17e882c866201c8dfd17bc6a0c5cee2921d8c0a77ac8ad2afa3,30,-0.012226874940097332,26.49,0.8189323769235066,0.8189323769235066,0.8515246652779087,0.8707821683973909,0.8898250021985351,0.8988539129596748,0.9106845435982112,0.9124821360536145,0.9178705299815663,0.9254392690072819,0.9387600391978299,0.9510192256779353,0.9589380240943551,0.9711059454123783,0.9876676229276329
mom_5 >= mom_20_sft_2,-0.012367215,98878,50905,47973,12.02,-9384.609653622694,-1184.0523116493423,eaab1708ca388033e741f56742381a7a1263cfafa2fbe8f413d450736cce3e74,30,-0.001580021227709949,27.38,0.777533178711158,0.777533178711158,0.8286661574715689,0.8658384913831589,0.895815373139563,0.9233616177228267,0.9519435551620452,0.9784895297552614,1.0028839861399166,1.023296499989581,1.0423471652987577,1.0569985337798053,1.0670350082092812,1.0767206915988818,1.084034798797524
minus_di_5 >= 4,-0.012375336,98878,92851,6027,12.31,-11410.015427429727,-1832.9903522953973,a06e18f5f366aa3040f30d3f53c74e6c3d30e6b8f15e9282eabbaa7fe9dd85a0,30,0.014124933630228043,27.61,0.8481284591678503,0.8481284591678503,0.904190171731437,0.936182086383391,0.962728956067231,0.9890415215321234,1.0122408209672276,1.0333701517764007,1.0515703179872462,1.0681208437156815,1.0837229259761183,1.0954703589626764,1.1105211915052415,1.1234287112401893,1.1372512782089585
aarod_10 <= aarod_14,-0.012389623,98878,79467,19411,12.22,-10271.399021073452,-1538.8511859298815,1c17b055d6052442bbc23e9c5f48c3b369df45790e4212d5edae44425931e847,30,-0.003518451703712344,27.37,0.8408053827386146,0.8408053827386146,0.8886694792861644,0.9193595726309923,0.9520585327021353,0.9782715746281077,0.9987678605135711,1.0189956134968405,1.0340967387131277,1.057942738689334,1.0794066664776678,1.093766761141387,1.1050985710195795,1.116415399452569,1.1272766141822481
mom_15 >= mom_20_sft_3,-0.012394254,98878,50635,48243,12.02,-8568.315795066432,-1125.8322117440403,eaab1708ca388033e741f56742381a7a1263cfafa2fbe8f413d450736cce3e74,30,-0.008603106252849102,27.07,0.8003997663912844,0.8003997663912844,0.864865913668797,0.9012252961404574,0.9247864096742875,0.9508029804926305,0.9778935524561538,1.0015987802143982,1.025568990707738,1.0489067429524772,1.0754770533096107,1.0983287491913747,1.1106500239643868,1.1198586196902565,1.1244445812027344
minus_di_14 >= 19,-0.012420015,98878,61421,37457,12.1,-8625.920546645713,-1279.8114874493767,a06e18f5f366aa3040f30d3f53c74e6c3d30e6b8f15e9282eabbaa7fe9dd85a0,30,0.02901587449014187,28.46,0.8152447861169577,0.8152447861169577,0.8654346011803118,0.8999390798382565,0.926928047996625,0.953270205608512,0.9845584332533599,1.0139029388103193,1.041997454519412,1.0773098547856954,1.1042599795763368,1.1290873912163266,1.1479022593262835,1.1630591807502242,1.1805143176932775
aaro_5 >= aaro_14_sft_2,-0.012428879,98878,50720,48158,12.02,-7055.886681075338,-974.9869888795583,fa1fba1a54e25d7a96ab29b0d7c633f260580ef2319f10dc44e85c501c26793f,30,-0.0021343203261494637,27.35,0.8317722183927956,0.8317722183927956,0.8806803601719958,0.9162745482968733,0.9613512355285359,0.9941319395092421,1.0263639618943694,1.0439154841857745,1.0616937188844942,1.0828745893572573,1.0949762948494233,1.1111756640028876,1.130424258176685,1.136477644249587,1.1484377619184218
adx_5 <= 14,-0.012441333,98878,357,98521,5.6,-223.5181759004481,-17.010099981584062,3c92cb65188a6807549ad02f373e5063a01a53cbce3d2b8fe4af860199995f57,28,0.0,0.0,0.3122700864888925,0.3122700864888925,0.40937809185082985,0.48777633193630476,0.5156859783545421,0.41907339208804273,0.4529049451465935,0.5855735706930983,0.5813111528462828,0.5995819300226167,0.6312308887455189,0.7488411435115845,0.785378085820908,0.830889301922781,0.692072945769428
plus_di_14 <= 2,-0.012445385,98878,254,98624,4.33,-63.55518211983144,-3.592099977322505,14a9c3710fc1b17e882c866201c8dfd17bc6a0c5cee2921d8c0a77ac8ad2afa3,30,0.0,0.0,0.5589189773272542,0.5589189773272542,0.6069197999761785,0.6646973448180155,0.6715442866470679,0.6184841254553795,0.618297255657963,0.6846577104200892,0.7436041017640146,0.804028275882237,0.8438642584907436,0.990026263979098,1.0881621743790815,1.120322015035804,1.1893892562375983
aarod_10 <= aarod_10_sft_2,-0.012447545,98878,75426,23452,12.19,-10159.360549216031,-1430.885587704186,1c17b055d6052442bbc23e9c5f48c3b369df45790e4212d5edae44425931e847,30,-0.005574149079620838,27.31,0.8366996726556126,0.8366996726556126,0.8869372392816376,0.9254781747150785,0.9555979100416627,0.9835108494131545,1.0082525389768096,1.0307304562934676,1.046451995175834,1.0637710366000304,1.0855568581115331,1.0995301270994509,1.1101555994383276,1.1240720589208573,1.1351418873930434
plus_di_30 >= plus_di_30_sft_2,-0.012456346,98878,37185,61693,11.89,-6370.097990705195,-724.0590274347924,e29890bc12ea37e8ab50982e55f5d20643af7c43a2ddc27569a065e219a2f597,30,-0.0029662763699889183,27.27,0.7985098212020445,0.7985098212020445,0.8721795779652307,0.9216267030938751,0.970980101680438,1.001714618012736,1.0246044784261485,1.040384124688632,1.0630374685783788,1.0829734514648137,1.1016235509252799,1.1135372891012598,1.1182371174077443,1.1347245648841848,1.1567059486323017
bb_lower_2_30 >= bb_lower_2_10_sft_1,-0.012458687,98878,21085,77793,11.63,-3269.0907549174576,-486.0643181405321,14f3c68ebc76bb97608c90e96e22d07d8e6617ab0d939b3b0b66c54f45811d90,30,0.00017904609558172524,27.46,0.8033771903250326,0.8033771903250326,0.8461412581361224,0.8768031440630714,0.8867105410362144,0.8941022524510895,0.9140434163130775,0.9250775769973473,0.9483076344333343,0.9619846588355134,0.9811211574208174,0.9907805905579716,1.0040518136091585,1.0170086750194172,1.0236355043490033
adx_30 >= 10,-0.012462761,98878,86823,12055,12.27,-12090.899926531409,-1680.330052400197,4118d96628e9d7109ca1b25b71d8f7665de5864ad974c7631ea4a76d380fc96f,30,-0.024279436096549034,27.04,0.8309706815734258,0.8309706815734258,0.8863048391005316,0.9236131138608719,0.9533475485553619,0.9787506123475828,1.001561216126953,1.0196211435765947,1.0348900624239492,1.0499367407378524,1.0633557636167328,1.0758838564931916,1.088444486133347,1.0999381370690229,1.1122382365553294
atr_5 <= atr_5_sft_3,-0.012468583,98878,57284,41594,12.07,-8791.344474321199,-1168.9199356456738,6c56a6e37fe7066fac040219b9e7cfe2398571a456467cde7a8327153ebc94da,30,-0.005121440161019564,27.25,0.8097802296480784,0.8097802296480784,0.859992039755221,0.8925645329330082,0.912266858987185,0.9449941958848083,0.9674705727782446,0.9903376171443082,1.0050134689761687,1.0238455853368913,1.0423084867674974,1.0571106942337374,1.0776389498449217,1.0841239147755553,1.0940988658889086
minus_di_20 >= 23,-0.012473066,98878,43184,55694,11.95,-5869.2546607180275,-924.6134056963783,a06e18f5f366aa3040f30d3f53c74e6c3d30e6b8f15e9282eabbaa7fe9dd85a0,30,0.023266997188329697,28.62,0.817764336333405,0.817764336333405,0.8657735696293075,0.9003390633400553,0.9232165523492223,0.9517941725569186,0.9779823977327294,0.99975652942262,1.01846146186182,1.0417221343450689,1.0634232620058164,1.0797761035139954,1.0906451644333157,1.0992867824269483,1.1172094962902381
rsi_2 >= 4,-0.01248215,98878,93297,5581,12.32,-11846.427097498781,-1815.4876927231162,2aff2363e2a1ac18e5b09edc627fed21347731d4e6d91b606bf5ebf4ed170990,30,-0.008376926183700562,27.35,0.8486865838691718,0.8486865838691718,0.9086594661299034,0.9524042603053702,0.9829971509953515,1.0096124706285805,1.034155005114161,1.0512963957610877,1.0659025106647602,1.0813310274701797,1.0947428863169955,1.1068638565955586,1.1202208430048586,1.1319078949458745,1.1437519336701132
mom_10 >= mom_2_sft_3,-0.012487289,98878,49625,49253,12.01,-7262.24032591992,-956.7239442545106,eaab1708ca388033e741f56742381a7a1263cfafa2fbe8f413d450736cce3e74,30,-0.012308768928050995,26.9,0.8336362493927553,0.8336362493927553,0.9073228803302601,0.9572150489003608,1.0002738329170235,1.0208759611757021,1.0441706951530783,1.0647969497436525,1.0829132943586168,1.0943039892609734,1.1130225391446302,1.1278037940234609,1.139816906958805,1.1562968186992224,1.17399107946848
willr_20 >= -5,-0.012492318,98878,6344,92534,10.84,-446.03203965886496,-112.14027988214366,69dfb876a37c1daf9322a675d7db45858b16e638e7217cc78e1177c12ffb23dc,30,-0.00602181488648057,26.42,0.9135665187776194,0.9135665187776194,1.0553570971498045,1.1395977253786262,1.258176066766589,1.274865806812577,1.3400563357165483,1.3629945614885284,1.4093097470736629,1.4015373762983567,1.4082955101711998,1.3940441022069696,1.3820440986176685,1.4324546415112496,1.4898565476184877
stdev_30 >= stdev_10_sft_3,-0.012545855,98878,89234,9644,12.28,-12613.757117569014,-1745.740071615117,a092dbfa6dbefd1d342d1a211503f33f5c7745cd5359e4d4115f2b75459bc7b9,30,-0.007502398919314146,27.33,0.8275990029888618,0.8275990029888618,0.8821141841293799,0.9241803409711167,0.9558128318121567,0.982923114481364,1.0083021771771663,1.028569361014044,1.0481443856184776,1.0666631655357983,1.0830970905924415,1.0967932966059233,1.1101246373731166,1.1246112104797423,1.1386936070591294
rsi_14 <= rsi_5_sft_3,-0.012563794,98878,48314,50564,11.99,-5013.3031432107455,-893.7410325383316,f60792ba6ac5baece5de7ac90117c85055d233a86016db65a9b1851d8a518ee9,30,0.0009637537295930088,27.49,0.8702336351755896,0.8702336351755896,0.9309702173342287,0.9757395231453116,1.0089801417247855,1.0333322663397178,1.0549734735345864,1.0747940594483578,1.084009539025928,1.0997147332569528,1.1041313541495479,1.1155337743450298,1.1291112531935001,1.1341635271202806,1.1409098755540688
willr_30 <= -12,-0.012580328,98878,87104,11774,12.27,-12765.346221102958,-1736.13077612107,c087f74a8ef9fdefe2bfbfe4c42e7c177e68996d73089fae9a8de15f5638210d,30,-0.008791439235210419,27.3,0.8194354838688293,0.8194354838688293,0.8659263441629775,0.899202973224854,0.9251766500625557,0.9494072059215541,0.974939083594679,0.9975463283967337,1.0156536256452866,1.0364714580649417,1.0513531451885023,1.0638359711121,1.0753021334755533,1.0855373439145928,1.0926367813013504
willr_14 >= -15,-0.012594948,98878,15504,83374,11.46,-2390.3646383161104,-286.05847827187245,69dfb876a37c1daf9322a675d7db45858b16e638e7217cc78e1177c12ffb23dc,30,-0.006984845735132694,26.72,0.8263694455566969,0.8263694455566969,0.9154256494715017,0.9893551536344617,1.0709742515737928,1.1258103333593126,1.1628734403611127,1.189541903464876,1.2142728458896739,1.232173020203159,1.2425791510193367,1.2475747570233355,1.258252919604582,1.290097006699305,1.3240998807745892
aarod_30 <= aarod_14_sft_2,-0.012602831,98878,45730,53148,11.97,-6472.079646607174,-858.8941867904796,1c17b055d6052442bbc23e9c5f48c3b369df45790e4212d5edae44425931e847,30,-0.005344127770513296,27.19,0.8243222598334271,0.8243222598334271,0.8770662756239469,0.9230080146076148,0.9559114099826902,0.9819455924437982,0.9975854284239389,1.0116507159641195,1.0288248215429332,1.0565154054815906,1.078746441998349,1.1020080374798338,1.1283108698415787,1.1406586889807686,1.159308683585494
mom_2 >= mom_15_sft_1,-0.012608259,98878,51009,47869,12.02,-9229.50264085102,-1123.7499201283572,eaab1708ca388033e741f56742381a7a1263cfafa2fbe8f413d450736cce3e74,30,-0.0010151945753023028,27.4,0.7779191461812421,0.7779191461812421,0.8160500619123866,0.8489395766270691,0.8709152461604478,0.8970194191150532,0.9224727978657048,0.9445587181871326,0.9702478806049094,0.9927514921043747,1.0133043538460285,1.028881068764937,1.0349966895548475,1.0497995149768804,1.0677175952813251
willr_20 >= willr_5_sft_1,-0.01263279,98878,49322,49556,12.0,-7388.074430891277,-989.684700705111,c76b2a6e6a9f1e35b75e815a28e530490275498e07d600be2da53b82c81b3953,30,-0.009219275787472725,27.03,0.8229554912026007,0.8229554912026007,0.8805880907923126,0.9250710491612578,0.9531704289021293,0.9823468178674759,1.0077715132133764,1.0313855951351634,1.0528611818990699,1.058738024236505,1.0766527840808533,1.0956470470047988,1.1010828267814612,1.1168112919558004,1.1345080218558563
rsi_2 >= 7,-0.012635013,98878,89787,9091,12.29,-11824.128643256037,-1770.4917399058759,2aff2363e2a1ac18e5b09edc627fed21347731d4e6d91b606bf5ebf4ed170990,30,-0.007450075354427099,27.34,0.8441808311188094,0.8441808311188094,0.9058710805128475,0.9494091038641834,0.9808706647122037,1.0087766814279981,1.0351363698004896,1.0531630940680254,1.0673195288253947,1.0833277355683797,1.0973391686951703,1.1089193852174752,1.1223811084798145,1.1357412194222518,1.1472317678136095
mema_10 <= mema_20,-0.012635896,98878,50900,47978,12.01,-8546.532274690402,-1171.3210085047103,97648559323ce4c42a3819223f880d09c20183d31e746db94faac95e3098a1b9,30,-0.0016085675451904535,27.38,0.7831586940541226,0.7831586940541226,0.8131778101090883,0.8369512663854631,0.8566435239151756,0.8753638871420268,0.8964616928311904,0.9134402323421374,0.9312670988555607,0.9554696092869253,0.9813374085717509,1.0018437597017045,1.018236887155899,1.0267909721359392,1.033455531087065
bb_lower_2_10 >= bb_lower_2_30_sft_2,-0.01263768,98878,72658,26220,12.17,-10011.954815351819,-1293.3834945976414,14f3c68ebc76bb97608c90e96e22d07d8e6617ab0d939b3b0b66c54f45811d90,30,-0.013653958216309547,27.08,0.8315789991207284,0.8315789991207284,0.889446083082541,0.9285740581313471,0.9597197183707293,0.994928498247054,1.0224225681627457,1.0442200507972177,1.0646555132795095,1.0828540428889204,1.0991135735827526,1.1175956717903779,1.1327970753024006,1.1424038420941627,1.1523720843523855
bb_lower_2_10 >= bb_lower_2_10_sft_3,-0.012649615,98878,50411,48467,12.01,-6745.946128495845,-956.0083859851729,14f3c68ebc76bb97608c90e96e22d07d8e6617ab0d939b3b0b66c54f45811d90,30,-0.0035029370337724686,27.29,0.8390620495512326,0.8390620495512326,0.8966631703766903,0.9320080135422297,0.9681365545740018,1.000304028045639,1.03759076330097,1.0592907289732019,1.0697644877769985,1.0823923143981729,1.0990154010349182,1.1158343936155608,1.1322143305929426,1.1371069375044058,1.1411269489858018
rsi_2 >= 2,-0.012671415,98878,95859,3019,12.34,-12067.221932691395,-1853.3540086019202,2aff2363e2a1ac18e5b09edc627fed21347731d4e6d91b606bf5ebf4ed170990,30,-0.007961473427712917,27.38,0.8494377464085053,0.8494377464085053,0.9108330560707233,0.9535710403321866,0.9833966820651487,1.010528529769177,1.0332785884534128,1.0501690533934929,1.065612687626344,1.080958114531792,1.0944534275081086,1.1065726961649365,1.1192946836613225,1.1310373603967663,1.1422265964468332
aaro_20 <= aaro_20_sft_3,-0.012712254,98878,64433,34445,12.11,-9393.445407819676,-1300.7266915911314,03178e4886fc07979b0c314ad9c68ba2f86b07645c5f6bfdb6bc96b9669a3c24,30,0.0014939496759325266,27.49,0.8201162249948042,0.8201162249948042,0.8691852125988659,0.9056482454998036,0.9234172545471258,0.947025954987375,0.9729419172326993,0.9980440942312531,1.014664482633176,1.0310426939376947,1.044872691240621,1.0614099201378318,1.0792767908576872,1.0947902673964778,1.1023914203945997
plus_di_14 <= plus_di_10_sft_1,-0.012750253,98878,47355,51523,11.98,-6231.634488551186,-893.5792356357051,bd972efc927c87708f479b3c989a305bfeb89b6aa0381d01606955fa59f6baca,28,-0.0031504440121352673,26.82,0.8391088492327934,0.8391088492327934,0.9049902802807126,0.9404091559938473,0.9695003582614085,0.9940366422873526,1.0093248255158904,1.0330722691813063,1.0466932717545516,1.057202566632635,1.0638810491614417,1.0739327520499138,1.0886449950837496,1.1044962565843575,1.0983113436543197
mom_2 <= mom_10,-0.012760332,98878,50337,48541,12.01,-5848.706792642632,-919.7289468017698,99b230403b43b61a62d1e1bb62b812e1617b1ac927f76ee434dad8be358b43f3,30,-0.010379760526120663,26.99,0.8640275979138833,0.8640275979138833,0.9213733900822525,0.9729464132415432,1.0065887050598081,1.0317044527418815,1.051983936694865,1.0757563298801556,1.0853223292295677,1.1013664586167962,1.1176830703828655,1.129855091503159,1.1431936087055599,1.160323441213624,1.1710697907329348
rsi_14 <= rsi_2_sft_3,-0.012761556,98878,48622,50256,11.99,-5659.275970477281,-870.9911972610353,f60792ba6ac5baece5de7ac90117c85055d233a86016db65a9b1851d8a518ee9,30,-0.0002844524569809437,27.43,0.8567380694043494,0.8567380694043494,0.9173582367713897,0.9704608408708768,1.0081941215075045,1.0422066497736027,1.0641899671143211,1.0867599016808565,1.1027098470846775,1.123915214115929,1.131730577484525,1.1468510629981274,1.159732435516268,1.1710991700704105,1.1787544570661865
aaro_10 >= -79,-0.012765658,98878,83941,14937,12.24,-11088.860954163792,-1597.1504639432023,0811e6227d0d089f2d69284c6ea7ddd7761288c8d873ca997aaf34687b2f23f1,30,-0.00851535052061081,27.28,0.8435050226202356,0.8435050226202356,0.8970364338858016,0.940038225061171,0.9747796777165874,1.0001499901074957,1.0214440312385624,1.0380042216543288,1.051189163011543,1.0689066286240672,1.084137304092218,1.095645420179982,1.1088570367489743,1.1223800145167269,1.1330629256297107
minus_di_10 <= minus_di_10_sft_2,-0.012773146,98878,59364,39514,12.07,-9502.564763101334,-1166.028588975074,6ead8d4aff114cb978d2a5e9b1dcb95b84dfa27fd6f0f40b385ac29b242b16ea,30,-0.0077922893688082695,27.16,0.8131475432210891,0.8131475432210891,0.8723109533792187,0.918142479622416,0.9538694646876077,0.9881346784884351,1.0207394191072445,1.0417847536637979,1.0613739474554649,1.0702661107621874,1.0831320062155374,1.100294816512342,1.1135094418356704,1.1302658227677338,1.1420359672814617
aarod_30 >= aarod_20_sft_1,-0.012774991,98878,68370,30508,12.14,-9207.889983384506,-1277.0895242868355,010ce60baf3de2cf8c4bcfd243c9185441a26efa8e16690af1f746cc88b42f78,30,-0.00510794622823596,27.29,0.8339872426841529,0.8339872426841529,0.8919031504485375,0.9267402585491564,0.9616870131913828,0.9911923143902323,1.017357251210871,1.0372310546800256,1.0543379143011962,1.0669068822280543,1.0791884156174192,1.084259680785356,1.0898598528871581,1.0980009027575208,1.110245258809202
mom_5 >= mom_20_sft_3,-0.012776084,98878,51031,47847,12.01,-9341.217959131707,-1173.71789202925,eaab1708ca388033e741f56742381a7a1263cfafa2fbe8f413d450736cce3e74,30,-0.0011529442854225636,27.4,0.7798786441956801,0.7798786441956801,0.8333651765190976,0.8701092133145157,0.9024859375290708,0.9286707350697461,0.961244918939731,0.9893343373747224,1.0142162622622293,1.033355562070752,1.0538958477166047,1.0674679137151313,1.0772134746729904,1.0906308861002596,1.0984519803894999
aaro_10 >= -89,-0.012776669,98878,89128,9750,12.28,-11927.919124091473,-1723.5576317162777,0811e6227d0d089f2d69284c6ea7ddd7761288c8d873ca997aaf34687b2f23f1,30,-0.008067157119512558,27.33,0.8411169903304252,0.8411169903304252,0.8930012471668508,0.9335559599283335,0.9664410582802314,0.9907728215184624,1.0114528600044759,1.0274010550618817,1.0428354716861326,1.0619995797975739,1.0757618520630328,1.0885470409079836,1.1024579440878033,1.1160844491795028,1.127262044441248
aarou_10 <= aarou_10_sft_2,-0.012790733,98878,75708,23170,12.18,-10016.640288261155,-1475.8730024579127,11ecda3140789fc7bb03c4e9ce6db1e36d26d05f5895e9047d4b04d8e05db454,30,-0.007651872467249632,27.26,0.8392557556693493,0.8392557556693493,0.8882244553937308,0.934257413254743,0.9568650699780606,0.981330678964767,1.003523466741947,1.0280713859843074,1.0421158319147699,1.0526990990761902,1.0664659164142258,1.0828316838257595,1.0985313014524678,1.1131688555139905,1.1233744550658706
mema_50 >= High,-0.012801805,98878,43227,55651,11.94,-6514.085647852364,-934.9945026008209,b49daa998de516ee8744d85f0961964bee1fbf801ca0904e585341376b8b86ae,30,-0.0006223189411684871,27.41,0.7977198661685312,0.7977198661685312,0.8229756463787185,0.8358954179058558,0.8486838907946624,0.8627094389978813,0.8746736094716449,0.8850860804341898,0.891810026896972,0.9041169453714138,0.9247351715193507,0.9425240053360311,0.9531852395092669,0.9577810585656811,0.969597306212273
mom_20 <= mom_2_sft_2,-0.012812265,98878,50722,48156,12.01,-7774.813556395185,-1120.3276187293159,99b230403b43b61a62d1e1bb62b812e1617b1ac927f76ee434dad8be358b43f3,30,0.00042537052650004625,27.46,0.8022107681509374,0.8022107681509374,0.8362951131710259,0.8552859619377945,0.8794701836344476,0.895183543739765,0.9135599584209365,0.9314521531648261,0.9501946343653597,0.9730150630985701,0.997494884163638,1.0175959488199466,1.0404568092625475,1.0532331200830067,1.060819362858804
aarou_14 <= aarou_5_sft_1,-0.012827423,98878,52075,46803,12.02,-7478.274853882719,-1043.2027047425363,11ecda3140789fc7bb03c4e9ce6db1e36d26d05f5895e9047d4b04d8e05db454,30,-0.004990805871784687,27.23,0.8234258828524984,0.8234258828524984,0.8741066470504661,0.9209376327401042,0.9704246757185683,1.0057409831273276,1.0301394080721595,1.0454527988568991,1.0637332052837978,1.081329321882873,1.0951056743389633,1.1110444356633151,1.1250276157170642,1.1397697825146806,1.1527703972456909
aarou_20 <= aarou_20_sft_3,-0.01283933,98878,76068,22810,12.19,-10832.189102129898,-1497.71317688431,11ecda3140789fc7bb03c4e9ce6db1e36d26d05f5895e9047d4b04d8e05db454,30,-0.003056356217712164,27.37,0.8255446264413041,0.8255446264413041,0.8853764052607819,0.9188339419670435,0.9429483973080808,0.9676116117187514,0.9948211399082405,1.0142656707690307,1.0272159468581645,1.0435460682305435,1.0587464600703882,1.0734713177183248,1.092085328614234,1.105743236135107,1.1134233930901607
aarod_5 >= aarod_30_sft_2,-0.0128692975,98878,54891,43987,12.04,-7205.1115790570075,-1022.4726810977663,010ce60baf3de2cf8c4bcfd243c9185441a26efa8e16690af1f746cc88b42f78,30,-0.015177581459283829,26.84,0.8333082690919705,0.8333082690919705,0.8875051142217173,0.9288077907496782,0.9538677060124455,0.9800823291931271,1.0037400088355413,1.014515156839964,1.0370495865208813,1.0570233384975756,1.076554528004881,1.0963303798242297,1.1050866066174683,1.125057230072084,1.1397161625131638
plus_di_20 <= 4,-0.012874238,98878,344,98534,5.23,-40.77042988501489,-3.2781749740388477,14a9c3710fc1b17e882c866201c8dfd17bc6a0c5cee2921d8c0a77ac8ad2afa3,30,0.0,0.0,0.7545175533026084,0.7545175533026084,0.7522349040295252,0.7421108107971022,0.7231034712394013,0.6768557313498067,0.6486128325634568,0.6605982824339202,0.6856560614312461,0.7329701804543493,0.7583518280630495,0.8439752907045329,0.8847743398796756,0.9157090563014872,0.9689686320754255
rsi_20 <= rsi_14_sft_2,-0.012877909,98878,48049,50829,11.98,-5103.849441191902,-868.239418438141,f60792ba6ac5baece5de7ac90117c85055d233a86016db65a9b1851d8a518ee9,30,-0.002676104661077261,27.32,0.8629696208627589,0.8629696208627589,0.9230536310591805,0.9664603985480623,0.9955916963310626,1.0153434904847753,1.0350659512150044,1.0497202712556322,1.0623077706767274,1.0763568464607511,1.0818675647889933,1.0958729782096535,1.1162937919959561,1.121203179798811,1.1240371904722006
stdev_10 <= stdev_20,-0.0129527785,98878,78645,20233,12.2,-11389.748390230834,-1532.3440379930616,76cc05d7e847d59489f80a379ae9909f097acc0055c98dd465d85c99099ff3c8,30,-0.007868737913668156,27.27,0.8225042656690937,0.8225042656690937,0.8744975782965534,0.9134012515862224,0.9454035458806532,0.970691155573583,0.9923030853829631,1.009143620977884,1.0278490653569785,1.050361378790418,1.0706217647032752,1.086776057229597,1.1021771087459427,1.1153033270643296,1.1272513806331501
plus_di_10 <= 23,-0.012963571,98878,53852,45026,12.03,-8158.603149181876,-1147.0568358547898,14a9c3710fc1b17e882c866201c8dfd17bc6a0c5cee2921d8c0a77ac8ad2afa3,30,-0.006218645256012678,27.19,0.8022186071278717,0.8022186071278717,0.8514652903023382,0.8827798878373283,0.901028196373174,0.921124600908811,0.9405795141500243,0.9580959683047676,0.9702385336588015,0.9876276631870482,0.9965709164084559,1.008877229680602,1.023099986408307,1.0279309187008943,1.0406402037407996
adx_5 <= 13,-0.012969368,98878,215,98663,3.26,-161.2868491425179,-11.350399975919574,3c92cb65188a6807549ad02f373e5063a01a53cbce3d2b8fe4af860199995f57,28,0.0,0.0,0.23380128568087272,0.23380128568087272,0.33258304558378526,0.46432545431796207,0.35299121438667086,0.3353299847877723,0.40075874586044125,0.544349695924062,0.5076450711113992,0.5379121619658983,0.568977916407193,0.6859574694716616,0.751864064069057,0.79494936764206,0.6769832877993651
minus_di_20 >= minus_di_14_sft_3,-0.01297567,98878,46465,52413,11.96,-5198.695626611109,-860.1981317310783,a7c5a511f18bc4bc65b530c22aedd665cbba6e43036caf921c03925c9eff7340,30,-0.01309119537472725,26.82,0.8549420782907035,0.8549420782907035,0.8970562735490311,0.922687407922431,0.9537736833177541,0.9682640515441598,0.9852736934193178,1.0053672583299524,1.0202026420210257,1.0438137082559062,1.0484466254029081,1.058948338043956,1.0699202442134121,1.0791484279085624,1.089727241800956
mom_15 >= mom_20,-0.013012485,98878,52268,46610,12.01,-7762.508640979851,-1123.0601383231915,eaab1708ca388033e741f56742381a7a1263cfafa2fbe8f413d450736cce3e74,28,-0.0049227336421608925,26.76,0.8162580877264916,0.8162580877264916,0.867728407307731,0.9005191948711229,0.9317635493601714,0.9612808469835195,0.9851400221454159,1.0065758385435442,1.0206153177453154,1.0359086554216925,1.0555592818784945,1.0781466648174822,1.1052649101256358,1.1093983055890273,1.108387571888749
minus_di_5 >= 2,-0.013026859,98878,96328,2550,12.35,-11743.847697764566,-1859.6017379679179,a06e18f5f366aa3040f30d3f53c74e6c3d30e6b8f15e9282eabbaa7fe9dd85a0,30,0.014562352560460567,27.55,0.850888635435714,0.850888635435714,0.9094381679605243,0.9450113281077515,0.9736814641001255,0.998604910007306,1.0231592556510734,1.0430952690039041,1.0587576305996733,1.0741029327247422,1.0877618832685083,1.1002361209381244,1.1138621901397165,1.1267173602425007,1.1407164174195943
plus_di_20 >= plus_di_20_sft_3,-0.013059845,98878,40500,58378,11.9,-6373.7163144364895,-755.509565845583,e29890bc12ea37e8ab50982e55f5d20643af7c43a2ddc27569a065e219a2f597,30,-0.003650019410997629,27.25,0.8133923460564993,0.8133923460564993,0.879777652879976,0.9314775609449928,0.9740128991558934,1.0065271172782662,1.0336311720151035,1.0576259649817683,1.0832044557196672,1.102641105631264,1.1154021391161926,1.1250968240855312,1.1307632466691502,1.1514349704796907,1.1646333769753603
adx_5 >= 14,-0.013074122,98878,98406,472,12.39,-12367.092045417976,-1895.0402999869184,4118d96628e9d7109ca1b25b71d8f7665de5864ad974c7631ea4a76d380fc96f,30,-0.013632696121931076,27.4,0.8485190260902473,0.8485190260902473,0.9015362545564196,0.9393711424707171,0.9696935628551135,0.9955968534021693,1.0167414420486145,1.0338714941648022,1.0503861298040251,1.0665945017116858,1.0813412737220713,1.094930162175245,1.108627040024133,1.1214319840294682,1.1346033701307465
stdev_30 <= stdev_20_sft_3,-0.013115403,98878,19629,79249,11.55,-2794.141426707841,-412.60366989611794,76cc05d7e847d59489f80a379ae9909f097acc0055c98dd465d85c99099ff3c8,26,-0.011987033300101757,25.26,0.8157331202005594,0.8157331202005594,0.8623075018936898,0.8834251231474683,0.8908833881074346,0.9164786243713894,0.9410334533807196,0.9592174614989534,0.9572888514592297,0.9547011113068886,0.9723570767557747,0.9903796271586917,0.9999370679934453,0.9788634604978521,0.985151755655583
willr_30 >= willr_10_sft_3,-0.013132528,98878,48429,50449,11.98,-8291.747810646077,-989.9583854289522,c76b2a6e6a9f1e35b75e815a28e530490275498e07d600be2da53b82c81b3953,30,-0.014748511835932732,26.77,0.7993533027111188,0.7993533027111188,0.8583531836274008,0.898035815730999,0.9337847172093106,0.969822590612216,1.0048113688376425,1.024766154595876,1.0365839328463968,1.0431074083859821,1.0571420630201793,1.0659929292917647,1.0789773731304793,1.0947766616481711,1.1078427392305468
aarou_14 <= aarou_5_sft_2,-0.013138314,98878,56329,42549,12.04,-7407.472017632441,-1064.1182189350002,11ecda3140789fc7bb03c4e9ce6db1e36d26d05f5895e9047d4b04d8e05db454,30,-0.006383503787219524,27.2,0.8383649050275046,0.8383649050275046,0.8852292313384997,0.9439757572153726,0.9742894101890244,1.0086038241293254,1.0265481398960783,1.0390435451651463,1.0596828859568328,1.075075808178315,1.0906966215465246,1.1019118855952643,1.115053871104448,1.1338747296710934,1.1431841996429855
rsi_2 >= rsi_5_sft_2,-0.013143559,98878,49228,49650,11.98,-7911.572766421166,-998.3776432048471,9c5304fe9d592b70a0c6b3286ed47e7bf2dda0b94ec7966217da111653dec0de,30,-0.008639206178486347,27.06,0.8135272593387506,0.8135272593387506,0.8706310093782319,0.919157984443583,0.9608994970165607,0.9989790782444109,1.030763376529133,1.0529786012975761,1.0720493126283497,1.0790875261793162,1.0950219016433334,1.1094431361923094,1.1169791761144303,1.1323603213778857,1.1517559696543045
rsi_2 >= 1,-0.01314904,98878,97241,1637,12.36,-11935.303828466207,-1878.3234135742896,2aff2363e2a1ac18e5b09edc627fed21347731d4e6d91b606bf5ebf4ed170990,30,-0.007766599301248789,27.4,0.8528039597759904,0.8528039597759904,0.9134266642499161,0.9547472210115963,0.9844494227823827,1.0111122402756774,1.033240379580364,1.050274215115007,1.0660442741215879,1.0809906837088523,1.0944614615720232,1.107384107278585,1.119765179713275,1.1317529678629357,1.1440789164165128
mom_15 >= mom_20_sft_1,-0.013159281,98878,50856,48022,12.0,-8764.888728137004,-1157.8168727491284,eaab1708ca388033e741f56742381a7a1263cfafa2fbe8f413d450736cce3e74,30,-0.0058675892651081085,27.19,0.7954043529167579,0.7954043529167579,0.8493661309472915,0.892237559160666,0.9173428291487676,0.9443383596805165,0.9668924735937627,0.9926181663493066,1.013940019592132,1.0333063947065084,1.0574099852990628,1.0835880195422454,1.1012104738547086,1.1048443420470135,1.1067410768479768
aarod_10 >= aarod_30_sft_1,-0.013166613,98878,48788,50090,11.98,-6976.848651615019,-915.087456485744,010ce60baf3de2cf8c4bcfd243c9185441a26efa8e16690af1f746cc88b42f78,30,-0.013002680614590645,26.86,0.8211791308343792,0.8211791308343792,0.8795435751963738,0.9170588264479629,0.9427401753415026,0.9618579788432071,0.9854700743570475,1.0040098715518426,1.025093796611644,1.0395244271239024,1.0495602159642374,1.069170740785685,1.0943463655175951,1.1136518761760423,1.129070855194152
mom_10 >= mom_15_sft_1,-0.013173438,98878,51067,47811,12.0,-8612.956244081684,-1071.4512767808192,eaab1708ca388033e741f56742381a7a1263cfafa2fbe8f413d450736cce3e74,30,-0.0029616784304380417,27.32,0.7993038223392144,0.7993038223392144,0.8512586518330936,0.8923291781298736,0.9248822020593238,0.9534275299428545,0.9772002799635104,0.9908611997742655,1.0120865995203514,1.0304128029969974,1.0499451976136205,1.0672417138023,1.0808385803655907,1.0993020457835216,1.1203528889922503
bb_upper_2_20 <= bb_upper_2_10_sft_3,-0.013193708,98878,22024,76854,11.61,-3031.174236159626,-388.5443706475926,3aa49a56ba366f74cacb6b40add631875fca9bf88d1abae08516bfe7d1357af1,28,-0.008471554145216942,26.26,0.8269458673316245,0.8269458673316245,0.8834181164997019,0.9042456200450679,0.9230680681685638,0.9528324560510942,0.9749513754617496,1.0044024315326243,1.0138712688868825,1.0202017970150359,1.0267499640209348,1.0432744187702379,1.0564091955530992,1.0697487027438715,1.0630993672985325
plus_di_10 <= 6,-0.013199086,98878,3127,95751,10.01,-139.51067422017286,-36.82088994490914,14a9c3710fc1b17e882c866201c8dfd17bc6a0c5cee2921d8c0a77ac8ad2afa3,6,-0.016008863225579262,11.99,0.9218407227396939,0.9218407227396939,0.9334932693865674,0.900784597253971,0.8705760094469356,0.8691714062709759,0.8484750306071879,0.8409851431441049,0.8205653780177153,0.7954085984593375,0.7640025781608883,0.737934390647505,0.7192051120301015,0.7128516671963879,0.7191388172867933
plus_di_10 <= 21,-0.013201729,98878,46648,52230,11.96,-7239.720123615746,-1022.723020658319,14a9c3710fc1b17e882c866201c8dfd17bc6a0c5cee2921d8c0a77ac8ad2afa3,30,-0.007151077967137098,27.11,0.7961352963166428,0.7961352963166428,0.8419921274494234,0.8735043908306107,0.8923329580827717,0.9123358089873362,0.928774288061436,0.9427084312761125,0.9523885801117186,0.9643678505016459,0.9760196508949852,0.9943815177324116,1.0114428938754736,1.020367163808179,1.031771900222187
plus_di_10 <= 20,-0.013214727,98878,42828,56050,11.92,-6797.144009622968,-953.473065498365,14a9c3710fc1b17e882c866201c8dfd17bc6a0c5cee2921d8c0a77ac8ad2afa3,30,-0.009381738491356373,26.97,0.7905542398582157,0.7905542398582157,0.8275260462180695,0.8574567733852324,0.8756806492128512,0.8887583201324946,0.902523561359071,0.9162258138265719,0.9233767111520459,0.9317226374061416,0.9481531019744529,0.9698121853974059,0.9857836279706099,0.9971478103821575,1.0082724990316099
stdev_14 <= stdev_14_sft_2,-0.013298996,98878,51984,46894,12.0,-7785.564678564745,-1024.805504549433,76cc05d7e847d59489f80a379ae9909f097acc0055c98dd465d85c99099ff3c8,30,-0.008077900856733322,27.1,0.8145580450863539,0.8145580450863539,0.8675663054251047,0.8999826502647256,0.9239697944926039,0.9567375292566432,0.9845173296058332,1.0041725837834143,1.0203451469062599,1.040627631781704,1.0610059645281098,1.0774420980605346,1.0870638424669266,1.0927294845696365,1.0994092728804643
willr_5 >= willr_14_sft_3,-0.013299977,98878,50794,48084,11.99,-8937.188303726456,-1066.7801739090428,c76b2a6e6a9f1e35b75e815a28e530490275498e07d600be2da53b82c81b3953,30,-0.010763914324343204,26.98,0.790471204537023,0.790471204537023,0.8472024033540472,0.8837934643417901,0.9166055473786285,0.9473606851696875,0.9784933747361795,1.001610619177858,1.0190405312275008,1.035294700716011,1.0595703304727802,1.072249371285593,1.0854566997698587,1.1016504934230298,1.115577399295061
aarod_10 <= aarod_14_sft_2,-0.013305398,98878,65732,33146,12.11,-8578.871721243097,-1284.8469676499662,1c17b055d6052442bbc23e9c5f48c3b369df45790e4212d5edae44425931e847,30,-0.0039897495880723,27.32,0.8408798076573036,0.8408798076573036,0.8893062018922053,0.9272243994977852,0.9568722808639971,0.9801381424637986,1.001651106586101,1.0198801528693635,1.0383348608858873,1.0625293377467302,1.0847622088798161,1.0958345941475336,1.1077961828810565,1.1198901109618222,1.1292773677137784
adx_14 >= 12,-0.013320709,98878,94261,4617,12.32,-13129.505951460425,-1827.6369362733603,4118d96628e9d7109ca1b25b71d8f7665de5864ad974c7631ea4a76d380fc96f,30,-0.01975121721625328,27.25,0.8311011736600246,0.8311011736600246,0.885149184119966,0.9233319355471495,0.9538675632935752,0.9798126335187841,1.0032510383787776,1.0217891013894174,1.036664642984187,1.0528378042671167,1.0682287038137466,1.0822058907054688,1.0958766940539009,1.1080650032811394,1.1213251661101462
aarod_10 <= aarod_10_sft_3,-0.013340896,98878,69445,29433,12.13,-9205.728123513123,-1306.0939333163187,1c17b055d6052442bbc23e9c5f48c3b369df45790e4212d5edae44425931e847,30,-0.002484999829903245,27.37,0.8392547675789936,0.8392547675789936,0.8899872319407303,0.9227479604567754,0.9513279828062905,0.9788456560272607,1.0008514649441782,1.0255633869748924,1.037534800563693,1.0584011871879893,1.0836696933541747,1.0957840963466454,1.1085340985191297,1.1196060051904768,1.1290888899017284
plus_di_10 <= 11,-0.013372071,98878,11842,87036,11.22,-1448.473316762594,-277.86985095780983,14a9c3710fc1b17e882c866201c8dfd17bc6a0c5cee2921d8c0a77ac8ad2afa3,30,-0.01661505736410618,25.43,0.822502817074412,0.822502817074412,0.8614652486170398,0.8921293579687143,0.9081334593809113,0.90525165278918,0.9046941787839886,0.9044542065043097,0.9132914278804313,0.9212693758685748,0.9330968703982564,0.9379597577831282,0.9470195248390509,0.9610233323162395,0.9727400653769113
aaro_10 >= aaro_20_sft_3,-0.013402258,98878,51483,47395,11.99,-7032.204212339471,-1006.2138449603881,fa1fba1a54e25d7a96ab29b0d7c633f260580ef2319f10dc44e85c501c26793f,30,-0.001700103166513145,27.37,0.8343088528672185,0.8343088528672185,0.8897198480854556,0.9265324581723046,0.971372123624382,1.0017933596492148,1.0183265771224976,1.03200480211811,1.0489720816975419,1.0718663281766196,1.0945650226268546,1.1083903140272058,1.1183407546194526,1.1271051455482979,1.136496109272539
sma_20 <= High_sft_1,-0.013414205,98878,60237,38641,12.06,-7379.037408381781,-1096.600438861744,96dbcbed1df94b1ba010b345e5b1a9039b5cdd6019405ebbb50c28754007bf82,30,-0.013331121765077114,26.97,0.8551266949682638,0.8551266949682638,0.9164432016725556,0.9521770706608158,0.9929493270699098,1.0247943799526549,1.0517698083555902,1.0723991150945058,1.0865492836634396,1.0997650335286937,1.1092947118793477,1.121905248482661,1.1321478964881706,1.1412848092759693,1.147269584630299
mom_10 >= mom_5_sft_2,-0.013422866,98878,50102,48776,11.98,-7662.296782345686,-966.5071537565746,eaab1708ca388033e741f56742381a7a1263cfafa2fbe8f413d450736cce3e74,30,-0.013620460405945778,26.85,0.8251620114694841,0.8251620114694841,0.8866912142406541,0.9343035571613615,0.9800455756442189,1.0085251069245524,1.0330856695792046,1.0554837313249288,1.066380791630577,1.0828435616575882,1.0987651204616227,1.1113710100459997,1.1191890534593552,1.1380283588771727,1.1535475695573751
willr_30 >= willr_5_sft_2,-0.013436194,98878,48211,50667,11.96,-7938.837947622459,-974.1663136046991,c76b2a6e6a9f1e35b75e815a28e530490275498e07d600be2da53b82c81b3953,30,-0.011039648205041885,26.94,0.8065570842790922,0.8065570842790922,0.8703273352205556,0.9142939312544751,0.9445449914038521,0.975831502979261,1.0035695567867866,1.0292175462551267,1.0506081921315502,1.0642581503958943,1.0802276019537822,1.0958475935715979,1.1046436772460864,1.1183493012909511,1.1358707611811585
rsi_2 >= 3,-0.013442566,98878,94566,4312,12.32,-11931.513440237442,-1832.0179885287653,2aff2363e2a1ac18e5b09edc627fed21347731d4e6d91b606bf5ebf4ed170990,30,-0.010717445984482765,27.34,0.849348266252577,0.849348266252577,0.909373832325555,0.9518935953201599,0.9825454665958393,1.010482231306861,1.0342774193512994,1.0503140676103213,1.0649967139848737,1.080336330818843,1.0935965461581711,1.1057986052715862,1.1185019562699485,1.130055357237555,1.1419078052716258
aarod_5 >= aarod_30,-0.0134490095,98878,54830,44048,12.02,-6938.05911100224,-998.1932058817692,010ce60baf3de2cf8c4bcfd243c9185441a26efa8e16690af1f746cc88b42f78,30,-0.015734493732452393,26.82,0.8393585527570598,0.8393585527570598,0.8924548321504631,0.9359390992634672,0.9602496038920062,0.9878488153542018,1.011085002267333,1.0230636119927832,1.039701900350932,1.0628416798772107,1.0809323462315776,1.0955355485640261,1.11236383966094,1.1279039258374215,1.1445350523247497
rsi_2 >= 12,-0.013450048,98878,84291,14587,12.23,-11223.776453571867,-1662.4506597681684,2aff2363e2a1ac18e5b09edc627fed21347731d4e6d91b606bf5ebf4ed170990,30,-0.00853869691491127,27.29,0.8434376660378388,0.8434376660378388,0.9037147507172636,0.9467434494572904,0.9788120375162398,1.0074708619202604,1.0347069471946309,1.0533588132390934,1.0656911174836787,1.077778457930778,1.0936970360737217,1.105531603496949,1.1189656319605126,1.1326147977985586,1.1442495642223378
plus_di_10 <= 22,-0.013461244,98878,50268,48610,11.98,-7751.130351254183,-1089.9075212735552,14a9c3710fc1b17e882c866201c8dfd17bc6a0c5cee2921d8c0a77ac8ad2afa3,30,-0.006846321746706963,27.14,0.7984061944932176,0.7984061944932176,0.8460726418579599,0.8772780797582316,0.8942221236151248,0.9197512813135554,0.9342900724744635,0.948677763246967,0.958142504793613,0.9712719168471384,0.9803292631362702,0.9955882025655547,1.0124139271104502,1.0187208044174778,1.0334354275954831
aarou_30 >= 11,-0.013469055,98878,76506,22372,12.18,-9893.10434095364,-1442.736873680995,dcb58ce780511e98834e39247d27a6ee8873b25591939e1839bb93ebed46e76d,30,-0.019663682207465172,26.97,0.8426934137853688,0.8426934137853688,0.8999693193652232,0.9424233079026216,0.9722442461369183,0.9967753926245392,1.019094030360371,1.0323844398060735,1.0446429594011875,1.057696251830541,1.0704931825856068,1.0835362854365203,1.0984263490751447,1.1115437592498736,1.124941711755611
willr_14 >= -14,-0.013475644,98878,14540,84338,11.35,-2434.8021952366253,-295.42432589642704,69dfb876a37c1daf9322a675d7db45858b16e638e7217cc78e1177c12ffb23dc,30,-0.0064310054294764996,26.75,0.8129050713319772,0.8129050713319772,0.9000109218106689,0.9756457896688707,1.0554515898538328,1.1080334828797096,1.146957932360067,1.1704724613422008,1.1937222970462178,1.2126388504348649,1.2211111382477908,1.2246837187892612,1.2365050968845308,1.2618607749073345,1.302398475400557
willr_5 >= willr_10_sft_3,-0.013513555,98878,50822,48056,11.98,-8875.41630932966,-1065.7775925595706,c76b2a6e6a9f1e35b75e815a28e530490275498e07d600be2da53b82c81b3953,30,-0.014558800496160984,26.81,0.7917930526322946,0.7917930526322946,0.8534558308172601,0.8906015304566957,0.9243645844789915,0.951312782954196,0.9839651773191953,1.0023215567748072,1.0199572976882656,1.0329080600876834,1.0559274048216434,1.0712003291570926,1.0847037655470328,1.1001310059291296,1.1123654520483914
aaro_5 >= aaro_20_sft_1,-0.01351859,98878,51651,47227,11.99,-8088.042243402471,-1075.7787268965258,fa1fba1a54e25d7a96ab29b0d7c633f260580ef2319f10dc44e85c501c26793f,30,-0.005607326980680227,27.21,0.8114363749108092,0.8114363749108092,0.8623649920758996,0.8987376473172188,0.9339586371948088,0.9622031926214013,0.9917067022510503,1.0148558218100099,1.0378068847872697,1.054613961239473,1.0708765556995763,1.0858210963410753,1.1022574909999783,1.1082903769070869,1.1143343840111968
minus_di_5 <= minus_di_10_sft_3,-0.013549838,98878,55669,43209,12.02,-8564.191903139716,-1097.4454823168417,6ead8d4aff114cb978d2a5e9b1dcb95b84dfa27fd6f0f40b385ac29b242b16ea,30,-0.003578545292839408,27.3,0.819145982707114,0.819145982707114,0.8844051838066304,0.9300753232886613,0.9630498500636899,0.9914409817800529,1.0183714696610986,1.0431250099508642,1.0609548517553433,1.0696879007998623,1.0878184662503356,1.103572549237599,1.112909286418902,1.1313706297432584,1.1415259021844946
atr_10 <= atr_10_sft_1,-0.013579341,98878,61703,37175,12.07,-10021.575499477567,-1282.9352785396914,6c56a6e37fe7066fac040219b9e7cfe2398571a456467cde7a8327153ebc94da,30,-0.00960824079811573,27.11,0.7982775202077652,0.7982775202077652,0.8444094822816399,0.8828229196216506,0.9131824180028939,0.9348038302002856,0.9589615209706105,0.9817721049844443,0.9989323377832752,1.0167712998405976,1.0346195164690972,1.0510235201396454,1.067559501666636,1.077623933760489,1.0904053110920293
willr_14 >= -12,-0.013584929,98878,12793,86085,11.26,-2104.3303175153706,-264.3520448673007,69dfb876a37c1daf9322a675d7db45858b16e638e7217cc78e1177c12ffb23dc,30,-0.007160010281950235,26.62,0.816683987866599,0.816683987866599,0.9162556959988067,0.9993785954965853,1.083307527641495,1.1348437422300002,1.1693848553912152,1.182270175740956,1.2019910606112347,1.214291484206626,1.2321915363286715,1.2340715979724561,1.2529924163317538,1.2732754371011332,1.3113128642291827
aaro_20 <= aaro_5_sft_1,-0.013585803,98878,51700,47178,11.99,-7326.350997758307,-1052.75177857151,03178e4886fc07979b0c314ad9c68ba2f86b07645c5f6bfdb6bc96b9669a3c24,30,-0.0020886349957436323,27.36,0.827103845904234,0.827103845904234,0.8766786374567215,0.9154279695944635,0.9471411116674898,0.9771065509373725,1.0076250115313887,1.0296092317501673,1.047161019858188,1.065140763649806,1.081762133932164,1.1014657412118811,1.1129388447814421,1.1202420593504192,1.1283886045619818
willr_14 >= -16,-0.013602712,98878,16270,82608,11.41,-2702.4743901200272,-317.5280889583155,69dfb876a37c1daf9322a675d7db45858b16e638e7217cc78e1177c12ffb23dc,30,-0.00674167787656188,26.77,0.8151957046081493,0.8151957046081493,0.902140406676578,0.9719980434442863,1.056679394862664,1.1094534893178607,1.1502754415733738,1.1769122264289948,1.2002452312757674,1.2218956742946838,1.2318838441464317,1.2394209000629604,1.2491398429390825,1.2822501229648753,1.3232792324443845
aarou_30 <= aarou_20_sft_3,-0.013623748,98878,48284,50594,11.96,-6437.930306227572,-913.3314896836964,11ecda3140789fc7bb03c4e9ce6db1e36d26d05f5895e9047d4b04d8e05db454,30,-0.004647858440876007,27.23,0.8369623450087722,0.8369623450087722,0.9068888071800373,0.9502358415648114,0.9792961674009252,1.0086706691776617,1.0414283204813524,1.0622158123657386,1.0773545364457233,1.0883872077305732,1.0962547094756734,1.1022925418214833,1.123427168307777,1.1356282813760583,1.1466387523113195
rsi_30 <= rsi_20_sft_3,-0.013628383,98878,47301,51577,11.95,-4899.772160583736,-822.3825516623328,f60792ba6ac5baece5de7ac90117c85055d233a86016db65a9b1851d8a518ee9,30,-0.006747826933860779,27.13,0.8647204385015895,0.8647204385015895,0.9139211152918288,0.9488794226893025,0.9728798417453594,0.9957001302286278,1.010253376207737,1.024038804192783,1.034110554480722,1.051802376407823,1.0612387923626339,1.0729962267307425,1.0904865023513133,1.0911371237331418,1.0976631739148703
rsi_10 <= rsi_2_sft_1,-0.01367974,98878,48799,50079,11.96,-6351.392153896995,-921.9946387490636,f60792ba6ac5baece5de7ac90117c85055d233a86016db65a9b1851d8a518ee9,30,-0.0031212144531309605,27.3,0.842222714414764,0.842222714414764,0.9024453301929976,0.9442554475169654,0.9909382202866439,1.0261466500546619,1.054029439439532,1.0705466430001676,1.0864737638497606,1.0975622343999136,1.116291606723156,1.1255850028645393,1.139396903505533,1.1525614420275432,1.1620827318950706
plus_di_30 <= 5,-0.013686475,98878,242,98636,3.31,-56.905365681275725,-4.4226749668232515,14a9c3710fc1b17e882c866201c8dfd17bc6a0c5cee2921d8c0a77ac8ad2afa3,30,0.0,0.0,0.48615708918511125,0.48615708918511125,0.503779245707746,0.5488674096556079,0.6070838643176498,0.6959361413817795,0.8096945303599632,0.9052254218695308,0.9654560821451778,1.0588191935526743,1.1068311151775831,1.1715715602031178,1.1908964427661315,1.2222046574871106,1.2724539554200631
minus_di_14 <= minus_di_14_sft_2,-0.013711004,98878,59172,39706,12.05,-9364.390673344948,-1148.5142538249493,6ead8d4aff114cb978d2a5e9b1dcb95b84dfa27fd6f0f40b385ac29b242b16ea,30,-0.008401195518672466,27.14,0.814660576659931,0.814660576659931,0.8718885706169808,0.9141284651683401,0.9479255413958894,0.9828692450370102,1.015021989958679,1.037890525126423,1.0583562870134242,1.0674747663817512,1.0795365286811953,1.0955807623527563,1.1084014561970041,1.1256095925810565,1.1373606683248874
aarod_20 <= aarod_10_sft_3,-0.01371445,98878,53404,45474,12.0,-7912.136717941503,-969.7539351252562,1c17b055d6052442bbc23e9c5f48c3b369df45790e4212d5edae44425931e847,30,-0.003305605612695217,27.31,0.8180006474606311,0.8180006474606311,0.877985293876484,0.912008130381894,0.9436388589710902,0.9774053097389738,1.0047820575882251,1.0306815601603463,1.0440896987643067,1.0644811837744532,1.090004090350816,1.1059638082569876,1.1233989102620536,1.13429079250434,1.149884198471839
willr_30 >= -1,-0.013757347,98878,2914,95964,9.81,22.88138792203972,-46.164085768999946,69dfb876a37c1daf9322a675d7db45858b16e638e7217cc78e1177c12ffb23dc,30,-0.006532344035804272,25.77,1.0102812794364746,1.0102812794364746,1.1710250003751272,1.2088091588603804,1.3238700122102782,1.280208446009214,1.317254010130356,1.324393131636828,1.3461839599743943,1.3546830181532066,1.3959637326490943,1.3795245163478609,1.4445376938236574,1.5178003872573844,1.6171389397226414
mom_20 >= mom_15_sft_3,-0.013781992,98878,49964,48914,11.97,-8121.115820096376,-945.2164536758137,eaab1708ca388033e741f56742381a7a1263cfafa2fbe8f413d450736cce3e74,30,-0.009591284207999706,27.02,0.8129338832753029,0.8129338832753029,0.8751642037648689,0.9171566384094001,0.9577804081077375,0.9971024129797084,1.028268018537946,1.0499164667563519,1.0768282713271105,1.0931030468379215,1.1053391247011373,1.1091657795977825,1.1203510264741285,1.1453830511453775,1.168553384366735
plus_di_14 <= plus_di_5_sft_1,-0.013792368,98878,41276,57602,11.88,-6021.615323524478,-766.7627782839627,bd972efc927c87708f479b3c989a305bfeb89b6aa0381d01606955fa59f6baca,28,-0.0036917398683726788,26.77,0.8257327334248595,0.8257327334248595,0.8910825565266847,0.9373417165659463,0.9721312203787247,1.0082604094391614,1.0327569568013835,1.0542417584396928,1.0738216649441663,1.0819596181650968,1.0851613544521275,1.0997646142311832,1.102761577891243,1.1208076952265313,1.1191648116858992
bb_upper_2_10 >= High_sft_2,-0.013842205,98878,91126,7752,12.29,-11913.733377484652,-1784.515596543817,73a2f8f858c13ed47c80370d7df3c9045bc14eb7544028acac21bb9dbc89635d,30,0.005862555932253599,27.52,0.8410750590894029,0.8410750590894029,0.8988652254525427,0.9341841581405522,0.9689727421217844,0.9956963970564986,1.0214100592109614,1.0398696420489584,1.056696293389503,1.0721909922801902,1.0872074904943332,1.1027407652617152,1.1186487462351633,1.134045555262933,1.1473104808105936
aarou_20 <= aarou_10_sft_2,-0.013859456,98878,51567,47311,11.98,-6682.235727220948,-958.2680053759395,11ecda3140789fc7bb03c4e9ce6db1e36d26d05f5895e9047d4b04d8e05db454,30,-0.004470216576009989,27.25,0.8420421764447439,0.8420421764447439,0.8909508433978824,0.9396265904179626,0.9659532852197298,0.9932012503089146,1.0131539964584373,1.0404512399531538,1.062053970071293,1.0804853408907786,1.1003457037812427,1.119469642647905,1.1349814938592002,1.1593670680679842,1.1640112831182146
aaro_20 >= -79,-0.013884118,98878,86832,12046,12.25,-12317.435307935466,-1628.5208457987246,0811e6227d0d089f2d69284c6ea7ddd7761288c8d873ca997aaf34687b2f23f1,30,-0.015935679897665977,27.18,0.8303721792435022,0.8303721792435022,0.8860206967725325,0.9245363091523928,0.955789467680364,0.9794359313750766,1.003641659326139,1.0237060845385066,1.0421659500570257,1.0580984525991803,1.0720719756837307,1.085513735148695,1.0985482546259084,1.1111922505436689,1.1250884634145832
rsi_2 >= 14,-0.013890407,98878,82198,16680,12.21,-11004.964708442574,-1628.5685999665802,2aff2363e2a1ac18e5b09edc627fed21347731d4e6d91b606bf5ebf4ed170990,30,-0.00806050281971693,27.28,0.8428319271133651,0.8428319271133651,0.9051418697905061,0.9492085723431434,0.9807497580318585,1.0110227126002167,1.039493876773617,1.0572616661077816,1.0690472787794891,1.0795097220681518,1.0953244938487685,1.1063363901655525,1.1196993311881742,1.133118434795604,1.1454802508891497
mom_2 >= mom_20_sft_2,-0.013896896,98878,51009,47869,11.97,-9729.59156220176,-1213.7516607099897,eaab1708ca388033e741f56742381a7a1263cfafa2fbe8f413d450736cce3e74,30,-0.00028958311304450035,27.43,0.7678631692040537,0.7678631692040537,0.8185183149078566,0.8499466548379807,0.875078785602334,0.900408279144899,0.9255824307432945,0.9494704602783129,0.9757093980012566,0.9967629221039486,1.0200658190374783,1.0387823590179839,1.0443466443452738,1.05799375745015,1.0703114093995847
aaro_30 <= aaro_14_sft_2,-0.013928727,98878,50619,48259,11.97,-7320.048251827626,-1028.9363261039252,03178e4886fc07979b0c314ad9c68ba2f86b07645c5f6bfdb6bc96b9669a3c24,30,-0.00894801877439022,27.06,0.8221166339498479,0.8221166339498479,0.88277231693851,0.9127292344919705,0.9372629019869553,0.9666767639847581,0.9995451585459169,1.0322514619907375,1.054058316157034,1.0727500834664623,1.0871643746434563,1.096107856188552,1.10198021059728,1.1024140699115548,1.1046439078213999
willr_30 <= -10,-0.013964491,98878,88879,9999,12.26,-12977.420652793986,-1777.9523660460472,c087f74a8ef9fdefe2bfbfe4c42e7c177e68996d73089fae9a8de15f5638210d,30,-0.008327656425535679,27.32,0.820337414944433,0.820337414944433,0.8691429243750843,0.9037613410883738,0.9309944853773745,0.9555035474824733,0.9807340519847825,1.0041965308336511,1.0231874596838897,1.042807285283381,1.0580211944975122,1.0700386254831766,1.0813271245442275,1.0924535992421636,1.0997359404398679
rsi_2 >= 16,-0.013965877,98878,80159,18719,12.2,-11071.067689024268,-1603.3160396894964,2aff2363e2a1ac18e5b09edc627fed21347731d4e6d91b606bf5ebf4ed170990,30,-0.007901574485003948,27.27,0.8386230185498178,0.8386230185498178,0.9015706749996572,0.9459279156638455,0.9782315862861858,1.0073509341177789,1.0372052708410668,1.0562238742987102,1.069403378068977,1.0796470111689098,1.0964236853856606,1.107056093018924,1.1208694455545594,1.1335205236106722,1.1465415417949143
sma_20 <= High,-0.0139704235,98878,59357,39521,12.04,-8025.718240243419,-1113.479850211188,96dbcbed1df94b1ba010b345e5b1a9039b5cdd6019405ebbb50c28754007bf82,30,-0.012376246973872185,26.99,0.8422283511458151,0.8422283511458151,0.9093386753732963,0.9470872269773001,0.9854782994000901,1.0160555299905047,1.047235414233371,1.0686876138375927,1.0870472852181186,1.098615474175182,1.1104725714990302,1.123211070241096,1.13368493424466,1.1435524222524862,1.1518597461939493
plus_di_10 <= 13,-0.013972388,98878,17514,81364,11.43,-2297.482169729117,-410.08789256178716,14a9c3710fc1b17e882c866201c8dfd17bc6a0c5cee2921d8c0a77ac8ad2afa3,30,-0.016960743814706802,25.81,0.8145387945209691,0.8145387945209691,0.8340235512674418,0.8617498907144758,0.8866594898201255,0.8954383365927812,0.8967938507841604,0.8960965439867475,0.9012372352002591,0.9168066978882787,0.9330559795351759,0.9417922586936426,0.9490984013861119,0.9586113159556364,0.967482114974757
minus_di_10 >= 14,-0.013989565,98878,77269,21609,12.17,-11507.04569679416,-1597.8382373003697,a06e18f5f366aa3040f30d3f53c74e6c3d30e6b8f15e9282eabbaa7fe9dd85a0,30,0.022736238315701485,27.98,0.8112772258383567,0.8112772258383567,0.8641262871932964,0.8996658880211011,0.9262270786260615,0.9546882354474423,0.9780175515968297,1.003909218627465,1.0284636394496875,1.052861758049795,1.070330538386457,1.087127485242753,1.1038333955102206,1.116555067160415,1.1295108754179914
willr_14 >= -24,-0.014010231,98878,23254,75624,11.59,-3857.0124973958737,-439.5975228525349,69dfb876a37c1daf9322a675d7db45858b16e638e7217cc78e1177c12ffb23dc,30,-0.006361597217619419,26.93,0.8170744111939552,0.8170744111939552,0.8956892466935021,0.9543555144951485,1.0200670649162467,1.0693647718137604,1.1046415721782537,1.1251265698521213,1.1407419492770496,1.1579974936854924,1.174322525682453,1.194249619221806,1.206549958057986,1.2346439418874884,1.270528507296737
bb_upper_2_10 >= Close_sft_2,-0.014021811,98878,97959,919,12.37,-12534.125885871228,-1898.2563040287278,c0747f5e7ce163e3c1dabc2ee26f6f6da1485e96e9d6c50c701fe20834f02f93,30,-0.008687187917530537,27.41,0.8458109654189587,0.8458109654189587,0.8999708292218381,0.9370190306677538,0.9675701507060809,0.9926156864525272,1.014136724218294,1.0317975007170537,1.0479162376779994,1.0640560263141672,1.0789843098192278,1.0933445260926136,1.107197131809824,1.119569190798151,1.1324865989576385
aarou_10 >= aarou_20_sft_1,-0.014026162,98878,46377,52501,11.93,-7497.302445083253,-999.7389743610547,0f031b3780e6467809600593d6806420193325d9573f332c17b627db66a26893,30,-0.0008236554567702115,27.41,0.8043565194667611,0.8043565194667611,0.8649316256029819,0.8978444970211923,0.9469172893095964,0.9773195595874028,1.0020985330690795,1.0173636971579192,1.0416460770619629,1.0629162081611434,1.0886126052192462,1.1073719949291516,1.127292313663856,1.1419610718009154,1.158101679969584
sma_10 <= Close,-0.01403767,98878,48153,50725,11.94,-7154.115675127701,-943.9976545822719,50a0e61b02a2d5c963e9603b4bade036c42f4965c5f54e99ff926c2165cc53b8,30,-0.0059652929194271564,27.17,0.8323155608760399,0.8323155608760399,0.8918186885706758,0.9394039422127051,0.9792298065543594,1.0171553780782212,1.046607615833864,1.0722039303592128,1.0931688665132715,1.1033627749923327,1.1213989981471177,1.1354514433431069,1.1508987963509392,1.1651027264940037,1.180545480970427
mom_20 >= mom_15_sft_2,-0.014044094,98878,49773,49105,11.96,-7909.698327003606,-932.1552882803371,eaab1708ca388033e741f56742381a7a1263cfafa2fbe8f413d450736cce3e74,30,-0.009299988858401775,27.03,0.8164608111780108,0.8164608111780108,0.8781648608376396,0.9253164180278007,0.9596248288751176,0.9986234616312041,1.0254703397419924,1.0473530281165473,1.0728661279761444,1.0865574130360016,1.0933401206417088,1.1001912202338162,1.1097000365991063,1.1332706038530778,1.1610155079435014
mom_10 >= mom_20_sft_2,-0.014058147,98878,50821,48057,11.97,-8822.788363188225,-1127.354056915785,eaab1708ca388033e741f56742381a7a1263cfafa2fbe8f413d450736cce3e74,30,-0.0036180547904223204,27.29,0.7927901145962767,0.7927901145962767,0.8448825591153777,0.8908359535369546,0.9213868551339951,0.9482220241156658,0.9745313564245209,0.9966895649492291,1.016489703337659,1.033500480787762,1.060999039647978,1.0820100419495802,1.0946024430040189,1.1055452356431776,1.1094955645469995
mom_20 <= mom_2_sft_1,-0.014070169,98878,50718,48160,11.97,-7980.865809657789,-1131.4156925661082,99b230403b43b61a62d1e1bb62b812e1617b1ac927f76ee434dad8be358b43f3,30,0.000384510844014585,27.46,0.7978307035749863,0.7978307035749863,0.8373801914914363,0.860001496565467,0.8829551651277471,0.8980928596041065,0.9178576432751839,0.9335546667502628,0.9551217588056108,0.974689817102642,0.9985434591424666,1.017655519806642,1.0376015669189864,1.0488030211374701,1.0558225352240471
minus_di_5 <= minus_di_5_sft_1,-0.014087758,98878,70230,28648,12.12,-9615.077742717516,-1363.0395359696413,6ead8d4aff114cb978d2a5e9b1dcb95b84dfa27fd6f0f40b385ac29b242b16ea,30,-0.010120803490281105,27.16,0.8384433971490595,0.8384433971490595,0.8941410365339884,0.9384979177759408,0.975610653790435,1.0026514684506966,1.0316967062508497,1.0476243137181622,1.0595435949720686,1.0719523332077556,1.0854927924096176,1.1017515253674062,1.1100309026721766,1.1234962763915353,1.1395031208199984
willr_30 <= -9,-0.014142943,98878,89605,9273,12.27,-13103.537161278513,-1788.3922871766408,c087f74a8ef9fdefe2bfbfe4c42e7c177e68996d73089fae9a8de15f5638210d,30,-0.006921553984284401,27.35,0.8204969475819233,0.8204969475819233,0.8693358091371638,0.9051556619999829,0.9323563093061884,0.9572145475462895,0.9826090467334988,1.0060887820805984,1.025188918610715,1.0445443205386802,1.0608055074158271,1.0736723504753505,1.085658487315866,1.0960740025520992,1.1029072621247544
aarod_10 <= aarod_5_sft_2,-0.014146631,98878,60833,38045,12.05,-8397.02522686838,-1235.6262153372008,1c17b055d6052442bbc23e9c5f48c3b369df45790e4212d5edae44425931e847,30,-0.010926945134997368,27.06,0.8320077813170315,0.8320077813170315,0.8912183004872436,0.9214342984206901,0.9497401948272461,0.9724531462576321,0.9848656653200747,1.0081920451438182,1.027658610577509,1.0518687854579312,1.0757721009516943,1.0840309253549787,1.0996038595323598,1.1194699484221675,1.1326570761028825
day_of_month >= 10,-0.014154021,98878,70934,27944,12.13,-10523.20700056079,-1440.884917202151,666161afb56bd50fe398018469fe957621e37839d10a56fca5818303205ef700,30,-0.031649574637413025,26.56,0.8203673135262479,0.8203673135262479,0.863439831812487,0.8914120431483986,0.9076026694289956,0.9210453705906361,0.931900361532765,0.9377112765600408,0.9431606370914152,0.9499300733780155,0.9546059315543765,0.9589165255952083,0.9628130384791608,0.966222833507525,0.9706119659088206
adx_30 <= 8,-0.014155515,98878,3292,95586,9.9,-592.1270122753049,-59.60644240165129,3c92cb65188a6807549ad02f373e5063a01a53cbce3d2b8fe4af860199995f57,30,0.007139286957681179,29.16,0.7352272835870028,0.7352272835870028,0.7986687512145454,0.8770699263402508,0.9402025313571387,1.0137212345630633,1.0885132004194606,1.1694752163641253,1.2367712746564405,1.2939189070995933,1.3169870773302972,1.3563985039827853,1.3767184782752449,1.400474672708018,1.4052669052619549
adx_10 <= 14,-0.014173416,98878,3773,95105,10.07,-1007.6298647240619,-105.03841374779586,3c92cb65188a6807549ad02f373e5063a01a53cbce3d2b8fe4af860199995f57,30,0.0008875653147697449,27.64,0.6600315464877147,0.6600315464877147,0.6876275223599271,0.6983936410772182,0.709546465517103,0.7510480471477612,0.7740306146393915,0.8003680434830225,0.8653047235818974,0.9323506429826159,0.9936487608078463,1.0525112849983789,1.0426646658731544,1.0752897228565772,1.0986751476186383
plus_di_20 <= plus_di_5_sft_3,-0.014181061,98878,41043,57835,11.86,-5835.583214158738,-802.7877771601125,bd972efc927c87708f479b3c989a305bfeb89b6aa0381d01606955fa59f6baca,30,-0.008105587214231491,27.02,0.8275586212113806,0.8275586212113806,0.8853710479613834,0.9289217429074472,0.9642395388507243,0.9921752633841506,1.0134285293104932,1.0352220861391686,1.043607074204234,1.0465398233167995,1.0581004138299896,1.0641571163227297,1.0852881576057116,1.0881060503136262,1.0941631064829063
plus_di_10 <= 12,-0.014192862,98878,14534,84344,11.29,-1895.8201004539192,-342.41218662258325,14a9c3710fc1b17e882c866201c8dfd17bc6a0c5cee2921d8c0a77ac8ad2afa3,30,-0.016119476407766342,25.71,0.8130555898756866,0.8130555898756866,0.8503104520297191,0.8827754224742127,0.9084591385529289,0.9127489987574436,0.9068111423528097,0.9082380055057793,0.9190539130354252,0.9293529942856584,0.9428870056310852,0.9567506951314855,0.966194293840264,0.9731787720177906,0.9795503958106172
plus_di_5 <= 2,-0.014194669,98878,2647,96231,9.6,-176.96498115373606,-35.85946672091086,14a9c3710fc1b17e882c866201c8dfd17bc6a0c5cee2921d8c0a77ac8ad2afa3,16,-0.016484126448631287,18.32,0.8795807875814442,0.8795807875814442,0.8728523977196462,0.879208896537417,0.8440486713946843,0.8710376385504079,0.904311660985866,0.9462924632144881,0.9362845657686419,0.8978309653584413,0.8484060601156402,0.8024928114515298,0.7761432954521401,0.771833266976908,0.7892765107245491
aaro_5 >= aaro_20_sft_2,-0.014197294,98878,51362,47516,11.97,-7830.814392216465,-1069.2462347842156,fa1fba1a54e25d7a96ab29b0d7c633f260580ef2319f10dc44e85c501c26793f,30,-0.005228708498179913,27.22,0.8157034897592165,0.8157034897592165,0.8678775423930881,0.9044374567210677,0.9423368024233362,0.9714243584249627,1.0044505066776217,1.0263409708475835,1.0452850458601188,1.059238880862537,1.0759677686238964,1.0908741344546697,1.1062896133763211,1.1095038541830904,1.1146807838306865
rsi_2 >= 19,-0.014201998,98878,77158,21720,12.17,-11112.189761212874,-1546.094252175535,2aff2363e2a1ac18e5b09edc627fed21347731d4e6d91b606bf5ebf4ed170990,30,-0.00859222374856472,27.24,0.8323281875553031,0.8323281875553031,0.8977711366733342,0.9444321908763846,0.9768289638730931,1.0068129552060532,1.0342110321300868,1.0520450506279968,1.0682717438103229,1.0785350593113963,1.0946133882196223,1.1052620220488178,1.1181398189025105,1.1327490441132686,1.1454328509997538
plus_di_20 <= plus_di_10_sft_3,-0.01424561,98878,44063,54815,11.89,-6126.971393968874,-894.2772449231488,bd972efc927c87708f479b3c989a305bfeb89b6aa0381d01606955fa59f6baca,26,-0.004865346476435661,26.09,0.8293563035229273,0.8293563035229273,0.8853459453574889,0.9146497538939695,0.9430198143985188,0.9680010141145274,0.9925233062941007,1.0141823787641442,1.0239966492181005,1.0305576203428102,1.0379403896296147,1.045181387301816,1.0614440661313205,1.0552721160740535,1.0567275437160781
plus_di_10 <= 7,-0.014255093,98878,4272,94606,10.21,-477.72747563199437,-97.9096321726829,14a9c3710fc1b17e882c866201c8dfd17bc6a0c5cee2921d8c0a77ac8ad2afa3,6,-0.01664925180375576,12.36,0.8238743525943123,0.8238743525943123,0.8727484074678493,0.8700414024086549,0.8556148587445366,0.8563316336568079,0.8515400128562173,0.8455214234242248,0.8166540392155228,0.8092849173057097,0.7900287523561785,0.7813755733186296,0.7746985620448834,0.7785054567776671,0.77396701020154
aaro_14 >= -78,-0.014276856,98878,84815,14063,12.23,-11997.11669786393,-1653.1900984578824,0811e6227d0d089f2d69284c6ea7ddd7761288c8d873ca997aaf34687b2f23f1,30,-0.006386167835444212,27.33,0.8326063124583162,0.8326063124583162,0.8907657619715643,0.9310392864828387,0.9608879488918739,0.9867420746385448,1.0099611339266565,1.0321670963884149,1.0520646828657338,1.0690796758182033,1.084931105062137,1.0997283803657332,1.112746331047665,1.1242200251186647,1.1330811069385816
aaro_30 <= aaro_14_sft_1,-0.014281669,98878,50794,48084,11.96,-7591.669032969134,-1035.7163510323808,03178e4886fc07979b0c314ad9c68ba2f86b07645c5f6bfdb6bc96b9669a3c24,30,-0.008315290324389935,27.08,0.8165846019196065,0.8165846019196065,0.8791419020122878,0.9108874072455558,0.9400431416661839,0.9646568662485218,0.9926616519404217,1.0214248802585466,1.0447901038684937,1.065768126687011,1.079351682478666,1.0936316988665917,1.1019943874164524,1.1058245780829705,1.1102478272817018
mema_50 >= Close,-0.014294198,98878,51238,47640,11.96,-6823.78231882837,-1063.9122358637032,1e15dac9f18b8bc737934702402ffb02b545ee7fbda8772d4c0156705e9d2a44,30,-0.007902916520833969,27.1,0.8197953109363876,0.8197953109363876,0.8477280690880907,0.8550657715920962,0.8656912927354095,0.8751241976757946,0.88596054531807,0.8977604134347006,0.9043192744711188,0.9160304178674019,0.930425013406537,0.9495043271652891,0.9633145785570252,0.971825965840413,0.9822420946881337
mom_20 >= mom_20_sft_1,-0.014302542,98878,50845,48033,11.96,-8822.454450452387,-1053.3091815900843,eaab1708ca388033e741f56742381a7a1263cfafa2fbe8f413d450736cce3e74,30,-0.008814205415546894,27.06,0.7958105375370098,0.7958105375370098,0.8626773129814237,0.9040690563274264,0.9330018069880284,0.9658579908735724,0.99022638731113,1.0144290554820854,1.0357211881862856,1.0507139754098576,1.0701477976372529,1.0864036385254603,1.0905559069880846,1.100971235708892,1.1173877862012862
willr_14 >= -13,-0.014308075,98878,13808,85070,11.25,-2243.9824813232553,-278.9640638974379,69dfb876a37c1daf9322a675d7db45858b16e638e7217cc78e1177c12ffb23dc,30,-0.007231384050101042,26.64,0.8175175032281334,0.8175175032281334,0.9066056366940755,0.9869467718885906,1.0779924933912723,1.13172931747741,1.1683270389106546,1.1866430149851195,1.211418188701645,1.2292439083076294,1.2404127606702884,1.2410923775304163,1.253388614306599,1.2733745968938137,1.3142081786305024
minus_di_14 <= minus_di_14_sft_3,-0.014314881,98878,55672,43206,12.0,-9119.990648346273,-1118.8510139784994,6ead8d4aff114cb978d2a5e9b1dcb95b84dfa27fd6f0f40b385ac29b242b16ea,30,-0.007088890764862299,27.17,0.8083917079309934,0.8083917079309934,0.8737939457286069,0.9178586266519771,0.9551812424917209,0.9889792315621739,1.0182846595451935,1.0447314562161225,1.062413111177238,1.0703017790834906,1.089155525358233,1.1025810119194257,1.1138664671162912,1.1320322550394597,1.1406098803018283
aaro_30 <= aaro_30_sft_3,-0.01434655,98878,68835,30043,12.11,-10210.988035365208,-1354.5701476464747,03178e4886fc07979b0c314ad9c68ba2f86b07645c5f6bfdb6bc96b9669a3c24,30,-0.009447683580219746,27.17,0.8157047529701081,0.8157047529701081,0.8652479493383217,0.9002476556711605,0.9220002548043158,0.9466484179894548,0.9730500708884211,0.9981171028637094,1.0164258967750546,1.0322011162829465,1.0504789535174857,1.06644886608757,1.0829315305893108,1.093991659330408,1.1034018506359817
rsi_2 >= 13,-0.014373236,98878,83240,15638,12.21,-11218.365758998792,-1647.2319628324403,2aff2363e2a1ac18e5b09edc627fed21347731d4e6d91b606bf5ebf4ed170990,30,-0.008022535592317581,27.29,0.841717485301432,0.841717485301432,0.9034672491210796,0.9467390941812888,0.9789446516061617,1.0093131718856438,1.0379443461320266,1.0559793665958823,1.0685559360406591,1.0801594730519006,1.0959781534381239,1.107610791832711,1.1212614863538437,1.1348460872275565,1.1466920620511738
minus_di_14 >= minus_di_5_sft_1,-0.014384322,98878,53989,44889,11.99,-6906.819113798096,-1037.6604715748254,a7c5a511f18bc4bc65b530c22aedd665cbba6e43036caf921c03925c9eff7340,30,-0.004654272459447384,27.26,0.8467610087753134,0.8467610087753134,0.9091845718808623,0.9516935767762091,0.9804636384399494,1.01351800576547,1.0362783375654887,1.0553002849598967,1.0732981767212695,1.0904879126971965,1.1078054991371977,1.1198470640389717,1.1332023761599366,1.141284142497675,1.1487298223002038
rsi_2 >= rsi_5_sft_3,-0.014395129,98878,49191,49687,11.94,-8044.596840821374,-1019.8872699775238,9c5304fe9d592b70a0c6b3286ed47e7bf2dda0b94ec7966217da111653dec0de,30,-0.009901385754346848,27.0,0.8093309329277588,0.8093309329277588,0.8635762128674036,0.9137581681346467,0.9513569676731809,0.9894857329217926,1.0238047380110034,1.0455250854571634,1.0634110658551912,1.0736069514916318,1.0892518574448142,1.1018585316489675,1.1060960168704193,1.1264372553923927,1.141233465624416
aarod_10 <= aarod_14_sft_3,-0.014404853,98878,61799,37079,12.05,-8459.022218251484,-1228.4406648543008,1c17b055d6052442bbc23e9c5f48c3b369df45790e4212d5edae44425931e847,30,-0.003169011091813445,27.34,0.8342584820455486,0.8342584820455486,0.8875919640542665,0.9236764510473074,0.9521760244026708,0.9787331456701531,1.0003141507903757,1.0178442668563428,1.0358295636577068,1.0569704552492902,1.0825867176532966,1.0922366102049308,1.1057738011828482,1.1156114604162821,1.1252822411729373
aarod_10 <= aarod_5_sft_3,-0.014415117,98878,64723,34155,12.07,-8263.80533039166,-1227.1337573263809,1c17b055d6052442bbc23e9c5f48c3b369df45790e4212d5edae44425931e847,30,-0.005966573022305965,27.25,0.8443808706483835,0.8443808706483835,0.8939023577349796,0.9301547223151991,0.9621294366006011,0.9816236296894738,1.0038779989973368,1.0304127744463705,1.0470583736373396,1.0684187553949243,1.0864235960436495,1.0947261968683673,1.1125776013606188,1.1273260520299901,1.1339857653191203
rsi_2 >= 15,-0.014430194,98878,81158,17720,12.2,-10999.634355132941,-1611.3002448627085,2aff2363e2a1ac18e5b09edc627fed21347731d4e6d91b606bf5ebf4ed170990,30,-0.008908746764063835,27.26,0.8411892251189786,0.8411892251189786,0.9045981530544621,0.9492989020152374,0.9801689192624132,1.009662637935315,1.0384192129969312,1.0568083931526837,1.06818880812121,1.0785871982680688,1.0942244028271793,1.1056413206475821,1.1191187715684865,1.132547591635491,1.1442023115391036
aaro_5 >= aaro_20,-0.01443526,98878,52205,46673,11.97,-8029.681943332564,-1077.2343470911073,fa1fba1a54e25d7a96ab29b0d7c633f260580ef2319f10dc44e85c501c26793f,30,-0.0037057807203382254,27.29,0.8143454703895842,0.8143454703895842,0.8675409797158449,0.9011135828399229,0.9353739118971603,0.962385394433957,0.9889117487146446,1.0122065499159152,1.0329320039782801,1.0529482313875493,1.068138937393629,1.0857674747687163,1.1021057181916885,1.1097115446506347,1.1175200521582043
aarou_10 <= aarou_5_sft_3,-0.014437127,98878,65012,33866,12.07,-9361.314597675639,-1292.6361418702945,11ecda3140789fc7bb03c4e9ce6db1e36d26d05f5895e9047d4b04d8e05db454,30,-0.0075220223516225815,27.2,0.824975152353717,0.824975152353717,0.8914248151900876,0.9361161564459132,0.9593185009543784,0.9871682395285497,1.0109631978272962,1.0366661213444375,1.0440620785371038,1.0554562853623688,1.0771386609163083,1.0897322799775861,1.107235194873639,1.1181973341710565,1.1297610540883858
willr_30 <= -6,-0.014450918,98878,91985,6893,12.29,-13578.558269977559,-1830.2453858093431,c087f74a8ef9fdefe2bfbfe4c42e7c177e68996d73089fae9a8de15f5638210d,30,-0.008029344491660595,27.35,0.8196817539186536,0.8196817539186536,0.8693343791599486,0.9078576610821144,0.9345527221125618,0.9620012664637303,0.9876268144621438,1.0096246332435461,1.026799280545517,1.0459536387973478,1.0622812373691473,1.0760164908300298,1.0888627702515437,1.0987695740983954,1.1069591775304983
aarod_5 >= aarod_30_sft_1,-0.014452656,98878,54383,44495,11.99,-6954.648421573689,-1005.943089601773,010ce60baf3de2cf8c4bcfd243c9185441a26efa8e16690af1f746cc88b42f78,30,-0.014731847681105137,26.85,0.8372567830210078,0.8372567830210078,0.8890265168692972,0.9317769527127538,0.956943793833224,0.9850332755956096,1.0085639434477967,1.0184536773062718,1.0395679326833924,1.059893126981496,1.0781463416241779,1.0947410479671982,1.1067317437237025,1.1264074462125682,1.1440414064339772
plus_di_10 <= 8,-0.014452686,98878,5700,93178,10.49,-551.5224280564703,-128.29895303942612,14a9c3710fc1b17e882c866201c8dfd17bc6a0c5cee2921d8c0a77ac8ad2afa3,12,-0.014284957200288773,17.7,0.8513290723708696,0.8513290723708696,0.90403926250709,0.9093598163869664,0.9043350503865965,0.9104004102257687,0.8948465714017176,0.8901787327255716,0.8715010954977452,0.8611960586937939,0.8628609322306406,0.8618799073017608,0.865787951530087,0.8641374221490069,0.8713647129436067
aarou_30 <= aarou_20_sft_2,-0.01445696,98878,45295,53583,11.9,-6184.449139998411,-845.9386687840961,11ecda3140789fc7bb03c4e9ce6db1e36d26d05f5895e9047d4b04d8e05db454,30,-0.0034653740003705025,27.28,0.8344577105957555,0.8344577105957555,0.9020402961108698,0.9473824815613935,0.9805989956401928,1.0141293596243313,1.045486359669736,1.0745510569550836,1.0954849307821117,1.1090958972164588,1.1221032472326835,1.1287340132763812,1.143131032290331,1.1590324192454573,1.1728002773754787
adx_10 >= adx_14_sft_2,-0.014476026,98878,74585,24293,12.15,-9309.461842067063,-1403.9822942963656,fd7b69234972b511c2e03a174ce4b77d38140d5e70cabc298bd88fa9bb05adbf,30,-0.0017269306117668748,27.4,0.844785612757621,0.844785612757621,0.9027392133096966,0.9415816449669733,0.9704015919229665,0.9905016389475423,1.0076915682645002,1.0259025214064101,1.0399275816330291,1.0527573839670132,1.0685679925693226,1.083619964073162,1.0985274115337136,1.111210650154455,1.1222122902795453
sma_10 <= High,-0.014515174,98878,65729,33149,12.08,-8544.596843559795,-1230.101037332468,96dbcbed1df94b1ba010b345e5b1a9039b5cdd6019405ebbb50c28754007bf82,30,-0.01100744865834713,27.1,0.8487481606301861,0.8487481606301861,0.9047257649828583,0.9434707405014258,0.9811647543511937,1.0126756963725756,1.0383912134193467,1.0560923563522626,1.0718198217523227,1.0831243653381342,1.095976781021201,1.1094430910239936,1.1239697470891132,1.134942116596541,1.145309464104613
aarou_20 <= aarou_14_sft_3,-0.01451611,98878,56363,42515,12.0,-8028.102037080622,-1168.4630874475697,11ecda3140789fc7bb03c4e9ce6db1e36d26d05f5895e9047d4b04d8e05db454,30,-0.007681127637624741,27.15,0.826914503137696,0.826914503137696,0.891417031861029,0.9295779948985996,0.9496687422291374,0.9823948764963082,1.004621318934857,1.022048752343709,1.0345290753682566,1.0485359527630362,1.0663128300055826,1.0798887540288156,1.0982198460016408,1.108803682638949,1.1138556700726034
bb_lower_2_20 <= Low_sft_2,-0.014517074,98878,92412,6466,12.29,-12450.556908136572,-1765.7377321374443,b7ad82b511400bed7e0b17748ce288ee8f3f2ede56b33dfde9aebcf2610f7a03,30,-0.004071362782269716,27.4,0.8366441175944517,0.8366441175944517,0.8884252741250729,0.9270642496237196,0.9582890550522918,0.9852039295409595,1.0089072696663648,1.0316672183761928,1.0496729025912095,1.066151648259948,1.0824684364874728,1.0974601319002275,1.1126371478223733,1.1254579341961792,1.1381185367319837
aaro_30 <= aaro_30_sft_2,-0.014521563,98878,73424,25454,12.14,-10616.375375804284,-1431.571644465599,03178e4886fc07979b0c314ad9c68ba2f86b07645c5f6bfdb6bc96b9669a3c24,30,-0.008613531477749348,27.22,0.8206030109894097,0.8206030109894097,0.8722161591104167,0.9058394322041832,0.9289470559445667,0.9522102620354929,0.9786104679256858,1.0019268079032904,1.0197222861774886,1.0373025423912965,1.0526876371093983,1.0661661659428223,1.0805862890880187,1.0916423072754744,1.1003229986777003
mom_2 >= mom_15_sft_3,-0.014535395,98878,50964,47914,11.95,-9387.022655660821,-1149.6114170529618,eaab1708ca388033e741f56742381a7a1263cfafa2fbe8f413d450736cce3e74,30,0.001132133649662137,27.49,0.7774625132319712,0.7774625132319712,0.8278479547293441,0.8619349653377417,0.8933032862010502,0.9171374759319386,0.9439992342541562,0.9685567681012485,0.9921925714913762,1.016159637931243,1.030805475816006,1.0408043099487065,1.04793644571925,1.060918837009568,1.0762503443634854
mom_10 >= mom_20_sft_1,-0.014538344,98878,50892,47986,11.95,-8819.575840411515,-1146.9880151310936,eaab1708ca388033e741f56742381a7a1263cfafa2fbe8f413d450736cce3e74,30,-0.004139064345508814,27.27,0.7907296754667831,0.7907296754667831,0.8397969640977759,0.8807450041778092,0.9133401507863095,0.9427957133356097,0.9707435731813125,0.9916117535261438,1.0080755722478525,1.0217600204436048,1.0457857417744743,1.0674143577638842,1.081640728820534,1.0868751002993886,1.0914005725135185
aaro_10 >= aaro_30,-0.0145429615,98878,51552,47326,11.96,-7691.57453566623,-1062.7407884950298,fa1fba1a54e25d7a96ab29b0d7c633f260580ef2319f10dc44e85c501c26793f,30,-0.0017880469094961882,27.37,0.8186627983442448,0.8186627983442448,0.876616459122636,0.9154251554471734,0.9545284093149362,0.9809046160915125,0.9973255275357421,1.0150165349606706,1.0350713821084172,1.0563663988312504,1.0768347134965683,1.085242446928967,1.0920240274043211,1.0968338504305084,1.105175036950245
plus_di_10 <= 16,-0.014558071,98878,27801,71077,11.65,-3827.148200722387,-620.3036010989163,14a9c3710fc1b17e882c866201c8dfd17bc6a0c5cee2921d8c0a77ac8ad2afa3,30,-0.01013124454766512,26.72,0.8096357231953301,0.8096357231953301,0.849423771240644,0.869211879878394,0.892236923524447,0.9030975208847407,0.9175473419233442,0.9174311996588161,0.923879122439096,0.9326748729019728,0.9539099732912663,0.9739415172413376,0.9845106681224568,0.9954523151362812,1.006536870349761
mom_10 >= mom_10_sft_1,-0.014566812,98878,51330,47548,11.96,-8420.040434072238,-1027.1582079544896,eaab1708ca388033e741f56742381a7a1263cfafa2fbe8f413d450736cce3e74,30,-0.007461167871952057,27.12,0.807222831071488,0.807222831071488,0.8649780005779055,0.9085427639262469,0.9464346873044274,0.974826631615328,1.0040309305742703,1.0276398276498384,1.048670407054185,1.062290784025687,1.081449705274193,1.0950671374288792,1.1066850087692628,1.1205552781226662,1.1363825891628925
willr_5 >= willr_20_sft_3,-0.014570513,98878,50856,48022,11.95,-9625.164839042489,-1123.5318920337086,c76b2a6e6a9f1e35b75e815a28e530490275498e07d600be2da53b82c81b3953,30,-0.009722026064991951,27.02,0.7753112568493128,0.7753112568493128,0.830528072100181,0.8693110015525773,0.9018821545273653,0.9396920863318396,0.9695456114417814,0.9975985167500621,1.0176026967393792,1.0296581177779227,1.0489633277506905,1.0615504170094983,1.0706074218035075,1.0900414802213305,1.1003348048662336
willr_20 >= -3,-0.014588024,98878,4924,93954,10.32,-319.0260594525025,-83.77826584680588,69dfb876a37c1daf9322a675d7db45858b16e638e7217cc78e1177c12ffb23dc,30,-0.0065001556649804115,26.18,0.917732996015038,0.917732996015038,1.0894654509181465,1.1658129000190098,1.2667674212693543,1.2455338598583063,1.3133426298201305,1.335482390632963,1.3768048438769018,1.4008363603017664,1.407620935606658,1.385694093347279,1.3858953041529452,1.4537822122580506,1.5125356051537986
willr_20 >= -4,-0.014597212,98878,5553,93325,10.44,-381.00729292369215,-95.17323895046866,69dfb876a37c1daf9322a675d7db45858b16e638e7217cc78e1177c12ffb23dc,30,-0.006990940775722265,26.17,0.9150896623363619,0.9150896623363619,1.0676945604474588,1.1446820213658464,1.2646914293538987,1.2786945175409317,1.3550111136342373,1.379069382008441,1.4333326742949393,1.4460090475079548,1.440661329567256,1.4338128256446077,1.426653695157889,1.491137703658748,1.5460645609379684
bb_lower_2_20 >= bb_lower_2_30_sft_3,-0.014607494,98878,61019,37859,12.04,-9674.520376749613,-1146.1174505847594,14f3c68ebc76bb97608c90e96e22d07d8e6617ab0d939b3b0b66c54f45811d90,30,-0.013317164964973927,26.98,0.8059054056854589,0.8059054056854589,0.8621974100918246,0.9043077976023779,0.9369983826976275,0.9716156841455783,0.9974963991317631,1.0222855680717409,1.049028421030103,1.077556933167582,1.096395573541546,1.108168811136446,1.1178831806096619,1.1302173177293255,1.145066617455377
rsi_2 >= 21,-0.014624691,98878,75050,23828,12.15,-11050.979698717674,-1524.5293667939477,2aff2363e2a1ac18e5b09edc627fed21347731d4e6d91b606bf5ebf4ed170990,30,-0.006222463212907314,27.29,0.8292226729413625,0.8292226729413625,0.8942334016813682,0.9415321698253964,0.9765362361626798,1.00788457613988,1.0358867336687938,1.0554894400866193,1.0733741001362405,1.083873544978968,1.099523004243445,1.1109328149647233,1.1235949471055353,1.1375789336507478,1.1502741773307303
bb_lower_2_20 <= Low_sft_3,-0.014638157,98878,93613,5265,12.3,-12735.584125571204,-1817.0176002604858,b7ad82b511400bed7e0b17748ce288ee8f3f2ede56b33dfde9aebcf2610f7a03,30,-0.005957980640232563,27.38,0.835045170519813,0.835045170519813,0.8857018775717129,0.9241452434696542,0.9556278062851011,0.9827037087819355,1.0089844530170407,1.0290966985469578,1.0465303923924771,1.0637836596354149,1.080454634497669,1.0957404849906522,1.1110929148627058,1.1232141093593706,1.137315349865489
bb_lower_2_10 >= bb_lower_2_10_sft_1,-0.014652616,98878,51494,47384,11.95,-6312.778111110333,-960.3817300940646,14f3c68ebc76bb97608c90e96e22d07d8e6617ab0d939b3b0b66c54f45811d90,30,-0.008914348669350147,27.06,0.8511310352483601,0.8511310352483601,0.9120665932839409,0.9535094144925278,0.9825195966689658,1.0157874109148346,1.0444490104864899,1.0680353519737775,1.0798613142643134,1.0891347217870597,1.102824474779238,1.11964258316094,1.1393448573945386,1.151631052162307,1.1569331404602954
aarod_20 <= aarod_30_sft_1,-0.014676112,98878,69840,29038,12.11,-9991.317509794659,-1373.124049046397,1c17b055d6052442bbc23e9c5f48c3b369df45790e4212d5edae44425931e847,30,-0.006894083693623543,27.25,0.8239748696702179,0.8239748696702179,0.8795824028000793,0.9185210967379063,0.951151192185979,0.9852912514522227,1.0092657871358293,1.0308769447845538,1.047224315341444,1.0580311875937263,1.0719597320775818,1.0800913040134428,1.0864950118319852,1.092366577010652,1.1038896705354133
aaro_5 >= aaro_20_sft_3,-0.014680233,98878,51176,47702,11.95,-7737.237872470074,-1047.9802427103496,fa1fba1a54e25d7a96ab29b0d7c633f260580ef2319f10dc44e85c501c26793f,30,-0.0038197855465114117,27.28,0.8170425900047289,0.8170425900047289,0.8701760277597151,0.9049867634051327,0.9441922157904333,0.9780609162389746,1.0080376391232144,1.0292872415312087,1.045621036830145,1.0617308442273512,1.0797805967194376,1.0970517621841454,1.1105934799032298,1.1159166129350742,1.120784197360691
plus_di_10 <= 10,-0.014682892,98878,9452,89426,10.93,-1150.2853948671814,-224.56815704255132,14a9c3710fc1b17e882c866201c8dfd17bc6a0c5cee2921d8c0a77ac8ad2afa3,30,-0.015500414185225964,25.32,0.8223822284403319,0.8223822284403319,0.8672994414154572,0.9075565301572499,0.9261091633638224,0.9237432332093486,0.9242549750887629,0.9157758122360803,0.9265890010256899,0.9250705390428918,0.9277729056252312,0.9353162638150624,0.9419217916302243,0.9572834562937644,0.9712707016900188
plus_di_10 >= plus_di_14_sft_3,-0.01468341,98878,39624,59254,11.83,-6228.004235451255,-764.1576215918612,e29890bc12ea37e8ab50982e55f5d20643af7c43a2ddc27569a065e219a2f597,30,-0.006279592402279377,27.1,0.8130907423273533,0.8130907423273533,0.8812238603268595,0.9249684981057271,0.9668552076383798,1.0006045969060764,1.0281748988418042,1.0518194732299622,1.0696566136873646,1.0848876005871202,1.0986730273001788,1.1046457444931348,1.1090189757540931,1.1282984588520169,1.1466183610298302
rsi_2 >= 20,-0.014697608,98878,76080,22798,12.15,-11041.659491250255,-1528.6550705423651,2aff2363e2a1ac18e5b09edc627fed21347731d4e6d91b606bf5ebf4ed170990,30,-0.007054512854665518,27.27,0.8312012118840821,0.8312012118840821,0.8968055535848493,0.9441895171249896,0.9780730069739165,1.009687926309076,1.0379167052556746,1.0566976987519037,1.073861455875051,1.0843187707119126,1.1005801709430993,1.1113560046633366,1.1242293156996401,1.1385563415936049,1.1514638459334936
plus_di_10 <= 24,-0.014728108,98878,57303,41575,12.0,-8825.32151118061,-1204.096867032873,14a9c3710fc1b17e882c866201c8dfd17bc6a0c5cee2921d8c0a77ac8ad2afa3,30,-0.005820303224027157,27.22,0.8003736941459769,0.8003736941459769,0.8485491900756883,0.8810657437545523,0.9023814808588967,0.9268265177148639,0.9488165424671975,0.9668945049049679,0.982441881415526,0.9992013600997318,1.006781118783455,1.0172635488844775,1.030253139382579,1.0351525282634144,1.046420133532903
aaro_14 >= aaro_30,-0.014739093,98878,51047,47831,11.95,-8012.792558869434,-1053.2006086287001,fa1fba1a54e25d7a96ab29b0d7c633f260580ef2319f10dc44e85c501c26793f,30,-0.007293228060007095,27.13,0.8092745643057723,0.8092745643057723,0.8702460061165511,0.9116575997044328,0.9422901191357153,0.964354717722391,0.9896575896503907,1.0156980051267528,1.0441192812230469,1.062452109403683,1.0803402693606345,1.0957159883105445,1.1053786501042298,1.111849977553998,1.114756950692673
plus_di_5 >= plus_di_10,-0.014747996,98878,40679,58199,11.84,-6157.652214779257,-784.481819443703,e29890bc12ea37e8ab50982e55f5d20643af7c43a2ddc27569a065e219a2f597,30,-0.0029164981096982956,27.29,0.8200203984918542,0.8200203984918542,0.8952224120659975,0.9439542583859921,0.9912737601607486,1.021432942585524,1.0489814729910343,1.0700289274091088,1.092834450564557,1.1101838617170197,1.1215437177469199,1.127390491487704,1.1323300695920009,1.142794751719872,1.1590915528476056
willr_30 >= willr_5_sft_3,-0.014761497,98878,48103,50775,11.92,-7743.008142380553,-964.8510090181953,c76b2a6e6a9f1e35b75e815a28e530490275498e07d600be2da53b82c81b3953,30,-0.013505198992788792,26.83,0.811474098855298,0.811474098855298,0.875269399789041,0.911045477430365,0.9519084547186505,0.984435203673034,1.0174373091710276,1.040272611118096,1.0540176775853638,1.067680878992909,1.0879900022343276,1.091213101416304,1.0973438766228136,1.1136674276414602,1.1298994330273102
aarod_30 <= aarod_10_sft_2,-0.014773847,98878,51333,47545,11.95,-7405.733093995729,-954.456105202371,1c17b055d6052442bbc23e9c5f48c3b369df45790e4212d5edae44425931e847,30,-0.011490327306091785,26.95,0.8212371236321859,0.8212371236321859,0.8761990793554623,0.9096632901686177,0.9356284836328775,0.9627892985457879,0.984676660434545,1.0080833420090538,1.0201072429440259,1.0396699872063726,1.0628870410902935,1.0855324202280263,1.1081499212792454,1.120388205259212,1.1350370480146366
minus_di_20 <= minus_di_20_sft_2,-0.014803936,98878,58984,39894,12.02,-9471.827873346292,-1149.9556417560889,6ead8d4aff114cb978d2a5e9b1dcb95b84dfa27fd6f0f40b385ac29b242b16ea,30,-0.01063082367181778,27.05,0.811141634731639,0.811141634731639,0.8704619593705164,0.9133429381552112,0.9496377919212459,0.9824919774949796,1.014997815210092,1.039326665710188,1.0598825842032957,1.0690550212933685,1.0819366889720143,1.0976328230082026,1.1081946431851537,1.1255756381060722,1.1366945278313454
mema_20 <= High,-0.014816942,98878,60862,38016,12.03,-8317.465714945785,-1113.931797934456,272a901e1625028460b95370368ae350ea9835e10fc1933b41122586149e5de3,30,-0.014420750550925732,26.94,0.8404930345853351,0.8404930345853351,0.9109452031232546,0.9569825978887133,0.9966042514277709,1.0268758352660898,1.056746225819177,1.078840959334828,1.0991940823426007,1.1138442896399816,1.1235956490813206,1.1340929374384867,1.1438951719067518,1.1546640073490264,1.1638668060746786
plus_di_10 <= 9,-0.014831226,98878,7437,91441,10.7,-916.8278473241348,-177.9361940936942,14a9c3710fc1b17e882c866201c8dfd17bc6a0c5cee2921d8c0a77ac8ad2afa3,10,-0.01247946172952652,16.97,0.8187033213617697,0.8187033213617697,0.8761778228660431,0.9102405455796313,0.9173127175915903,0.9123869685732988,0.9032938390582812,0.8957376315353417,0.8880907735196841,0.8806989326288164,0.8766854705248028,0.8827451387758418,0.8911878974192119,0.8973795945682137,0.9052338221691587
rsi_2 >= 18,-0.0148315,98878,78173,20705,12.17,-11204.576795665278,-1566.5436530609586,2aff2363e2a1ac18e5b09edc627fed21347731d4e6d91b606bf5ebf4ed170990,30,-0.00933154672384262,27.23,0.833034452796784,0.833034452796784,0.8979061374548862,0.9437672063439266,0.9764459246796687,1.0071834144267398,1.0360055140979512,1.0539362112371695,1.0681504944218192,1.0786033823576617,1.0946261759442317,1.1056038235837138,1.1186896334521057,1.1318282175383418,1.144494316519031
rsi_2 >= 17,-0.014861197,98878,79170,19708,12.17,-11062.566164519296,-1584.611508538408,2aff2363e2a1ac18e5b09edc627fed21347731d4e6d91b606bf5ebf4ed170990,30,-0.008234918117523193,27.26,0.8368881960815409,0.8368881960815409,0.9012659523188937,0.9468812274786546,0.9792542601662441,1.0091388289023062,1.03908675707669,1.058315183732399,1.0721734124073856,1.0821304236792302,1.0979846760813756,1.1089997915057592,1.122529131117819,1.1354395418814962,1.147885791545641
stdev_14 <= stdev_10_sft_3,-0.014912482,98878,26603,72275,11.61,-4015.8123006409273,-530.1433407267177,76cc05d7e847d59489f80a379ae9909f097acc0055c98dd465d85c99099ff3c8,30,-0.006192855071276426,26.99,0.8120081762159616,0.8120081762159616,0.8575438066346535,0.8769814048163344,0.9061118082494749,0.9444432579027374,0.9733529782914307,1.003215482017692,0.9981575839081279,1.0090389583845998,1.0167169330368306,1.0303653908233255,1.0443057789801014,1.0558367110635185,1.0604251120063388
plus_di_10 <= 18,-0.014926501,98878,35231,63647,11.76,-5417.773428727659,-784.4154404850124,14a9c3710fc1b17e882c866201c8dfd17bc6a0c5cee2921d8c0a77ac8ad2afa3,30,-0.010133258998394012,26.84,0.792402597201636,0.792402597201636,0.8318388196652646,0.8571063920706015,0.8789345967679896,0.8955021479798182,0.9094488389725529,0.9155516806932428,0.9181922754968147,0.9318430558486825,0.9479709841980598,0.9673166547148697,0.9903421959520707,1.0005546448162383,1.01060810558095
plus_di_14 <= 3,-0.014981698,98878,450,98428,5.11,-63.75137710664421,-5.072176901150669,14a9c3710fc1b17e882c866201c8dfd17bc6a0c5cee2921d8c0a77ac8ad2afa3,30,0.0,0.0,0.7311711932655124,0.7311711932655124,0.6853717997889107,0.7040637955534791,0.7206835134052196,0.69162107320086,0.6781629730946046,0.6549306957999149,0.6508655949334677,0.6293000611167573,0.6209196755801479,0.6656589365412172,0.6912052824134651,0.7178551190145264,0.7701316683031589
adx_14 <= 12,-0.014982176,98878,4049,94829,10.03,-857.5057252687548,-95.5214638962716,3c92cb65188a6807549ad02f373e5063a01a53cbce3d2b8fe4af860199995f57,28,0.010833507403731346,29.29,0.7181546842668058,0.7181546842668058,0.783711635802179,0.8290721860156558,0.8694544934304049,0.9187225309164696,0.9631988900590741,1.0399169497081522,1.1202930649396123,1.1504741123534754,1.1676852829380908,1.1780171019972443,1.1901304462583067,1.2019796700095746,1.1852787275454009
aarou_20 >= aarou_30,-0.014990547,98878,36697,62181,11.77,-6003.581538678787,-754.8038555843377,0f031b3780e6467809600593d6806420193325d9573f332c17b627db66a26893,30,0.0007756406557746232,27.49,0.8016299813492094,0.8016299813492094,0.8691863462988175,0.9184400496872329,0.9677270875866313,1.009099305190417,1.0352546597142955,1.0601510793396616,1.0904290399751728,1.1105716827541416,1.1247002490238998,1.139293488635671,1.1562198982581258,1.159596904590846,1.1824281969436998
adx_10 >= 13,-0.015048249,98878,96216,2662,12.34,-13133.745009248702,-1855.7024083772048,4118d96628e9d7109ca1b25b71d8f7665de5864ad974c7631ea4a76d380fc96f,30,-0.012520513497292995,27.35,0.8348495703872225,0.8348495703872225,0.889181951719998,0.9283329054432117,0.9581256838586076,0.9830823145509585,1.0064006237990923,1.025528373985535,1.0433173321350269,1.0584673208545718,1.0727729508676431,1.0859234925126917,1.099775410793259,1.111356083959989,1.1237955904069539
aaro_30 >= -76,-0.015061742,98878,85873,13005,12.23,-11966.913434838996,-1639.7629649558367,0811e6227d0d089f2d69284c6ea7ddd7761288c8d873ca997aaf34687b2f23f1,30,-0.016146736219525337,27.16,0.8320230220010051,0.8320230220010051,0.8871515527900585,0.9259854788318318,0.9574237949416374,0.9842484021231458,1.0104046652336571,1.0323978289296705,1.0522658421437168,1.0701833292863483,1.085704484679937,1.0992622288373914,1.11338771761248,1.1256962242166695,1.1361253615373499
minus_di_20 >= 22,-0.015078667,98878,48322,50556,11.91,-6692.345872880324,-1043.1137521616474,a06e18f5f366aa3040f30d3f53c74e6c3d30e6b8f15e9282eabbaa7fe9dd85a0,30,0.023397870361804962,28.51,0.8145211181470604,0.8145211181470604,0.865839631374791,0.9000966595264338,0.9253555469422156,0.9504098531494537,0.9794058627133703,0.9998898958753857,1.0213915089934698,1.0463422899842851,1.0709146327716461,1.0909491561401738,1.103699244305142,1.1162291545497283,1.1337740079924805
willr_14 >= -18,-0.015118493,98878,18191,80687,11.37,-3028.0974676564365,-355.4983996958035,69dfb876a37c1daf9322a675d7db45858b16e638e7217cc78e1177c12ffb23dc,30,-0.005469513591378927,26.93,0.81412817813047,0.81412817813047,0.904929750973458,0.9712787340331921,1.05473958594292,1.1135636643150757,1.1544519780312825,1.1733588451413777,1.1969998798234789,1.2164937304454309,1.225505349188349,1.2407984476257552,1.2608535614006324,1.3024266633412869,1.3400833270697718
aaro_20 <= aaro_20_sft_1,-0.015119766,98878,76918,21960,12.15,-10875.985337372218,-1487.5423129212722,03178e4886fc07979b0c314ad9c68ba2f86b07645c5f6bfdb6bc96b9669a3c24,30,-0.0062210438773036,27.3,0.8258578352402435,0.8258578352402435,0.8747077505830502,0.9112948748379653,0.9329941078618406,0.9556119349463231,0.9751668463268964,0.9973790841280671,1.0130482990882648,1.0320284700768165,1.0453292364575355,1.0587757373510707,1.0738724815205751,1.0895993618067215,1.097629268220409
willr_5 >= willr_10_sft_2,-0.015121259,98878,51081,47797,11.94,-9085.708364946557,-1093.072401309415,c76b2a6e6a9f1e35b75e815a28e530490275498e07d600be2da53b82c81b3953,30,-0.012524028308689594,26.9,0.788665096139513,0.788665096139513,0.8463542458002385,0.8765635543831348,0.9114787395638101,0.946964497811723,0.9757117307326245,0.9972514049965828,1.0226072548110343,1.033370830295661,1.0542729315798074,1.068393427205093,1.0801221485266053,1.0997075148484472,1.1084101906456942
rsi_20 <= rsi_14_sft_1,-0.015130642,98878,47700,51178,11.9,-5331.375850963341,-871.5205927177813,f60792ba6ac5baece5de7ac90117c85055d233a86016db65a9b1851d8a518ee9,28,-0.003971778322011232,26.78,0.8570140908433588,0.8570140908433588,0.9228391594609484,0.9603816823000038,0.9886835793918116,1.0169978301927007,1.044555747192136,1.0620238687519803,1.0767516185120545,1.087381524091517,1.0941073552418743,1.1033819322535807,1.1207080336559578,1.1266784547943594,1.12582661585217
willr_10 >= -24,-0.015153518,98878,24078,74800,11.54,-3714.4573701928166,-445.99054773142416,69dfb876a37c1daf9322a675d7db45858b16e638e7217cc78e1177c12ffb23dc,30,-0.00560737494379282,27.0,0.8273271815143891,0.8273271815143891,0.9075988187518608,0.9616334852602171,1.0236039417552028,1.0796972596063332,1.1155029069194935,1.1389950891099754,1.160651704923774,1.180187873655209,1.2050301838716202,1.223334367563705,1.2338043577700022,1.2584542833212482,1.284997057841725
plus_di_5 >= plus_di_14_sft_2,-0.0151545135,98878,38808,60070,11.8,-6381.963281473465,-765.3375535336236,e29890bc12ea37e8ab50982e55f5d20643af7c43a2ddc27569a065e219a2f597,30,-0.003380275797098875,27.26,0.8044463482204873,0.8044463482204873,0.8823724111456114,0.9312701370672081,0.9783059697777429,1.0081760924595817,1.03535459172392,1.0560130995094315,1.076876164322982,1.095067550847402,1.1108764762354923,1.115264873857165,1.120188605054434,1.13146770125373,1.1478357744637007
aarod_20 <= aarod_30,-0.015168454,98878,74803,24075,12.13,-10537.358217273118,-1481.0759323007514,1c17b055d6052442bbc23e9c5f48c3b369df45790e4212d5edae44425931e847,30,-0.0064230612479150295,27.28,0.8261456883866355,0.8261456883866355,0.8841019225835077,0.9220149710736355,0.9527614020046601,0.9826215789998415,1.0081257393248975,1.0258221664312577,1.0428569972874706,1.054990226526038,1.0679971280319118,1.0774060600627253,1.0845328333787483,1.0904041095387087,1.1022428619621354
mom_10 >= mom_15,-0.015201397,98878,52257,46621,11.94,-8460.62777443459,-1066.3153287712557,eaab1708ca388033e741f56742381a7a1263cfafa2fbe8f413d450736cce3e74,30,-0.0032188778277486563,27.31,0.8000450633833802,0.8000450633833802,0.8463690494624165,0.8825865945907847,0.9123684022853918,0.9321732140394324,0.9578596606846509,0.9793040226853885,1.0022794299612656,1.0197480911043646,1.0379959139626829,1.0501077930148264,1.0615490944987696,1.0840961649901661,1.1044034485620042
willr_14 >= -23,-0.015203984,98878,22473,76405,11.49,-3755.556083757794,-426.61950683277973,69dfb876a37c1daf9322a675d7db45858b16e638e7217cc78e1177c12ffb23dc,30,-0.0074469177052378654,26.83,0.8151319310140759,0.8151319310140759,0.8911534442518357,0.9534895080640061,1.0238179512879062,1.0760616242063008,1.110150589958228,1.1310647104366125,1.1502699510404406,1.165034859742151,1.1810393976496378,1.201819809389561,1.2183895233545574,1.2495847696035483,1.2858203686817766
bb_upper_2_10 >= Close_sft_3,-0.015209143,98878,98017,861,12.37,-12654.810794649635,-1908.0247307824684,c0747f5e7ce163e3c1dabc2ee26f6f6da1485e96e9d6c50c701fe20834f02f93,30,-0.007976623252034187,27.41,0.8443912810745496,0.8443912810745496,0.8994184027765785,0.9361655787796768,0.9669657809012163,0.9928733722118228,1.0142055500278493,1.0319769818506925,1.048929334362339,1.0648915993292423,1.080072718645735,1.0943638301279766,1.1082824521233656,1.12152063528129,1.1337747439589805
rsi_14 <= rsi_2_sft_2,-0.015213415,98878,48654,50224,11.91,-6306.870091154495,-922.1840759332481,f60792ba6ac5baece5de7ac90117c85055d233a86016db65a9b1851d8a518ee9,30,-0.0035839539486914873,27.28,0.8426280530868814,0.8426280530868814,0.9079014133507721,0.9539036524169818,0.9945721993222807,1.0295992402983138,1.0589655619549572,1.078841443998634,1.0886123507009995,1.1114945868232537,1.125301615951604,1.1293599744393468,1.1476922359999786,1.161583133162987,1.1690567789707986
plus_di_10 >= plus_di_14_sft_2,-0.01524832,98878,37137,61741,11.77,-6066.770331165026,-741.0780284276043,e29890bc12ea37e8ab50982e55f5d20643af7c43a2ddc27569a065e219a2f597,30,-0.003988463431596756,27.22,0.8062680533308084,0.8062680533308084,0.8860185623054188,0.9289770264330243,0.9717407217919982,1.004933581013163,1.0299879207225466,1.0474219835743594,1.063914359225984,1.0744243863009582,1.0927642363473264,1.1018218184496205,1.1084481973950078,1.120761969577633,1.1422597144615352
willr_14 >= -22,-0.015262093,98878,21652,77226,11.47,-3508.1013598911377,-403.80511015029333,69dfb876a37c1daf9322a675d7db45858b16e638e7217cc78e1177c12ffb23dc,30,-0.0071998476050794125,26.84,0.8201568474252733,0.8201568474252733,0.8964423909191258,0.9619281635082962,1.028324883788434,1.082616834353058,1.1197657656856363,1.1435563847978594,1.1625349842971466,1.1774347110980985,1.191819366665237,1.209027624179087,1.2281934671543395,1.2611535802228513,1.2972313191408222
rsi_14 <= rsi_5_sft_2,-0.015269584,98878,48202,50676,11.9,-5364.733434583606,-879.8158908711484,f60792ba6ac5baece5de7ac90117c85055d233a86016db65a9b1851d8a518ee9,30,-0.0034916484728455544,27.29,0.8614554778493839,0.8614554778493839,0.9283992131976213,0.9719911320331898,1.0014369950068687,1.0321296604272652,1.057603694373734,1.0791406056891053,1.0940987173844008,1.1107570320202171,1.1223333718629989,1.1296314057649077,1.148012794519449,1.1572238341925773,1.1580749469248
willr_30 <= -8,-0.015275485,98878,90425,8453,12.26,-13310.347655404159,-1813.5683518726437,c087f74a8ef9fdefe2bfbfe4c42e7c177e68996d73089fae9a8de15f5638210d,30,-0.006166735198348761,27.36,0.8197219353267771,0.8197219353267771,0.8704716390937911,0.9075903510567751,0.9334596402408912,0.9596073114458831,0.9856306371283948,1.008198135554763,1.026431681937778,1.0455714571457964,1.061548977512244,1.0746959120978252,1.086885660521699,1.0964939124014668,1.1040534837583098
plus_di_5 >= plus_di_10_sft_1,-0.015280886,98878,36376,62502,11.76,-5985.754617570646,-727.0448278210679,e29890bc12ea37e8ab50982e55f5d20643af7c43a2ddc27569a065e219a2f597,30,-0.0012392885982990265,27.37,0.805433142143655,0.805433142143655,0.8727429765201915,0.9159301484283433,0.9688939441002973,0.9985931069861398,1.0293303621529897,1.0439705887567634,1.0694738946346873,1.0878020342840677,1.1040271737814864,1.1061867333725484,1.1127265279493255,1.1238067096486148,1.1406594496552993
aarou_5 >= aarou_14,-0.015297912,98878,52607,46271,11.95,-8150.543735031799,-1067.5426125221566,0f031b3780e6467809600593d6806420193325d9573f332c17b627db66a26893,30,-0.00431297579780221,27.26,0.8119135216150549,0.8119135216150549,0.8696529784332128,0.9054615257569557,0.9473412055680648,0.9890357942583713,1.019395481989491,1.0352116268357656,1.053686767449388,1.0739472892687647,1.0836011332326754,1.096027878466953,1.1128881341880241,1.1253691863443298,1.149049538079042
willr_14 >= -9,-0.015315156,98878,10236,88642,10.93,-1480.829634818554,-197.367469202989,69dfb876a37c1daf9322a675d7db45858b16e638e7217cc78e1177c12ffb23dc,30,-0.0077567812986671925,26.43,0.8334711804950218,0.8334711804950218,0.9407718141251201,1.009611700135045,1.1162051534783666,1.167927022728569,1.2149196306371117,1.2345741083031891,1.2652357542417894,1.2683911259185543,1.2645349250210014,1.2659533380036263,1.2681255685323627,1.3125584067634075,1.3523548833550703
plus_di_20 <= plus_di_14_sft_2,-0.015337676,98878,47453,51425,11.89,-6199.952006971267,-893.9697339468621,bd972efc927c87708f479b3c989a305bfeb89b6aa0381d01606955fa59f6baca,26,-0.010328564792871475,25.85,0.8375784281003773,0.8375784281003773,0.8865626523357535,0.9239513123083702,0.9431596539289991,0.9628012000004985,0.9886790534394587,1.0135358958998684,1.022862316363058,1.0283947254421306,1.0345306043507798,1.0402155696896545,1.0575568962707964,1.055139867692955,1.0543740944939515
willr_5 <= willr_14,-0.015339172,98878,56045,42833,11.98,-6278.425324181044,-1013.3209888326528,1427ae29e5c4ed561613e902f1f63301f41038d7cf9fdf54aa945c6a3e2bca60,30,-0.01566583663225174,26.83,0.8668846348337251,0.8668846348337251,0.9248067520219567,0.9682128358105707,0.9969563475874033,1.0130454988556576,1.034378997038939,1.052990017826056,1.072697389073677,1.0865148803438114,1.0991436863948514,1.1113840578165557,1.1249453532126752,1.1369053049903965,1.149472795456757
plus_di_10 <= 19,-0.015341037,98878,39019,59859,11.79,-6363.213163870406,-879.0616551478597,14a9c3710fc1b17e882c866201c8dfd17bc6a0c5cee2921d8c0a77ac8ad2afa3,30,-0.010420987382531166,26.87,0.7836146902354691,0.7836146902354691,0.8235898283312918,0.8541592803956675,0.8742006772706362,0.8893076288900339,0.9016364497994735,0.9115616878649817,0.9189607684414625,0.9276846368681011,0.9451326967699194,0.9671544776103255,0.9878075061060465,1.00130125776775,1.0094617512146369
aaro_10 >= aaro_30_sft_3,-0.015341341,98878,50949,47929,11.93,-7377.389780850311,-1018.2170139750742,fa1fba1a54e25d7a96ab29b0d7c633f260580ef2319f10dc44e85c501c26793f,30,-0.0027626105584204197,27.33,0.8237995790862491,0.8237995790862491,0.880831426466175,0.9199046585608226,0.9605524739613591,0.986189566363568,1.0086125986886585,1.0260125972853735,1.04317786658516,1.0634610428032338,1.0824479674080834,1.089023880401654,1.0928063900277476,1.0974584929677988,1.1078124447540445
aarod_14 <= aarod_10_sft_3,-0.0153661035,98878,65833,33045,12.06,-10072.247956420011,-1285.7096785359681,1c17b055d6052442bbc23e9c5f48c3b369df45790e4212d5edae44425931e847,30,-0.0038351682014763355,27.32,0.8148535417919704,0.8148535417919704,0.8858769786184959,0.9184493147249614,0.9443460202292175,0.9781922900208719,1.00583002388993,1.0375633582943922,1.052363560445959,1.0649555469336616,1.0873650601222673,1.0960121450613918,1.1062627914595544,1.1189813351585458,1.1279554226801267
rsi_2 >= 22,-0.015373186,98878,73984,24894,12.12,-10914.791295051771,-1498.3806600265234,2aff2363e2a1ac18e5b09edc627fed21347731d4e6d91b606bf5ebf4ed170990,30,-0.00589323602616787,27.29,0.8290168229523422,0.8290168229523422,0.8944760319335218,0.9436231791797183,0.979515576412711,1.0108810664954573,1.0397905024213987,1.05889149702786,1.0771942707534357,1.0881385160114907,1.1045038229788502,1.1156321390594668,1.128250870963224,1.1430849608758944,1.1560242303109278
stdev_20 <= stdev_5_sft_3,-0.015386794,98878,6510,92368,10.51,-1081.0786905444693,-129.20495642847527,76cc05d7e847d59489f80a379ae9909f097acc0055c98dd465d85c99099ff3c8,26,-0.0036776510532945395,25.71,0.7883739839818461,0.7883739839818461,0.8678499307567106,0.8976821892274992,0.8896671338719185,0.9227200700961855,0.9517620271405293,1.015862431510081,1.039367244494708,1.0227293844112513,1.0304968843859688,1.0559330799247297,1.0754159687028015,1.072718201143073,1.0652263783785239
aarod_20 <= aarod_30_sft_2,-0.015405972,98878,66322,32556,12.06,-9386.97242192558,-1268.0101490361922,1c17b055d6052442bbc23e9c5f48c3b369df45790e4212d5edae44425931e847,30,-0.008537530899047852,27.18,0.825969882225644,0.825969882225644,0.8776857184904974,0.9165589622106911,0.9515198561006057,0.9835386463940068,1.0095607554145754,1.032780522960349,1.0466544913573685,1.0584704876733835,1.0709373019499797,1.0800626888448772,1.0879423944587465,1.0916949825249531,1.1057644785724745
rsi_20 <= rsi_2_sft_3,-0.015411218,98878,48543,50335,11.9,-5900.042892914517,-871.6108849883094,f60792ba6ac5baece5de7ac90117c85055d233a86016db65a9b1851d8a518ee9,30,-0.0032910453155636787,27.3,0.8498644732238003,0.8498644732238003,0.904968319250098,0.9592628210367673,0.9998477044942459,1.0344994765981488,1.0619078835072768,1.083587951589523,1.0976336701514668,1.1183292513044112,1.1254898394837782,1.142475498283933,1.153302765100804,1.1632724255321394,1.1716675132987833
willr_20 >= 0,-0.015412792,98878,2897,95981,9.49,-16.13493077631574,-38.40913005520997,626469ba46e82766ce5b3089ecf6b9c8cc864cc725a917d504c11f3428566108,30,-0.008880485780537128,25.16,0.99209770787784,0.99209770787784,1.188409014256474,1.233806121619349,1.3385424336318124,1.358504802159796,1.4165931922792225,1.4473667320188415,1.4618060771653165,1.4997973329864158,1.5078352839118907,1.4953216870258779,1.5311978772941077,1.607669499428883,1.6822266914136594
aaro_30 <= aaro_20_sft_3,-0.015421861,98878,51442,47436,11.93,-7245.446168592956,-1035.86373728959,03178e4886fc07979b0c314ad9c68ba2f86b07645c5f6bfdb6bc96b9669a3c24,30,-0.011850359849631786,26.94,0.826824439582443,0.826824439582443,0.890270257699909,0.9309978040640976,0.9543634816451149,0.9832965225615766,1.0082823017889693,1.0262081902926048,1.0457780583706802,1.051600778880803,1.0524481803621126,1.0560056638066142,1.0695261071548399,1.0805308437667236,1.0931178833741249
willr_5 >= willr_5_sft_3,-0.015455793,98878,51157,47721,11.93,-8208.177219196346,-1093.815072657766,c76b2a6e6a9f1e35b75e815a28e530490275498e07d600be2da53b82c81b3953,30,-0.013924277387559414,26.84,0.8099460673280113,0.8099460673280113,0.8693750198361406,0.9086972695701178,0.949618255998562,0.985365238535423,1.018664620263404,1.0356644550746463,1.052278756131331,1.0673595639364666,1.0859276241774884,1.097338941782678,1.109378024744675,1.1247676529006139,1.1389112780279504
rsi_14 <= rsi_5_sft_1,-0.0154933045,98878,48312,50566,11.9,-5997.344656079782,-908.8510672571865,f60792ba6ac5baece5de7ac90117c85055d233a86016db65a9b1851d8a518ee9,30,-0.001550416462123394,27.37,0.8464748514087643,0.8464748514087643,0.9053193623761021,0.9474185495474271,0.9880570196809693,1.018751962772085,1.0480494377007323,1.0704059645160733,1.08785668328726,1.100927136121842,1.113708760294739,1.1230333809857351,1.137977573389268,1.153104979758299,1.1568758519720133
bb_upper_2_30 >= bb_upper_2_20_sft_2,-0.0155213,98878,69623,29255,12.09,-10141.439234894366,-1327.1970692327886,2b12f1a24b5e2be255bd7327d40ce3105a7cd48cdc1cc2d1ac037ab6015a19a3,30,0.0001496592303737998,27.45,0.8228186916750141,0.8228186916750141,0.8843228933876911,0.9238605244573658,0.9607949346724468,0.9858280441599087,1.0042703407591878,1.0232418553043041,1.0438589625468373,1.0608216760555313,1.082645952225315,1.1002331351522907,1.1171042165318035,1.134879517407483,1.1470443374225612
plus_di_5 <= 3,-0.015543769,98878,4108,94770,9.96,-415.03431832948763,-64.42726445828885,14a9c3710fc1b17e882c866201c8dfd17bc6a0c5cee2921d8c0a77ac8ad2afa3,16,-0.014463316649198532,19.57,0.8368421747279092,0.8368421747279092,0.8923296467821029,0.8801535520295213,0.8731326423005902,0.9105534363210837,0.9167775544814419,0.9600365967229839,0.9521061482175058,0.9500885313795392,0.9451399711035,0.9142751967473794,0.906694159547156,0.9001670661779725,0.9072020385910053
willr_14 >= -11,-0.015548812,98878,11927,86951,11.03,-2065.6119517585175,-248.229045994849,69dfb876a37c1daf9322a675d7db45858b16e638e7217cc78e1177c12ffb23dc,30,-0.008375365287065506,26.44,0.8049991312534891,0.8049991312534891,0.9067958542653692,0.9835106691984402,1.073191776702697,1.1280339167158477,1.1631826286629146,1.179853293564572,1.2023622681180708,1.211993790085665,1.223202988539571,1.2321902238240783,1.2458400350890118,1.270259201785742,1.313270379910847
rsi_2 >= 23,-0.01554985,98878,73130,25748,12.11,-10866.115002131053,-1484.6795650966815,2aff2363e2a1ac18e5b09edc627fed21347731d4e6d91b606bf5ebf4ed170990,30,-0.006015387829393148,27.29,0.8279817072042635,0.8279817072042635,0.8940655400104578,0.9428854387516811,0.9777763298184903,1.009983245705936,1.0385188617887873,1.0584489732232238,1.0766609749359923,1.0862592957223556,1.1035670521646994,1.115653789658223,1.1280100422832744,1.1433693090945236,1.156214739816231
stdev_14 <= stdev_20_sft_1,-0.01556334,98878,67150,31728,12.07,-10308.905718377024,-1311.897226042005,76cc05d7e847d59489f80a379ae9909f097acc0055c98dd465d85c99099ff3c8,30,-0.009286277927458286,27.16,0.8099503062481417,0.8099503062481417,0.868255090029858,0.9073466829233003,0.9373116399266065,0.967527534936108,0.9916112352275477,1.0082082792615117,1.0269410608714518,1.052605433488284,1.0699338672334548,1.0862640053525487,1.1000252570285765,1.110352145787802,1.1225008670299867
willr_14 >= -19,-0.015570099,98878,18988,79890,11.37,-3189.6541685788106,-367.70573476732534,69dfb876a37c1daf9322a675d7db45858b16e638e7217cc78e1177c12ffb23dc,30,-0.0060554612427949905,26.89,0.8123808264918922,0.8123808264918922,0.900095502567339,0.9703934294183588,1.0454671628370324,1.1032310547015742,1.1427994109527493,1.1613222272348092,1.1803140046644216,1.196153997543866,1.2091648049790684,1.2287103286438985,1.2506534133587315,1.288777003487044,1.3230312948056036
minus_di_10 >= 13,-0.015571279,98878,80428,18450,12.17,-11864.045324873925,-1645.0554529729416,a06e18f5f366aa3040f30d3f53c74e6c3d30e6b8f15e9282eabbaa7fe9dd85a0,30,0.02278060093522072,27.93,0.8135656281937864,0.8135656281937864,0.8667858743939332,0.904194156581495,0.9317371814257936,0.9578175881030069,0.9807948356091464,1.008021826287242,1.0313095182503618,1.0529530847378625,1.0702511312751322,1.0857135570327643,1.1025200255554015,1.1155214332496566,1.1289332994468448
bb_lower_2_10 >= bb_lower_2_30_sft_3,-0.015592664,98878,71590,27288,12.1,-10151.496108276622,-1289.125148711646,14f3c68ebc76bb97608c90e96e22d07d8e6617ab0d939b3b0b66c54f45811d90,30,-0.015708746388554573,27.01,0.8267594890268936,0.8267594890268936,0.8856185989197898,0.9254944861832528,0.9548736520574559,0.9907887813253251,1.019899042254076,1.0421632518648802,1.0642016658303186,1.0824861210387349,1.0993890371000044,1.118607120586452,1.1324618244174933,1.1435576677905563,1.1528587127554184
aaro_20 <= aaro_20_sft_2,-0.015604155,98878,69356,29522,12.08,-10028.161397622422,-1378.2543144573428,03178e4886fc07979b0c314ad9c68ba2f86b07645c5f6bfdb6bc96b9669a3c24,30,-0.0015207593096420169,27.4,0.8216510182002098,0.8216510182002098,0.8715069004671625,0.9097992549416387,0.925569063750782,0.951056346868612,0.9729935291415844,0.9984807043658928,1.0135058315151286,1.031456405035183,1.0449229869311243,1.060777326125453,1.0765306640940875,1.0915566152413616,1.1008449500429005
rsi_20 <= rsi_10_sft_3,-0.01562142,98878,47829,51049,11.89,-5128.036426979794,-866.060245061919,f60792ba6ac5baece5de7ac90117c85055d233a86016db65a9b1851d8a518ee9,26,0.0009798724204301834,26.37,0.8631990408953087,0.8631990408953087,0.9179829092108214,0.9576560312945347,0.9856330571266356,1.0132813179376654,1.034100929363812,1.052003782856439,1.0615738906378778,1.072364185297264,1.0800325925014491,1.0949871778502762,1.1103122617567323,1.10968028480565,1.109977901997483
mema_10 <= Close,-0.015639083,98878,47791,51087,11.89,-6845.490071780179,-907.9479687689527,7bbedcb317d5c12750ad9ed3d218721554e71f07d9c51daeb72ddac27b693913,30,-0.011030217632651329,26.94,0.8387669753851942,0.8387669753851942,0.9048716205714904,0.9555059456976595,0.9954797484630264,1.0305579757454368,1.060195030230605,1.0859043297908801,1.110533921943498,1.1203888571427103,1.138686637764612,1.1516574615619615,1.1610491541357133,1.178210347701589,1.19256679094889
willr_5 >= willr_20,-0.015646314,98878,54883,43995,11.96,-8935.89815894009,-1184.271110332833,c76b2a6e6a9f1e35b75e815a28e530490275498e07d600be2da53b82c81b3953,30,-0.006047350354492664,27.2,0.7955205447341881,0.7955205447341881,0.8548345615590287,0.8862809894618576,0.9132088510536045,0.9399813409741267,0.9611122011743467,0.981791599176124,0.9987802359867353,1.0168475337933454,1.0345349326266347,1.04809203710983,1.0628942491631124,1.0795547830587733,1.090763054438152
willr_30 <= -7,-0.015655398,98878,91231,7647,12.27,-13539.944377887794,-1824.1187809049297,c087f74a8ef9fdefe2bfbfe4c42e7c177e68996d73089fae9a8de15f5638210d,30,-0.008169249631464481,27.34,0.8186164195897297,0.8186164195897297,0.8692658709745765,0.9063614612019669,0.9324872872767593,0.9593497379790082,0.9852178213619375,1.006814032426582,1.0244138356072097,1.0439466673539266,1.0605216197251366,1.0738346919736554,1.0860615405741556,1.0963270257590227,1.1047876145839748
aaro_30 <= aaro_10_sft_1,-0.015656,98878,51336,47542,11.92,-7297.284801633927,-1056.453138001918,03178e4886fc07979b0c314ad9c68ba2f86b07645c5f6bfdb6bc96b9669a3c24,30,-0.0029997399542480707,27.32,0.8250329943560992,0.8250329943560992,0.8714833688038987,0.9129132767175226,0.9455944571027456,0.9667800146979824,0.986854488446779,1.0045725127306708,1.0284108403237944,1.0515467782370507,1.067079777859173,1.078129584890285,1.0820200877765285,1.0909966401703144,1.098866364383849
willr_20 >= -2,-0.015665233,98878,4355,94523,10.01,-203.08065741806058,-73.44625401208759,69dfb876a37c1daf9322a675d7db45858b16e638e7217cc78e1177c12ffb23dc,30,-0.007646217942237854,25.86,0.9378821410411264,0.9378821410411264,1.125797927280917,1.1934048746745647,1.3117782107845344,1.291179878569213,1.378050365448711,1.4167725521399235,1.4649377276638478,1.4703890783570273,1.4759236629994847,1.4542494879577341,1.4688806805543995,1.5329249271454024,1.608916163053378
stdev_10 <= stdev_10_sft_1,-0.015670583,98878,52736,46142,11.93,-7216.666400614978,-984.7574119873752,76cc05d7e847d59489f80a379ae9909f097acc0055c98dd465d85c99099ff3c8,30,-0.007421259768307209,27.14,0.8305825461695313,0.8305825461695313,0.8835906726798879,0.9224220033866448,0.9450768272949099,0.9786048306005092,1.0011127958712203,1.0200572512378416,1.031322090332156,1.0435396110469108,1.0548026966010398,1.0699095429178964,1.0871641053249899,1.098076925868587,1.1006858366709222
willr_14 >= -21,-0.015688011,98878,20887,77991,11.42,-3263.9604714907036,-383.0474019697649,69dfb876a37c1daf9322a675d7db45858b16e638e7217cc78e1177c12ffb23dc,30,-0.007297052536159754,26.82,0.8251482577832189,0.8251482577832189,0.9026221062212018,0.965048301033626,1.037607118095262,1.0954591478518947,1.1315100480858438,1.1524489817281185,1.173564068368697,1.1889440642497402,1.2018766629055309,1.2156148239774056,1.2341797632306015,1.270747731230212,1.3077926888017575
minus_di_14 >= 18,-0.015731607,98878,65830,33048,12.05,-9645.599810936583,-1374.7637866113146,a06e18f5f366aa3040f30d3f53c74e6c3d30e6b8f15e9282eabbaa7fe9dd85a0,30,0.027866270393133163,28.33,0.8085555808316394,0.8085555808316394,0.860791102874904,0.8935033110924173,0.9190662973309354,0.9484663757515265,0.9790854190322303,1.0067005070908248,1.0342687497947913,1.0679046420483649,1.0947331145440788,1.1194988155478276,1.1376388820799979,1.1533802025818527,1.1695247869132832
aaro_10 >= aaro_30_sft_1,-0.015751906,98878,51236,47642,11.92,-7584.778932671849,-1059.568006750109,fa1fba1a54e25d7a96ab29b0d7c633f260580ef2319f10dc44e85c501c26793f,30,-0.0031607707496732473,27.31,0.8195497098067315,0.8195497098067315,0.8792353591080417,0.9161827915503443,0.9573112533300641,0.9841331560890372,1.0036089460560629,1.0232633997099811,1.0411293000650668,1.061083017945751,1.0839879599357005,1.0916716071725967,1.097799059016525,1.1006979204437333,1.110526543785604
willr_10 >= -15,-0.015758501,98878,16463,82415,11.26,-2667.005747424919,-328.0919720455204,69dfb876a37c1daf9322a675d7db45858b16e638e7217cc78e1177c12ffb23dc,30,-0.010905823670327663,26.36,0.816715875553047,0.816715875553047,0.9059730000287404,0.9682507872268945,1.0442265887713489,1.101395222688421,1.1456020361952932,1.1723304934016991,1.1884359064867467,1.2067317845565244,1.2194602329948157,1.2242926866401203,1.230311109177492,1.245279222701991,1.2733327757491093
aarod_30 <= aarod_10_sft_3,-0.015765702,98878,50522,48356,11.91,-7355.952230319903,-929.3662115621628,1c17b055d6052442bbc23e9c5f48c3b369df45790e4212d5edae44425931e847,30,-0.007151196710765362,27.13,0.8191841030916247,0.8191841030916247,0.8763708314054477,0.9046053352003293,0.9384074419524154,0.9625912331665267,0.9902856372749038,1.0104295749037588,1.0228331972475155,1.043786781390368,1.0710624834047917,1.0896527962605418,1.1119583453135615,1.1240598233853003,1.1430350312178454
rsi_2 >= rsi_5,-0.015770623,98878,49130,49748,11.89,-8252.019802964329,-1017.5569867216473,9c5304fe9d592b70a0c6b3286ed47e7bf2dda0b94ec7966217da111653dec0de,30,-0.009233226999640465,27.03,0.8060800648856655,0.8060800648856655,0.8677040103910516,0.9178805178417723,0.9527155747339866,0.9931480246708119,1.026472862169171,1.0506764822606012,1.066874362511057,1.076572318557875,1.0930482402800643,1.1059095890396302,1.1164192342484613,1.1316867424832013,1.1499899338202222
aaro_30 >= aaro_30_sft_1,-0.015792256,98878,81026,17852,12.17,-11847.637203741586,-1612.7049620680482,fa1fba1a54e25d7a96ab29b0d7c633f260580ef2319f10dc44e85c501c26793f,30,-0.009341027587652206,27.25,0.8220886580946749,0.8220886580946749,0.8742784802477472,0.9126663922795926,0.9449169835370926,0.9717500071294375,0.9955181276646581,1.0185686392288706,1.0347208443193294,1.0499538968895121,1.0627927052117496,1.0732660638206604,1.0888725144406317,1.097513064353032,1.1059102523258857
willr_30 <= -5,-0.015798949,98878,92789,6089,12.28,-13618.961660950725,-1831.3061359900166,c087f74a8ef9fdefe2bfbfe4c42e7c177e68996d73089fae9a8de15f5638210d,30,-0.007719348184764385,27.36,0.8208825108128144,0.8208825108128144,0.8710695285573147,0.9078932450903529,0.935520007710583,0.9637982036483557,0.9886763968462949,1.0101107260146946,1.0275227973034307,1.0466048500989849,1.06169668789362,1.0757028138475957,1.0896202110202136,1.0994444336035052,1.1081534014203698
plus_di_5 >= plus_di_14_sft_3,-0.01582057,98878,40072,58806,11.79,-6248.813896107167,-772.3924875575685,e29890bc12ea37e8ab50982e55f5d20643af7c43a2ddc27569a065e219a2f597,30,-0.005250396206974983,27.16,0.8147928231086252,0.8147928231086252,0.8851627864060799,0.9317498157358624,0.975397074842276,1.0054300348375764,1.034199938692948,1.0571975440381614,1.078928103512136,1.1009930430408597,1.1128778683588951,1.1172337205703171,1.1223346351385062,1.1348155222594474,1.1525946759653314
rsi_5 >= rsi_5_sft_2,-0.015820827,98878,50143,48735,11.9,-7614.104400018092,-985.1423021077935,9c5304fe9d592b70a0c6b3286ed47e7bf2dda0b94ec7966217da111653dec0de,30,-0.009869405999779701,27.01,0.8223649785772889,0.8223649785772889,0.8806551231467401,0.921238147889242,0.9585795245304458,0.9981661589331282,1.0229898406581275,1.04299844512565,1.0630812955158215,1.0737574512187682,1.0924794084718668,1.104555523326598,1.1102246008221484,1.127875579728741,1.1507690596916478
willr_10 >= -22,-0.015831571,98878,22544,76334,11.46,-3676.9663211971783,-437.8004800284398,69dfb876a37c1daf9322a675d7db45858b16e638e7217cc78e1177c12ffb23dc,30,-0.007194798439741135,26.85,0.8172827216947081,0.8172827216947081,0.8959984461670423,0.9529686445077309,1.0180398668168114,1.0792568325654313,1.1160753755147235,1.140713940752836,1.16213659336423,1.1852879267981251,1.2065830995728108,1.2229708712726008,1.2342537128925979,1.2596505125343442,1.2883011520632166
plus_di_10 <= 2,-0.015836589,98878,540,98338,5.37,-103.22943141125143,-7.712376884366677,14a9c3710fc1b17e882c866201c8dfd17bc6a0c5cee2921d8c0a77ac8ad2afa3,30,0.0,0.0,0.6443144621064659,0.6443144621064659,0.6235894420315096,0.6422412658039119,0.6853284623954227,0.6845197469832499,0.7013657270120824,0.6931687715396623,0.6591951379374338,0.617016742364402,0.5834121477825887,0.6052704303144975,0.6314535289963704,0.6636051434248507,0.7026234798023547
minus_di_5 <= minus_di_10_sft_2,-0.015870616,98878,57642,41236,11.98,-8773.600843729411,-1136.7285928618658,6ead8d4aff114cb978d2a5e9b1dcb95b84dfa27fd6f0f40b385ac29b242b16ea,30,-0.006058556027710438,27.22,0.8215444693421021,0.8215444693421021,0.8797247602928587,0.9268612987741401,0.9632675448049592,0.9915741466820204,1.0194281318828486,1.0435555376280365,1.0602490709370684,1.069486707298147,1.084661910456484,1.100748948893151,1.1140051236008133,1.1312717164925319,1.142821475930815
bb_lower_2_20 >= bb_lower_2_20_sft_2,-0.015871609,98878,50737,48141,11.91,-7766.199377900601,-935.3466383320047,14f3c68ebc76bb97608c90e96e22d07d8e6617ab0d939b3b0b66c54f45811d90,30,-0.0071069225668907166,27.14,0.8130747193724637,0.8130747193724637,0.8691527138224605,0.9010548992784716,0.9287688518368837,0.9647471417267159,0.9915156586065016,1.0140638691500554,1.0406673247363525,1.0645229405016148,1.0830832847746577,1.097085158011242,1.1068660056180915,1.1092587469476711,1.1193766142768133
willr_5 >= willr_20_sft_1,-0.015890582,98878,51423,47455,11.91,-9836.486115668238,-1149.1147495172554,c76b2a6e6a9f1e35b75e815a28e530490275498e07d600be2da53b82c81b3953,30,-0.008846405893564224,27.07,0.771808725282912,0.771808725282912,0.8272064897626586,0.8603337899543585,0.8939747044354246,0.9220271192203178,0.9510466774199741,0.9789696361816903,1.001440162061045,1.0162360742011196,1.0341161490975097,1.049039016939022,1.0564172312195916,1.075612735306169,1.0932793493267638
minus_di_20 >= 21,-0.015896,98878,53520,45358,11.94,-7517.7778285591785,-1152.6151190518576,a06e18f5f366aa3040f30d3f53c74e6c3d30e6b8f15e9282eabbaa7fe9dd85a0,30,0.023217862471938133,28.4,0.8120938927256011,0.8120938927256011,0.8659127987430093,0.8971507794276868,0.9226352087862553,0.9508821360953257,0.9783291425869717,1.0043011167620393,1.0315703585971603,1.0595794822021887,1.0835683864200862,1.1113865244189676,1.1280003599658175,1.1414823457617718,1.1555625643502416
aarod_20 <= aarod_30_sft_3,-0.015911918,98878,63771,35107,12.03,-9127.900805085257,-1191.4147533397845,1c17b055d6052442bbc23e9c5f48c3b369df45790e4212d5edae44425931e847,30,-0.009089034982025623,27.14,0.8247396597404958,0.8247396597404958,0.8762791689481865,0.9135427037061173,0.9509869701674232,0.9817187135062159,1.0104728885049297,1.0293257807507648,1.0403912927500558,1.0524338705280394,1.067155006047577,1.0764776122936748,1.0873169782040106,1.0897416183795852,1.1031665552334078
mom_5 >= mom_20_sft_1,-0.015916513,98878,50952,47926,11.91,-9463.803329966493,-1186.2515210294732,eaab1708ca388033e741f56742381a7a1263cfafa2fbe8f413d450736cce3e74,30,-0.0008952920907177031,27.41,0.7738115174992998,0.7738115174992998,0.8244193659832186,0.8580402885025642,0.8883333041337599,0.9159198751996698,0.9441068789148704,0.9695787033798214,0.9930588820406971,1.0144814881883455,1.034238245850957,1.0500949391739487,1.0663163379085445,1.0762324327842354,1.0817202618500794
stdev_5 <= stdev_10_sft_3,-0.015931008,98878,72354,26524,12.1,-10479.140056551423,-1424.0127600055566,76cc05d7e847d59489f80a379ae9909f097acc0055c98dd465d85c99099ff3c8,30,-0.008005993440747261,27.23,0.8213036669046456,0.8213036669046456,0.875808040852053,0.9060670754922808,0.92749987165544,0.9551336875514311,0.9855757519077218,1.0048865959179047,1.0201764241242863,1.0368205042436123,1.052828130660925,1.0697003980396305,1.0862432128343993,1.096558871501182,1.1037848606534293
willr_20 >= willr_5_sft_2,-0.015958853,98878,48905,49973,11.89,-8111.287099162751,-1011.2330664019901,c76b2a6e6a9f1e35b75e815a28e530490275498e07d600be2da53b82c81b3953,30,-0.011420727707445621,26.93,0.805388898393651,0.805388898393651,0.8684639029841041,0.9101609492586017,0.9423943215917339,0.9707369447467181,0.99856756772331,1.0239711946195977,1.0474309490374467,1.0577170890311582,1.0743759990838548,1.0929492190289911,1.0989040405691934,1.112162955834491,1.130692278301834
stdev_14 <= stdev_14_sft_3,-0.015997011,98878,52112,46766,11.92,-8312.334102588942,-1078.1261510395852,76cc05d7e847d59489f80a379ae9909f097acc0055c98dd465d85c99099ff3c8,30,-0.006450663320720196,27.17,0.8032060652641879,0.8032060652641879,0.855376222096399,0.8853265973537631,0.9123614331283046,0.946096583900184,0.9771883226778852,0.997950950163304,1.0133576227705547,1.0313575225003369,1.0526325470984141,1.0697863248119985,1.080300652631206,1.0845626627781466,1.0895275165539122
willr_10 >= -19,-0.0160578,98878,19964,78914,11.37,-3312.260161940256,-403.4574802463976,69dfb876a37c1daf9322a675d7db45858b16e638e7217cc78e1177c12ffb23dc,30,-0.007571503520011902,26.77,0.8137463373224134,0.8137463373224134,0.8985808733490676,0.9592262928610729,1.0274752456309377,1.0829682977796407,1.1232391819068723,1.1479375527521412,1.1663439886097586,1.1901114213389854,1.209039791572162,1.215751291776735,1.2232016585999728,1.2510940797101509,1.2824887452240827
willr_5 >= willr_14_sft_1,-0.016074143,98878,51439,47439,11.91,-9321.971011318506,-1098.1278359363205,c76b2a6e6a9f1e35b75e815a28e530490275498e07d600be2da53b82c81b3953,30,-0.011722271330654621,26.94,0.7835709499744238,0.7835709499744238,0.8449768647362528,0.881403055656807,0.9170053663022818,0.9482938482679978,0.9815319058801387,1.0019328325763202,1.019679878054164,1.0330570440001774,1.0553107222157863,1.068514633103379,1.0779485153344137,1.0931870082561996,1.1105339074933311
sma_50 >= High,-0.016075093,98878,43518,55360,11.82,-7225.588669209465,-988.0683001277212,2a2a894e2395475f18aac8b58b172590d4e9304b0f81f0d6018fc944d30d4b38,30,0.0003431031364016235,27.46,0.780613353892208,0.780613353892208,0.8032261601708087,0.8206959139851643,0.8393069148121501,0.8582043625400221,0.8713090125775164,0.8889003739295127,0.9030109208319537,0.9231262537562774,0.9446670659539043,0.9638670719086636,0.9773240603305509,0.9796477921634145,0.9856408691818219
minus_di_5 <= minus_di_10,-0.016084513,98878,54988,43890,11.94,-7351.783609912094,-1060.4840551107263,6ead8d4aff114cb978d2a5e9b1dcb95b84dfa27fd6f0f40b385ac29b242b16ea,30,-0.003577197901904583,27.3,0.8427394889431282,0.8427394889431282,0.9037628068092614,0.9480222349422521,0.9825453396710593,1.01108116194338,1.0327441505692785,1.052605559891051,1.0663961840165876,1.079667749784354,1.098451423611354,1.1136704347851456,1.1272097355834725,1.14138931043365,1.1507115526625125
stdev_5 <= stdev_5_sft_1,-0.016111102,98878,53532,45346,11.93,-7537.157394813563,-1036.6876093168685,76cc05d7e847d59489f80a379ae9909f097acc0055c98dd465d85c99099ff3c8,30,-0.007724156603217125,27.13,0.8275735028702949,0.8275735028702949,0.8921949000889411,0.9314389433984721,0.9465026767881763,0.9758929008837566,1.0069123115271423,1.023748773017098,1.0393260819320598,1.0509803231091428,1.0682625811259807,1.0818167891994424,1.0981494599668835,1.1127472580202873,1.1204655771445764
minus_di_14 >= minus_di_5_sft_2,-0.016126933,98878,53197,45681,11.93,-6611.616030480406,-993.4788503028904,a7c5a511f18bc4bc65b530c22aedd665cbba6e43036caf921c03925c9eff7340,30,-0.005722436588257551,27.21,0.8488465040698233,0.8488465040698233,0.9172033255630162,0.9588143037522553,0.9868373720054899,1.0147900753768793,1.0395729750732114,1.0558327407758747,1.0674051288651936,1.0858060546926325,1.1015440124232874,1.1121807495676475,1.1253936786648329,1.1376008940922704,1.1403317043490915
plus_di_20 <= plus_di_5_sft_2,-0.016135244,98878,40673,58205,11.78,-5603.443774849082,-753.8047188890341,bd972efc927c87708f479b3c989a305bfeb89b6aa0381d01606955fa59f6baca,28,-0.002606898546218872,26.83,0.832600062225333,0.832600062225333,0.891640539134041,0.9362689844493141,0.9713794827906067,0.999465583085063,1.0207468020211645,1.0420630556165225,1.0552982886122797,1.063016182496775,1.0668221117190124,1.0714305808817484,1.0834774856829203,1.1010957456745578,1.095634678041328
stdev_20 >= stdev_5_sft_1,-0.016148357,98878,90750,8128,12.26,-12818.912193075656,-1805.7132575361975,a092dbfa6dbefd1d342d1a211503f33f5c7745cd5359e4d4115f2b75459bc7b9,30,-0.008521581068634987,27.33,0.8285367376587802,0.8285367376587802,0.8835942722626408,0.9215337518763673,0.952643979230138,0.9815310582896882,1.007371594326159,1.0273680696133627,1.0429281597476234,1.0609651279669998,1.077893082863145,1.094228306275674,1.1063401873485923,1.1179390545659027,1.1313519716659675
aarod_14 <= aarod_14_sft_1,-0.016158419,98878,86089,12789,12.21,-11879.400637669929,-1676.0517375941636,1c17b055d6052442bbc23e9c5f48c3b369df45790e4212d5edae44425931e847,30,-0.003246330190449953,27.39,0.833199029053808,0.833199029053808,0.8849039146978099,0.9262575182721663,0.9536794348683846,0.9791405644619999,1.001118273819789,1.0207468954500096,1.0405451575023161,1.0574955653643863,1.0723722059877967,1.0875257506856404,1.0990462194490689,1.115842068263213,1.1259593828934331
willr_14 >= -20,-0.016160265,98878,20208,78670,11.37,-3273.1803980616532,-386.7352973379893,69dfb876a37c1daf9322a675d7db45858b16e638e7217cc78e1177c12ffb23dc,30,-0.006579943001270294,26.87,0.8179507399430772,0.8179507399430772,0.9049802416724194,0.9721336153911713,1.046286068470293,1.1032346345424706,1.142451342055307,1.1643162442140143,1.1859809345120462,1.2015341316537034,1.213247511400725,1.2278313207609817,1.246570919151566,1.2828869750639234,1.3182143275173548
aarou_10 <= aarou_5_sft_2,-0.016166758,98878,61208,37670,12.0,-8238.597285672113,-1169.637976544902,11ecda3140789fc7bb03c4e9ce6db1e36d26d05f5895e9047d4b04d8e05db454,30,-0.006090104579925537,27.23,0.8357707919506133,0.8357707919506133,0.8885200524326407,0.9409967780059999,0.9693684014559394,0.9979217008108009,1.01800089478672,1.043054398866854,1.0615966999269055,1.0681777474865917,1.083675987494771,1.0987235799864807,1.1095469637452793,1.1267907503650088,1.1338781824405018
sma_50 >= Close,-0.01617087,98878,50551,48327,11.9,-7551.041180627338,-1105.231557375053,9d05ebf4a4df1374ab70d34fd4bb0bb7068613b3ea4d9f34537ac27b7aeadf15,30,-0.008237614296376705,27.09,0.8010355644049528,0.8010355644049528,0.8259291872914685,0.8410818210547785,0.8521789640874634,0.8713904393268856,0.8868314799617224,0.9005596691203441,0.9147158092196379,0.9312436697680804,0.949838907433465,0.9698197754557026,0.9831767199445715,0.9868645595712984,0.9912411778905984
mom_15 >= mom_15_sft_3,-0.016199367,98878,50603,48275,11.9,-8539.91914250764,-1083.8436239290095,eaab1708ca388033e741f56742381a7a1263cfafa2fbe8f413d450736cce3e74,30,-0.007297927979379892,27.13,0.8039717820061304,0.8039717820061304,0.8657223522684553,0.9049469443810512,0.939563373529489,0.969893883937827,0.9953154833502583,1.0189736611567048,1.036374354554204,1.0537919445490005,1.0753588554632831,1.0974639199791651,1.117529590825001,1.138097256449979,1.1446514424922818
willr_14 >= -8,-0.016205408,98878,9440,89438,10.77,-1352.5870058889996,-186.37485575668688,69dfb876a37c1daf9322a675d7db45858b16e638e7217cc78e1177c12ffb23dc,30,-0.00877683237195015,26.24,0.8331774724206142,0.8331774724206142,0.9480332546498428,1.0212903485862295,1.139895502589462,1.1842440919480417,1.2287720820984323,1.2523415604007992,1.282253888033804,1.277819427676156,1.274860187885752,1.275663310671126,1.2729447041158135,1.3200982573197377,1.3635607135032182
plus_di_20 <= plus_di_5_sft_1,-0.016217597,98878,40424,58454,11.78,-5862.086434902354,-745.4061338635656,bd972efc927c87708f479b3c989a305bfeb89b6aa0381d01606955fa59f6baca,28,-0.008119162172079086,26.53,0.8259560861293342,0.8259560861293342,0.889089005860174,0.9351498727918366,0.9676994056686328,1.0023407894135952,1.0279552814741906,1.042646713814744,1.0592409557623768,1.062862755594044,1.0670588804059589,1.0787144893674707,1.0836731213143143,1.104106585134984,1.1036065420564733
aarod_14 <= aarod_5_sft_3,-0.016220614,98878,54645,44233,11.94,-8438.579547157497,-1095.8008477370604,1c17b055d6052442bbc23e9c5f48c3b369df45790e4212d5edae44425931e847,30,-0.009630564600229263,27.06,0.8123406977104827,0.8123406977104827,0.8867676266127966,0.9258622010590828,0.9471221570954441,0.96465385068862,0.9822199215650316,1.0144814278178718,1.039323075997148,1.0544023376733136,1.0744913433673167,1.0810679592520793,1.1030891182754394,1.123478700280617,1.1313654108774407
plus_di_30 >= 9,-0.016223798,98878,96616,2262,12.34,-13622.694731201733,-1891.019221190596,4f583626fd6f59b1b2e0825c720b1d1aad3858951a5b50964ea86a5c13485b5d,30,0.013916426338255405,27.54,0.8292452343879463,0.8292452343879463,0.8841776309471197,0.9237733062445389,0.9547794864004591,0.9816154687398483,1.0058952435139488,1.026351328039815,1.0447608026756836,1.062124976354334,1.0773738741677632,1.0914981581762522,1.105339388608067,1.1172238748067513,1.128813178393242
willr_10 >= -23,-0.016227769,98878,23334,75544,11.46,-3702.923852775668,-436.59226584018325,69dfb876a37c1daf9322a675d7db45858b16e638e7217cc78e1177c12ffb23dc,30,-0.00736584234982729,26.85,0.8228798298623968,0.8228798298623968,0.9024853212895382,0.9568665068893527,1.0182488777150205,1.0772629548836004,1.1121935950841662,1.1376733168836795,1.1595285390039065,1.1802493932690932,1.2036737809950853,1.2240713796458071,1.2351740135758396,1.2626267467565273,1.2899465971761666
aaro_30 <= aaro_5_sft_2,-0.016243981,98878,51011,47867,11.9,-7023.903336544572,-1014.066547153423,03178e4886fc07979b0c314ad9c68ba2f86b07645c5f6bfdb6bc96b9669a3c24,30,-0.000904048967640847,27.41,0.8296070833830808,0.8296070833830808,0.8796876276102914,0.9288921805912124,0.960659109990154,0.9856138572824739,1.0088197925402458,1.0313923080270093,1.0543652853970011,1.0641171797366742,1.085952614187304,1.0998208515805512,1.1034444477871301,1.107654162887224,1.1078258896253228
aaro_5 >= aaro_14_sft_3,-0.016246088,98878,50408,48470,11.89,-7616.218378624462,-1006.5313458429082,fa1fba1a54e25d7a96ab29b0d7c633f260580ef2319f10dc44e85c501c26793f,30,-0.003873639740049839,27.28,0.8181927064984454,0.8181927064984454,0.8688357375206706,0.9088011313135895,0.9530167519423606,0.9867783042504962,1.0121928809880443,1.0328644918663445,1.0505905367782136,1.0723563190436791,1.0865975753519828,1.1027288234825663,1.1228219368165522,1.1293792963564337,1.1411444941723623
rsi_14 <= rsi_2_sft_1,-0.016246818,98878,48685,50193,11.87,-6909.622340427966,-935.6388348942273,f60792ba6ac5baece5de7ac90117c85055d233a86016db65a9b1851d8a518ee9,30,-0.005102941300719976,27.21,0.8281772602553537,0.8281772602553537,0.8929042468309482,0.92901354917018,0.9712185101284095,1.008527104278792,1.0395732021826944,1.059586929634923,1.0788560559482507,1.090388267629591,1.110840159392575,1.122021894529286,1.1379402516538721,1.1505660657593433,1.1610374920025062
aarou_14 <= aarou_10_sft_3,-0.01625848,98878,66156,32722,12.04,-9172.649960981704,-1287.3005874423834,11ecda3140789fc7bb03c4e9ce6db1e36d26d05f5895e9047d4b04d8e05db454,30,-0.007921664044260979,27.2,0.8312563651418954,0.8312563651418954,0.8918837847414877,0.9305656675043011,0.9515404550247002,0.9819712761450811,1.0006965492060813,1.0179644830906271,1.0337519213516562,1.045278981466977,1.0612228241141903,1.0746548145045813,1.0941197995719556,1.110344790254368,1.1224650589369547
minus_di_10 <= minus_di_10_sft_1,-0.016287092,98878,69871,29007,12.07,-10712.784090758007,-1380.9182282114489,6ead8d4aff114cb978d2a5e9b1dcb95b84dfa27fd6f0f40b385ac29b242b16ea,30,-0.010704651474952698,27.14,0.8190499260597767,0.8190499260597767,0.8739470035563921,0.920914519251109,0.9579335691418659,0.9839405210842094,1.0101803008144954,1.0297164091179278,1.0455061720787704,1.0590216623975572,1.0732089500849105,1.0906445225457941,1.0999006501890412,1.115121294258762,1.1308358625196069
rsi_2 >= rsi_5_sft_1,-0.016302725,98878,49071,49807,11.88,-8372.582714299271,-1018.9484471057076,9c5304fe9d592b70a0c6b3286ed47e7bf2dda0b94ec7966217da111653dec0de,30,-0.009496591053903103,27.02,0.8037002990199081,0.8037002990199081,0.8656202892797944,0.9149972048330275,0.9524289774137015,0.9918871524987983,1.0266468557353883,1.0515575024416666,1.068374493990059,1.0787293780499583,1.0951536633510175,1.1095145829423911,1.1203981677883812,1.1342978901914458,1.1524043151885435
aarou_20 >= 21,-0.016324999,98878,67709,31169,12.05,-8458.52980493636,-1217.918574145995,dcb58ce780511e98834e39247d27a6ee8873b25591939e1839bb93ebed46e76d,30,-0.022911887615919113,26.75,0.848704238886692,0.848704238886692,0.9082448254902881,0.951389461481625,0.981372557382737,1.0089093239653177,1.0312315279486919,1.0496734421475193,1.06588567816145,1.078439619517077,1.0865511698816384,1.0965650618318068,1.105292356273291,1.1140876843079819,1.1300637572138335
mom_2 >= mom_20_sft_1,-0.016337592,98878,50782,48096,11.89,-9754.419237808102,-1228.3203521788528,eaab1708ca388033e741f56742381a7a1263cfafa2fbe8f413d450736cce3e74,30,-0.0005479967221617699,27.42,0.7637947156149829,0.7637947156149829,0.807930013278026,0.8371608837803476,0.862666061543508,0.8863602287456946,0.908574292095977,0.9322354163944014,0.9603414694908219,0.9815776897851461,1.0069483580208745,1.0290483226818505,1.0390801268811287,1.046773966752509,1.0597570751235779
willr_14 >= -10,-0.016344158,98878,11294,87584,10.92,-1855.8090335415473,-227.74347720245714,69dfb876a37c1daf9322a675d7db45858b16e638e7217cc78e1177c12ffb23dc,30,-0.009592736139893532,26.25,0.8131071053913158,0.8131071053913158,0.9181726492784673,0.9939694160426952,1.0842612408578896,1.1364176413413793,1.171377787819185,1.187622961944413,1.213442863588991,1.2198424314339125,1.223508062244282,1.2341627983381338,1.2416898566871928,1.2679710504436381,1.3136431401906268
plus_di_20 <= plus_di_10_sft_2,-0.01634542,98878,43181,55697,11.81,-5653.146646607078,-795.0222440411817,bd972efc927c87708f479b3c989a305bfeb89b6aa0381d01606955fa59f6baca,28,-0.005401703529059887,26.69,0.8384231747049886,0.8384231747049886,0.8953623051894454,0.9338547899156223,0.9606076502903481,0.9814263658278536,1.002009067522077,1.0300217596535914,1.04215199303457,1.049157885429612,1.0598967572976068,1.0581464957055726,1.078529111672736,1.0819112756391622,1.0733532138070456
bb_lower_2_20 >= bb_lower_2_20_sft_3,-0.016389042,98878,50837,48041,11.89,-7808.799217777996,-944.2978621829825,14f3c68ebc76bb97608c90e96e22d07d8e6617ab0d939b3b0b66c54f45811d90,30,-0.00762629508972168,27.11,0.8118683151675501,0.8118683151675501,0.8674946788647696,0.9009391805033069,0.9323763650433448,0.9635017034712443,0.9892026272958544,1.0108931147751627,1.0402668175201135,1.062479622786264,1.080275677059522,1.0936051153791544,1.102061786680687,1.1067782664979606,1.1193207288951923
willr_14 >= -17,-0.016438957,98878,17545,81333,11.25,-3035.2139897394372,-347.36790969876165,69dfb876a37c1daf9322a675d7db45858b16e638e7217cc78e1177c12ffb23dc,30,-0.006597546394914389,26.81,0.8053464685865123,0.8053464685865123,0.8984063134149232,0.9638870694911849,1.0483966758224044,1.1004099577912818,1.1433725894438136,1.1660725879880887,1.190306916844354,1.2118327446064365,1.2206818322065187,1.2304237229587074,1.245020653165097,1.2787696881394703,1.3166068986089288
adx_10 <= 15,-0.0164507,98878,5605,93273,10.21,-1373.4127141313948,-151.1213077117136,3c92cb65188a6807549ad02f373e5063a01a53cbce3d2b8fe4af860199995f57,30,0.0014418684877455235,27.71,0.6778052178762074,0.6778052178762074,0.6999352591193303,0.6957735889493817,0.7195833177717218,0.768092389085302,0.7896780350420064,0.8091369005003618,0.8669227574001716,0.9210152065073967,0.9605634853190121,1.0007047742475683,1.009570341240258,1.0292537301962612,1.0414456424170841
willr_10 >= -18,-0.016457068,98878,19158,79720,11.31,-3255.777672062759,-395.72968350974406,69dfb876a37c1daf9322a675d7db45858b16e638e7217cc78e1177c12ffb23dc,30,-0.008251611143350601,26.69,0.8093147957904133,0.8093147957904133,0.8930154544314832,0.9553662607172376,1.032912180934909,1.0914467576882818,1.131137826946672,1.1575995527984435,1.181168153575383,1.2041447701625747,1.2212585759836465,1.2269636287998225,1.2348455147213604,1.2602523612096361,1.2920776963769496
willr_14 <= willr_20,-0.016462011,98878,66894,31984,12.04,-8306.720547805917,-1208.219296590847,1427ae29e5c4ed561613e902f1f63301f41038d7cf9fdf54aa945c6a3e2bca60,30,-0.02427302487194538,26.7,0.8503094920297907,0.8503094920297907,0.9125691252271168,0.9554522998662517,0.9918683663154102,1.0126816920811539,1.0362759834611979,1.0557808621244456,1.067944240225951,1.080875979791476,1.0922462528293857,1.1030226850642622,1.1149668654423783,1.1249316815471686,1.1358245091363757
sma_5 <= Low_sft_1,-0.016475206,98878,14318,84560,11.1,-225.43156878217997,-194.10032146914455,984863a5cb13aec2699710705080435de7dea983a917ddee35d0db64a2bad484,28,-0.00043926844955421984,26.92,0.9778105380363941,0.9778105380363941,1.0618366459300934,1.1160778724947003,1.12827204754227,1.142517151065423,1.1820889580186442,1.1965230962696591,1.2123471143925075,1.2013750297312162,1.218473383354599,1.231976085470674,1.2617587731882292,1.300409540728284,1.2858411992765724
bb_lower_2_10 <= Close_sft_1,-0.016497225,98878,97664,1214,12.36,-12474.488020108303,-1883.5774043093188,df72ac6ad143ee2de1e2f75f64629a9e84f7c48f59b8dcd8dbbfbb16a74d883c,30,-0.009841341525316238,27.4,0.8462264001451074,0.8462264001451074,0.900524658226477,0.9379822751812145,0.9689686208733592,0.9941909674888553,1.015303531301133,1.0326894074442785,1.0487460754818145,1.064795719265486,1.0797125322113348,1.0935244301099825,1.107167903781007,1.119423108259988,1.1322976162908642
plus_di_30 <= 6,-0.016497308,98878,430,98448,4.19,-61.444732133997604,-4.993474958828301,14a9c3710fc1b17e882c866201c8dfd17bc6a0c5cee2921d8c0a77ac8ad2afa3,30,0.0,0.0,0.6926784187732897,0.6926784187732897,0.6793945597317004,0.6739903796199866,0.7039314027292352,0.6596266247481878,0.6686977084024056,0.6921377217083099,0.6921277156541966,0.7212828216051816,0.7047028365843543,0.7419738561981966,0.7587496073202268,0.7781189650362464,0.8122718285733773
stdev_5 <= stdev_14_sft_1,-0.016497945,98878,82127,16751,12.17,-11380.253887829258,-1591.100970684187,76cc05d7e847d59489f80a379ae9909f097acc0055c98dd465d85c99099ff3c8,30,-0.005842439830303192,27.33,0.8295144802772323,0.8295144802772323,0.8864504754279421,0.9189373706795768,0.9449895155909432,0.971806746364243,0.9977205526292708,1.0161790852713042,1.031391853486993,1.046068851421806,1.0639482390488777,1.0839749232754,1.100074782084084,1.1114286296253049,1.1234912105005843
willr_10 >= -16,-0.016498176,98878,17158,81720,11.23,-2895.6489427145716,-353.60630468956515,69dfb876a37c1daf9322a675d7db45858b16e638e7217cc78e1177c12ffb23dc,30,-0.010173968970775604,26.45,0.8111311887663347,0.8111311887663347,0.893210471927334,0.9640855737070985,1.036459084649505,1.0899391248213284,1.1333522168277135,1.1615887269323673,1.1777935601457783,1.1966046559138486,1.2116652601927822,1.213917501740922,1.2173821401218956,1.2360779866199878,1.2687423054259201
plus_di_10 <= 17,-0.016514922,98878,31452,67426,11.62,-4783.726253274163,-707.7403801227556,14a9c3710fc1b17e882c866201c8dfd17bc6a0c5cee2921d8c0a77ac8ad2afa3,30,-0.010072226636111736,26.79,0.7930576045569813,0.7930576045569813,0.8368926711591942,0.8618768295046582,0.8849468548604351,0.8951875736594828,0.9100894574702659,0.9139073027922975,0.9186956677134536,0.9291173071501238,0.9488484600603837,0.9704190033027656,0.9941254154178588,0.9976829779232746,1.0101079832251076
minus_di_20 <= minus_di_20_sft_3,-0.016533118,98878,55639,43239,11.94,-9334.874289714395,-1124.5174681472126,6ead8d4aff114cb978d2a5e9b1dcb95b84dfa27fd6f0f40b385ac29b242b16ea,30,-0.009507151320576668,27.07,0.8031077238184895,0.8031077238184895,0.8715030066705436,0.9189412993634811,0.9562197966309173,0.9890762174873069,1.0177421773739,1.0421891282974318,1.0614665180623435,1.0673798976633617,1.0840240743985747,1.0971784006220853,1.107144193279395,1.1224176489519107,1.131195802106037
aaro_30 <= aaro_5_sft_1,-0.016535195,98878,51017,47861,11.89,-7605.261379870288,-1059.0472604327297,03178e4886fc07979b0c314ad9c68ba2f86b07645c5f6bfdb6bc96b9669a3c24,30,-0.0017497108783572912,27.37,0.8168046802035935,0.8168046802035935,0.8726166859939473,0.9134342519083006,0.9555171115676788,0.9783062101734434,0.9998277298388504,1.0227068726719268,1.0468941518141464,1.0654141807000217,1.0748608118814025,1.0962239660046749,1.1039791168892958,1.1041794903631375,1.1061130774707733
mema_10 <= High,-0.016537298,98878,68739,30139,12.06,-8950.0419588257,-1286.9136224307367,272a901e1625028460b95370368ae350ea9835e10fc1933b41122586149e5de3,30,-0.012622307054698467,27.07,0.8479960341909855,0.8479960341909855,0.9096970060161916,0.9487746643739684,0.9835631533743734,1.015605373597447,1.0433545286853094,1.0604115693269747,1.0760373723149008,1.0886263922442485,1.099596029399375,1.1108654844754038,1.123110398149,1.132041755075227,1.1391609749395988
aaro_30 >= aaro_30_sft_2,-0.01654104,98878,74318,24560,12.1,-10942.609013032925,-1467.6677168073657,fa1fba1a54e25d7a96ab29b0d7c633f260580ef2319f10dc44e85c501c26793f,30,-0.009101944044232368,27.21,0.8205129063463563,0.8205129063463563,0.8705456279319427,0.9096122847288328,0.9435552658186511,0.9685539704087518,0.9925476848337873,1.0168203874501265,1.0307215611079479,1.0446704923609216,1.0556003907893723,1.06600712288841,1.081437383242128,1.0889918360896529,1.0959218938350814
willr_30 >= willr_14_sft_3,-0.016562464,98878,48944,49934,11.87,-8250.268665921212,-1001.3352846076159,c76b2a6e6a9f1e35b75e815a28e530490275498e07d600be2da53b82c81b3953,30,-0.014444321393966675,26.79,0.8008978878226927,0.8008978878226927,0.8590691824025227,0.9018600006685891,0.9412059669130789,0.9765104098561559,1.0066143571527466,1.0260856231755715,1.0372358708097342,1.0466572763411617,1.0624932465655805,1.0720389984663843,1.0857775060268573,1.1064944307422382,1.122389450149669
aaro_30 >= -79,-0.016564192,98878,87663,11215,12.22,-12178.37172563875,-1671.4785142367618,0811e6227d0d089f2d69284c6ea7ddd7761288c8d873ca997aaf34687b2f23f1,30,-0.017156578600406647,27.17,0.8322058094194517,0.8322058094194517,0.8863145860418863,0.9266322411074676,0.9584839111965779,0.9859299709201919,1.0120201261641995,1.0327672148747629,1.0519916535156,1.0698686084356503,1.084828273743528,1.0981558116067947,1.1129155998801386,1.1254403538173525,1.1355663096575568
mom_2 >= mom_20_sft_3,-0.016569551,98878,50925,47953,11.89,-10140.586408311527,-1247.1288659750498,eaab1708ca388033e741f56742381a7a1263cfafa2fbe8f413d450736cce3e74,30,-0.00042318657506257296,27.43,0.7589303886566927,0.7589303886566927,0.8117103111174896,0.8432546590345767,0.8711185597562452,0.895872846983941,0.9214064172353253,0.9459925426859532,0.9718541347921819,0.9955205182243344,1.019259686166016,1.0330847788873072,1.0392341359627704,1.0484808259323906,1.0609914237599638
plus_di_5 >= plus_di_20_sft_3,-0.016571438,98878,39796,59082,11.75,-6294.7502993301605,-750.6005915097194,e29890bc12ea37e8ab50982e55f5d20643af7c43a2ddc27569a065e219a2f597,30,-0.007902160286903381,27.02,0.8114284632934722,0.8114284632934722,0.883421561097353,0.9296002969560027,0.9748587776201026,1.0033487165431965,1.027511891681871,1.0489409931666889,1.0676909043522727,1.0815597373970098,1.0932770860671244,1.0951585948117133,1.0982320755720907,1.1108151428621176,1.129816126714308
aaro_10 >= aaro_30_sft_2,-0.01658613,98878,51088,47790,11.89,-7598.937512638965,-1044.193815698105,fa1fba1a54e25d7a96ab29b0d7c633f260580ef2319f10dc44e85c501c26793f,30,-0.0025881733745336533,27.33,0.8189483149066347,0.8189483149066347,0.8786904807947539,0.9174989166768711,0.9598052457059548,0.9869816143112992,1.0087302043895092,1.0292847211937983,1.0466666655702233,1.064612416879794,1.0863652092551452,1.093679687024285,1.10005775010661,1.103069320100073,1.1139463804959535
aaro_20 >= aaro_30,-0.016606247,98878,51798,47080,11.9,-8511.340121940739,-1095.8145263985934,fa1fba1a54e25d7a96ab29b0d7c633f260580ef2319f10dc44e85c501c26793f,30,-0.013338245451450348,26.88,0.8023120620143638,0.8023120620143638,0.8606394955922997,0.9042096746022319,0.9429821318271037,0.9707454862572796,0.9970249092580198,1.0199402953395271,1.0387429480652781,1.048885594434203,1.0586664051278345,1.0683424659892804,1.0764566021075421,1.0832399515893816,1.0969984580086787
adx_10 <= adx_10_sft_1,-0.01661548,98878,51325,47553,11.89,-9009.18070119492,-1030.11904373148,234f8ad1c2baf91b95c9f1aef2798b533888ce55558d2a8e51c247014080fabc,30,-0.008396819233894348,27.08,0.7850016134844412,0.7850016134844412,0.846278839052408,0.8712755192022477,0.8859550366702263,0.9186764659891369,0.9528390592914829,0.9848343035622094,1.0045468629828735,1.0322125207193744,1.0483850080048305,1.0625218611812564,1.0785073091382662,1.091436661868774,1.102635561284022
willr_20 >= willr_10_sft_3,-0.016653838,98878,49399,49479,11.87,-8632.267260739842,-1023.2417755055067,c76b2a6e6a9f1e35b75e815a28e530490275498e07d600be2da53b82c81b3953,30,-0.013984658755362034,26.82,0.7955275558693718,0.7955275558693718,0.8499342748314147,0.8891854120888424,0.9271510566056712,0.9646171905311816,0.9996576301387389,1.026372707990921,1.0440905160969058,1.0592020269880489,1.0783386149832475,1.087358858010536,1.0926097412339448,1.104349179105083,1.11883113055996
aaro_30 <= aaro_10_sft_2,-0.016706793,98878,51345,47533,11.89,-7382.119719658673,-1061.7132710547376,03178e4886fc07979b0c314ad9c68ba2f86b07645c5f6bfdb6bc96b9669a3c24,30,-0.0047447835095226765,27.24,0.8228954721747334,0.8228954721747334,0.8670419057878606,0.9119411123170853,0.941870233615418,0.96248344946474,0.9829704589789334,1.0023277297935707,1.029850523636899,1.0522814776845422,1.0627528204977155,1.0738076928782658,1.0822890704804136,1.0904650552582753,1.0971579242288092
aarod_20 <= aarod_5_sft_1,-0.016729508,98878,54158,44720,11.92,-8030.429628977476,-1077.7635737458986,1c17b055d6052442bbc23e9c5f48c3b369df45790e4212d5edae44425931e847,30,-0.01396248210221529,26.88,0.8158841421681905,0.8158841421681905,0.8559587933617893,0.9040196868421929,0.9396621184071308,0.9627125580297574,0.9797931645212881,0.99824710550067,1.0195246325402232,1.0401565932506955,1.0593722042074258,1.0743541153324747,1.0813025478655025,1.1006217077518077,1.1203130017404224
aarod_30 <= aarod_5_sft_1,-0.016751558,98878,54714,44164,11.92,-7541.133851843287,-1046.0609943170712,1c17b055d6052442bbc23e9c5f48c3b369df45790e4212d5edae44425931e847,30,-0.01788056269288063,26.73,0.8265433077342471,0.8265433077342471,0.8734272818438189,0.9155409506494819,0.9427317595369327,0.971717974090297,0.9841710954711242,1.0014156644891863,1.022247669065993,1.0453854132216067,1.064493759685156,1.0799358909778807,1.0978341531898677,1.1160321743928268,1.1343695059340928
aarod_14 <= aarod_14_sft_2,-0.016752083,98878,78247,20631,12.13,-11197.720601858371,-1538.5044736534037,1c17b055d6052442bbc23e9c5f48c3b369df45790e4212d5edae44425931e847,30,-0.0042298054322600365,27.35,0.827125052690424,0.827125052690424,0.8829459084374328,0.9284399986665276,0.9553790876216645,0.9799686356578673,1.0050095401150212,1.0268584069875986,1.04973654838851,1.06726577403823,1.0812466399692418,1.0953715075684753,1.1082445199949602,1.1217605361236782,1.1337425009202156
willr_5 >= willr_14_sft_2,-0.01677879,98878,51065,47813,11.88,-9340.40850225198,-1097.501571357061,c76b2a6e6a9f1e35b75e815a28e530490275498e07d600be2da53b82c81b3953,30,-0.010828113183379173,26.98,0.781871297176169,0.781871297176169,0.8423798089017479,0.8764976751429538,0.9119270803172842,0.9462235463708203,0.9786932324145254,1.0003643934658943,1.021320194327022,1.0326172224640153,1.0601815028370516,1.075402200505179,1.087443195449796,1.1089731663442755,1.1227462048616181
aarou_20 >= aarou_30_sft_1,-0.016793277,98878,37295,61583,11.71,-6031.653241750254,-758.8813309420802,0f031b3780e6467809600593d6806420193325d9573f332c17b627db66a26893,30,0.0003466015332378447,27.46,0.8028013566345316,0.8028013566345316,0.8685958561775314,0.9215600927621105,0.9694776275858283,1.0094369612631664,1.0360125119481,1.0619784695334336,1.0899847778365843,1.109026797703806,1.1251058564985041,1.142730356523601,1.16041273426966,1.1674901957264936,1.1879050618833862
aarou_10 >= aarou_20_sft_2,-0.016799532,98878,48137,50741,11.85,-7619.2169702901665,-1024.5327128475983,0f031b3780e6467809600593d6806420193325d9573f332c17b627db66a26893,30,-0.0031362774316221476,27.3,0.8074668100598604,0.8074668100598604,0.864514380213299,0.8985556260971589,0.9449952422825866,0.9737946467204105,0.9990532623703887,1.0163984348872592,1.0411345079770493,1.0652703202314564,1.0862173243638376,1.1026470950800773,1.1225938474432018,1.1354877144065918,1.1545289531209821
mom_10 >= mom_5_sft_3,-0.016813517,98878,50064,48814,11.87,-7664.809678895923,-972.3527014879946,eaab1708ca388033e741f56742381a7a1263cfafa2fbe8f413d450736cce3e74,30,-0.012694202363491058,26.89,0.8248159696834231,0.8248159696834231,0.8962127948167858,0.9442874745296284,0.9878918602054225,1.013538471288576,1.0400822676649195,1.0593627999308912,1.0769258962692458,1.0952141062307865,1.1160962293943884,1.1222868413034508,1.1274677491211553,1.1511454973911643,1.1673624872382111
willr_20 >= willr_10_sft_1,-0.016826315,98878,49953,48925,11.87,-8356.702261417544,-1030.114775760987,c76b2a6e6a9f1e35b75e815a28e530490275498e07d600be2da53b82c81b3953,30,-0.015981968492269516,26.74,0.8027454963683892,0.8027454963683892,0.860134824201703,0.9036021819437305,0.9352993851289925,0.9642258131690229,0.9950824039136529,1.0198894692580076,1.0409328731345364,1.0477278376321804,1.060683006964669,1.0732631168290072,1.0841435635639594,1.0970243541367652,1.1147508444614413
minus_di_10 <= minus_di_14_sft_3,-0.016831907,98878,55077,43801,11.92,-8475.378458248115,-1086.2106379184625,6ead8d4aff114cb978d2a5e9b1dcb95b84dfa27fd6f0f40b385ac29b242b16ea,30,-0.00902679841965437,27.09,0.8186814558516308,0.8186814558516308,0.8812671004471234,0.9225807417878064,0.9568705576327922,0.9849041171487782,1.0143409518281656,1.0403366581557725,1.0560419563326127,1.0654764992204462,1.081170342388803,1.0933646483070858,1.103559349423436,1.119616495349134,1.1306822525252795
willr_14 >= -7,-0.01684169,98878,8624,90254,10.62,-1148.4834374682541,-169.5671218164789,69dfb876a37c1daf9322a675d7db45858b16e638e7217cc78e1177c12ffb23dc,30,-0.00802049320191145,26.29,0.8427510282317965,0.8427510282317965,0.9731233036280683,1.0442787076033235,1.1705942101942564,1.2164595237320786,1.2641034073050295,1.2925523431259436,1.3289571699571527,1.3209442055173342,1.3228989240946603,1.321362819522262,1.3233225369252002,1.3698772726047386,1.4170050637408285
aarod_20 <= aarod_20_sft_2,-0.016851084,98878,80935,17943,12.16,-11177.639386461076,-1563.158375588093,1c17b055d6052442bbc23e9c5f48c3b369df45790e4212d5edae44425931e847,30,-0.012558300979435444,27.18,0.8319192832870084,0.8319192832870084,0.8857609938024841,0.9252922955605498,0.9543100380736951,0.9841771135900762,1.0108781766125197,1.0294808060661411,1.049298959437143,1.0663554908132873,1.0818076863721642,1.093926280126709,1.107634969893417,1.1143973491472114,1.128227843254022
willr_20 >= -1,-0.016857855,98878,3798,95080,9.64,-100.59500838018721,-59.70563768563443,69dfb876a37c1daf9322a675d7db45858b16e638e7217cc78e1177c12ffb23dc,30,-0.009004713967442513,25.43,0.9633452688281468,0.9633452688281468,1.1357766078346034,1.178289220982075,1.2983364262430797,1.2978342874138575,1.3589190076439848,1.3891834301036425,1.4496991910132881,1.4768310894511394,1.4955493373169062,1.4660760102466694,1.5036420401736392,1.5602108695037475,1.6518503677918637
adx_10 <= 16,-0.01688594,98878,7980,90898,10.54,-1744.3468385167653,-186.60635573264153,3c92cb65188a6807549ad02f373e5063a01a53cbce3d2b8fe4af860199995f57,30,0.0044011627323925495,28.11,0.7103137665791975,0.7103137665791975,0.7235700814360132,0.7428935588987019,0.7684459464928542,0.8219134326664542,0.8492346497786427,0.8827188291253698,0.9346043163836654,0.9935748272602277,1.0166231360805007,1.0492552993686348,1.0581288453983462,1.0754918790095997,1.0863408756630777
minus_di_14 >= 17,-0.01690049,98878,70006,28872,12.06,-10411.443700739626,-1466.7316456290791,a06e18f5f366aa3040f30d3f53c74e6c3d30e6b8f15e9282eabbaa7fe9dd85a0,30,0.02616412751376629,28.19,0.8073221899340294,0.8073221899340294,0.8594950846323985,0.8911311992964536,0.9142521347918756,0.9451621824521661,0.9723992634953461,1.0013214786944995,1.0272746056748348,1.060185094248221,1.084922594427413,1.1056335788651106,1.122159701864168,1.1369932983297286,1.1519667798657385
minus_di_5 <= minus_di_14_sft_3,-0.01690133,98878,55078,43800,11.92,-8133.8216217669,-1084.3599888322788,6ead8d4aff114cb978d2a5e9b1dcb95b84dfa27fd6f0f40b385ac29b242b16ea,30,-0.006621161010116339,27.18,0.8250375269508323,0.8250375269508323,0.885693826571004,0.9275568503493545,0.9620504432929682,0.9910153749328874,1.0172275072103345,1.040343009586422,1.055834368468641,1.0667678349858594,1.0843606708020828,1.0980219060114353,1.1102258005505115,1.1236491076001858,1.1339340543542165
mema_50 >= High_sft_1,-0.016924797,98878,42941,55937,11.78,-7372.284476165878,-961.1971893456866,b49daa998de516ee8744d85f0961964bee1fbf801ca0904e585341376b8b86ae,30,-5.16051659360528e-05,27.44,0.7748464515625417,0.7748464515625417,0.8046785973035321,0.8236490603840071,0.8397916024023917,0.8550953363273034,0.8680120319672886,0.8767919632766374,0.8879619979008511,0.9047898046028979,0.9240415342255739,0.9411720128914518,0.9500884001845873,0.9554517574229884,0.9680696809783337
plus_di_14 >= 4,-0.016930297,98878,97940,938,12.36,-13333.579804124998,-1917.4778480304522,4f583626fd6f59b1b2e0825c720b1d1aad3858951a5b50964ea86a5c13485b5d,30,0.0017379757482558489,27.45,0.8360486285011365,0.8360486285011365,0.8919110608528132,0.929199123719402,0.9572920375540233,0.9820837843124843,1.004528894455782,1.024258170756542,1.0420235578427197,1.0594708258655205,1.0755496480838227,1.0904239832961042,1.1045253589006605,1.1172344748601297,1.1294046858671483
willr_10 >= -21,-0.016936386,98878,21798,77080,11.37,-3636.6824071416195,-429.0131929274212,69dfb876a37c1daf9322a675d7db45858b16e638e7217cc78e1177c12ffb23dc,30,-0.0087717454880476,26.71,0.8123043687676164,0.8123043687676164,0.8873519866960573,0.9428810584214403,1.0070360824300544,1.0687711806768039,1.1053766532120703,1.1251315265970814,1.14078680526348,1.164159477522385,1.1806574859043728,1.1940007375451753,1.206554501552259,1.2315534861964788,1.2642995933480106
aarod_30 <= aarod_14_sft_3,-0.016956061,98878,47343,51535,11.83,-7373.085084036813,-916.5000479371665,1c17b055d6052442bbc23e9c5f48c3b369df45790e4212d5edae44425931e847,30,-0.00046522566117346287,27.42,0.8084481048557958,0.8084481048557958,0.8722665140187618,0.9157430727725671,0.9464024893609227,0.9720031882444204,0.9872502918895057,1.0067481229168305,1.026798769203694,1.0547358974443926,1.0784398597256666,1.1018116842353198,1.1270645044075667,1.1426648498508338,1.162896390120175
aaro_30 <= aaro_30_sft_1,-0.017003173,98878,80173,18705,12.15,-11323.719216336594,-1563.6800872908716,03178e4886fc07979b0c314ad9c68ba2f86b07645c5f6bfdb6bc96b9669a3c24,30,-0.009052114561200142,27.25,0.8249653563521679,0.8249653563521679,0.874054057186548,0.9103727764189063,0.9382433323485301,0.9589752091737361,0.9815884794583811,1.003003379299915,1.0225064929442604,1.0401059224077531,1.0561938836985205,1.0703857830142103,1.0851362504299416,1.096787001270608,1.1047064211735975
rsi_2 >= 24,-0.01704449,98878,72158,26720,12.08,-10836.39617680545,-1468.5786112309215,2aff2363e2a1ac18e5b09edc627fed21347731d4e6d91b606bf5ebf4ed170990,30,-0.006773166358470917,27.26,0.8264211157008632,0.8264211157008632,0.891398775556514,0.9374600920319506,0.9734102043835504,1.0071411245872128,1.0353919324177525,1.0555342652183328,1.0735020148200727,1.0830103800143942,1.100893380809355,1.1109908475215458,1.1225700934049843,1.1400626019974471,1.15390397142502
plus_di_30 >= plus_di_30_sft_3,-0.017054375,98878,39810,59068,11.73,-6585.570778888912,-756.3285430890537,e29890bc12ea37e8ab50982e55f5d20643af7c43a2ddc27569a065e219a2f597,30,-0.007201230153441429,27.05,0.8035367064558615,0.8035367064558615,0.8737817252270023,0.9281072720241843,0.9712105837671301,1.0047451477133218,1.0286588232656295,1.0519944831272485,1.0743775289475594,1.0936667441239005,1.1086175823668092,1.1157762084638836,1.1204326891292808,1.1413666532865099,1.1547674522801026
willr_14 >= willr_5_sft_1,-0.017054949,98878,49983,48895,11.86,-7461.985514552224,-1001.6751600206626,c76b2a6e6a9f1e35b75e815a28e530490275498e07d600be2da53b82c81b3953,30,-0.010326312854886055,26.99,0.8233106181702007,0.8233106181702007,0.8819778802786502,0.9226607071573153,0.9436184031724433,0.9643595582136802,0.9858983509432752,1.0077279458003512,1.0328553057201861,1.0428356189826054,1.0586357689619805,1.0761241325100388,1.0844018926794114,1.0979821508901844,1.1170197751755122
willr_10 >= -20,-0.01708213,98878,21216,77662,11.34,-3431.505325260703,-421.83371298034035,69dfb876a37c1daf9322a675d7db45858b16e638e7217cc78e1177c12ffb23dc,30,-0.008872770704329014,26.69,0.8168450413473899,0.8168450413473899,0.8981891905608482,0.9551497804717609,1.0211683235806213,1.0794948396897286,1.1178490971262824,1.1389944141871153,1.1539353671489034,1.179799492876295,1.1991766713568464,1.2096067822885215,1.2221758280768116,1.244961474840439,1.276389599332888
bb_lower_2_30 >= bb_lower_2_10_sft_2,-0.017086169,98878,19017,79861,11.26,-3328.0399076144517,-434.54355527124426,14f3c68ebc76bb97608c90e96e22d07d8e6617ab0d939b3b0b66c54f45811d90,30,-0.003921933472156525,27.09,0.779250449296427,0.779250449296427,0.8264851314374222,0.8548434578810269,0.8622369947338443,0.8774813969060061,0.889988263311315,0.9016554427875011,0.9231574830376073,0.9432360853324399,0.9634669855230599,0.9761587811220905,0.9969891945561522,0.9996837886774298,1.0017121467129586
mom_5 >= mom_20,-0.017106012,98878,51550,47328,11.88,-8927.357595960977,-1186.4310556172495,eaab1708ca388033e741f56742381a7a1263cfafa2fbe8f413d450736cce3e74,30,-0.0013548573479056358,27.39,0.7821689414413809,0.7821689414413809,0.8266475951657832,0.8562735803310021,0.8826486606461537,0.901547901285474,0.9294130206915071,0.9590160197501104,0.9827475527200843,1.0040530343525076,1.0228705090258972,1.0368959059084055,1.0531301977839893,1.0659261072967656,1.074792412700951
aarou_30 >= 7,-0.017112676,98878,79904,18974,12.14,-10626.016557034225,-1526.6953820896306,dcb58ce780511e98834e39247d27a6ee8873b25591939e1839bb93ebed46e76d,30,-0.020465925335884094,27.0,0.8380645059121349,0.8380645059121349,0.8952784616647386,0.937956663937634,0.9675102460877043,0.9928977275530925,1.0126937089190466,1.0281029687123675,1.0434171083927433,1.0557795363560405,1.0691494490291378,1.0826030698008657,1.0981365167067425,1.1108237268387853,1.1234021317236027
plus_di_10 >= plus_di_14_sft_1,-0.017151218,98878,34502,64376,11.65,-5624.535372654232,-670.2431063064942,e29890bc12ea37e8ab50982e55f5d20643af7c43a2ddc27569a065e219a2f597,30,-0.005232928320765495,27.13,0.8065656973217923,0.8065656973217923,0.870958352832857,0.9087583745580248,0.9492505218286938,0.9829204158832212,1.0061952034157835,1.024457753828383,1.0395952414397958,1.0490024340726805,1.0660534264571584,1.071118956930458,1.0721630772860269,1.0783131341685541,1.0973314943734729
aaro_20 >= aaro_30_sft_2,-0.01715228,98878,51331,47547,11.87,-8241.599800634787,-1066.4115939498079,fa1fba1a54e25d7a96ab29b0d7c633f260580ef2319f10dc44e85c501c26793f,30,-0.015547900460660458,26.78,0.8056956732851602,0.8056956732851602,0.8631606968035284,0.9065336892245998,0.9479237745451561,0.9757039921298026,1.0036303994576083,1.025145362454802,1.0374689616757393,1.0495267122296588,1.061675455274807,1.0673300897137208,1.0743583124157707,1.078611572820288,1.0912602418619803
aaro_30 >= aaro_30_sft_3,-0.01716677,98878,69690,29188,12.05,-10182.431008757092,-1357.6228801064644,fa1fba1a54e25d7a96ab29b0d7c633f260580ef2319f10dc44e85c501c26793f,30,-0.009210748597979546,27.18,0.8215071217974398,0.8215071217974398,0.8708235642510902,0.9128386153320798,0.9478461558289845,0.9687987513971609,0.993205521290253,1.0152257436793337,1.0285521520039644,1.0431311618238293,1.0514603466018675,1.0623218461643373,1.0753188745802436,1.0804104038783253,1.0874938343441738
willr_10 >= -14,-0.017171707,98878,15481,83397,11.1,-2563.3068161113333,-313.6132722321636,69dfb876a37c1daf9322a675d7db45858b16e638e7217cc78e1177c12ffb23dc,30,-0.011460071429610252,26.26,0.8128583346581065,0.8128583346581065,0.9017721656857797,0.9619167994876504,1.0374571690537915,1.0942553394842123,1.1309229892248667,1.1543978146385954,1.168279923715863,1.1807519534233506,1.1868191502631504,1.1941292225553344,1.2038081189181171,1.2215572584326793,1.2572718074844214
aarod_20 <= aarod_14_sft_3,-0.017211458,98878,55991,42887,11.92,-8393.244740372866,-1088.1119948325286,1c17b055d6052442bbc23e9c5f48c3b369df45790e4212d5edae44425931e847,30,-0.0011749311815947294,27.4,0.8159106916014072,0.8159106916014072,0.876219165778449,0.9140019123008497,0.9506743827858084,0.9822458839060662,1.006255438697041,1.0275487980984235,1.0476255393588125,1.066071818679496,1.0883118270490588,1.0955045671763726,1.105045263971333,1.1135614563552827,1.1290141201328225
aaro_20 >= aaro_30_sft_1,-0.017237019,98878,51535,47343,11.87,-8369.825125188327,-1075.0999351152059,fa1fba1a54e25d7a96ab29b0d7c633f260580ef2319f10dc44e85c501c26793f,30,-0.013644427992403507,26.86,0.8038516565079193,0.8038516565079193,0.860822507848593,0.9042181413852861,0.9456378933233063,0.9738788276214233,1.0000224992070814,1.0228840595722484,1.0378934468440246,1.0465049124837016,1.0584491432273513,1.0630399490432239,1.0720534483106006,1.0788894052739009,1.0903353658802286
plus_di_5 >= plus_di_14_sft_1,-0.01723752,98878,38370,60508,11.7,-6378.2464783663745,-738.4789797653866,e29890bc12ea37e8ab50982e55f5d20643af7c43a2ddc27569a065e219a2f597,30,-0.004726244602352381,27.18,0.8012613701168382,0.8012613701168382,0.8727671900121257,0.9159934634826001,0.9652266003348602,0.9961250759772478,1.023236930947175,1.0428542830521925,1.0680896122010262,1.0842221482884553,1.0965821445177535,1.1024577671174767,1.1054529051052282,1.115738642776921,1.1330640692392573
plus_di_20 <= plus_di_10_sft_1,-0.017288359,98878,41797,57081,11.75,-5566.566796797626,-759.0795164436058,bd972efc927c87708f479b3c989a305bfeb89b6aa0381d01606955fa59f6baca,28,-0.008874748833477497,26.5,0.8365547598164841,0.8365547598164841,0.8961705431694438,0.9384315775759268,0.9646211495025034,0.9973793378208061,1.0193762380283427,1.0328715092337561,1.041806047457165,1.0470979637659166,1.053342183337056,1.0603491236458076,1.072652283592302,1.0840441381371706,1.0785519935995158
willr_5 >= willr_10_sft_1,-0.01729231,98878,51711,47167,11.87,-8847.027030685458,-1093.149661589363,c76b2a6e6a9f1e35b75e815a28e530490275498e07d600be2da53b82c81b3953,30,-0.01243520900607109,26.91,0.7956850534472013,0.7956850534472013,0.8505640220855776,0.8838699043015957,0.9212840708103465,0.9481167046667662,0.9795745411207789,1.0005965758701125,1.0209027740435868,1.032198375416704,1.0476230354609748,1.059127503128783,1.0746667657126965,1.0937187880145953,1.111665604232622
aaro_30 <= aaro_10_sft_3,-0.017311502,98878,51175,47703,11.87,-7488.034012676842,-1068.3708276864709,03178e4886fc07979b0c314ad9c68ba2f86b07645c5f6bfdb6bc96b9669a3c24,30,-0.006619413383305073,27.16,0.819448480178926,0.819448480178926,0.87142567089091,0.9089825064509094,0.9355566777640314,0.9639177779058458,0.9845722856350683,1.0104113717175816,1.0405384392858283,1.0554015011951372,1.0716666637409449,1.0795585743326253,1.0926038585117215,1.0980726569866186,1.1003847442794639
willr_14 >= -6,-0.017319415,98878,7866,91012,10.48,-942.8075702353381,-158.12519598715153,69dfb876a37c1daf9322a675d7db45858b16e638e7217cc78e1177c12ffb23dc,30,-0.007522717118263245,26.3,0.8557668486297609,0.8557668486297609,0.9953131849278578,1.0625732281303835,1.1891462726632867,1.2348898147206897,1.2874957675941734,1.3165957413908629,1.361437234249823,1.3571600617535116,1.3628540276587755,1.3644058321692016,1.3578963550238867,1.4168563494332171,1.4682200167074015
plus_di_14 <= 10,-0.017388958,98878,6231,92647,10.21,-692.3087344057981,-135.6966318044506,14a9c3710fc1b17e882c866201c8dfd17bc6a0c5cee2921d8c0a77ac8ad2afa3,8,-0.019418850541114807,14.27,0.8276936077038913,0.8276936077038913,0.8506388963160403,0.8677009379632297,0.8579971037815053,0.8500257735538426,0.8323985260261476,0.8194883078006467,0.802847740810105,0.79819970765852,0.7992238566026799,0.8107159519485279,0.8182859135873775,0.8245458793290876,0.8315587701696823
mom_15 >= mom_15_sft_1,-0.017411739,98878,50963,47915,11.86,-8669.464526789026,-1047.21683205734,eaab1708ca388033e741f56742381a7a1263cfafa2fbe8f413d450736cce3e74,30,-0.008106674998998642,27.09,0.8004694168491993,0.8004694168491993,0.8616052278607813,0.9001971311216639,0.9276596183885613,0.9691642005038152,0.9953518941431648,1.0158365422239768,1.031458527947835,1.0444381519717933,1.0622784367981968,1.0812296755606667,1.0979798342407205,1.114311607696278,1.1262627231271978
minus_di_5 <= minus_di_10_sft_1,-0.017456755,98878,59179,39699,11.95,-8698.783201941053,-1154.7215971900878,6ead8d4aff114cb978d2a5e9b1dcb95b84dfa27fd6f0f40b385ac29b242b16ea,30,-0.0029883808456361294,27.34,0.8271008780488929,0.8271008780488929,0.8855860169939186,0.9321694647459916,0.9720067063159669,0.999778358411041,1.0239581029064382,1.046938569947444,1.0640299274781615,1.0749365743843773,1.0898875638187524,1.1041873733917233,1.120605300448809,1.1364567643306744,1.1471395934180861
plus_di_5 <= 1,-0.017456783,98878,1294,97584,7.42,-144.55262430223002,-15.816679823728919,14a9c3710fc1b17e882c866201c8dfd17bc6a0c5cee2921d8c0a77ac8ad2afa3,16,-0.019567273557186127,15.38,0.783306666321382,0.783306666321382,0.7659010290785303,0.7427925670391335,0.7339294773247044,0.7719647643777698,0.8332310029239087,0.8772346134285456,0.8437575322559038,0.8157599868729725,0.7479395789699933,0.7236099134855171,0.7125532875506724,0.707657643063923,0.7597304290515184
aarod_14 <= aarod_5_sft_2,-0.017459001,98878,55983,42895,11.91,-8571.407261994606,-1155.4128280227014,1c17b055d6052442bbc23e9c5f48c3b369df45790e4212d5edae44425931e847,30,-0.010815014131367207,27.02,0.8129785598822984,0.8129785598822984,0.8805288450024564,0.9230123893104532,0.9474279378394523,0.9698788645840694,0.9866282229601345,1.0141554738419065,1.0438329299641635,1.0606364143279738,1.0782067279242662,1.0897214980645302,1.1041467781652,1.1253721592678763,1.140309626031257
aarou_14 <= aarou_5_sft_3,-0.017488334,98878,55026,43852,11.9,-7942.086062123145,-1054.6840741199849,11ecda3140789fc7bb03c4e9ce6db1e36d26d05f5895e9047d4b04d8e05db454,30,-0.00907149352133274,27.08,0.8226031074841966,0.8226031074841966,0.8843390192960024,0.9373145175822344,0.9657553716264716,0.9987411782992986,1.0185447108090073,1.0363427928399687,1.0552040450031344,1.0724239283634596,1.092247687768736,1.1018305570309341,1.1204302161954927,1.1321040144864511,1.145194192130257
aarou_20 <= aarou_20_sft_2,-0.017491942,98878,81106,17772,12.15,-11649.277401539937,-1586.5704252297364,11ecda3140789fc7bb03c4e9ce6db1e36d26d05f5895e9047d4b04d8e05db454,30,-0.006462475284934044,27.31,0.8243400258596317,0.8243400258596317,0.8800580546627957,0.9186188275775333,0.9427176689396025,0.9715406717279039,0.9950943926185688,1.0178492250388813,1.031322822455761,1.0474456949238942,1.062113504871831,1.0770607843323547,1.0917982902179968,1.1075523732931642,1.1171861750749879
mema_5 <= Close,-0.017502615,98878,48310,50568,11.83,-7071.322030935939,-924.6784818543601,7bbedcb317d5c12750ad9ed3d218721554e71f07d9c51daeb72ddac27b693913,30,-0.010820138268172741,26.95,0.8352460645698119,0.8352460645698119,0.9112466810075486,0.9554776443316321,0.9903941147077638,1.022290641569443,1.054438301348142,1.0764809677595428,1.0930951599492258,1.1058348507419586,1.1235026159167392,1.135216476418594,1.1438988877152603,1.1616909228389702,1.180481843063398
willr_5 >= willr_20_sft_2,-0.017512117,98878,51145,47733,11.86,-9647.428693548944,-1115.0050912633014,c76b2a6e6a9f1e35b75e815a28e530490275498e07d600be2da53b82c81b3953,30,-0.009103193879127502,27.05,0.7757176159408254,0.7757176159408254,0.8346914805438559,0.8688843746376237,0.9045264264333418,0.936392964469616,0.9683264867563077,0.9956253272034117,1.0182953475282426,1.0306060834471422,1.0540660241933741,1.0669621456525518,1.078523145859818,1.1000692769143405,1.1145906113784232
aaro_30 >= -83,-0.017520748,98878,89288,9590,12.23,-12285.500114160477,-1702.544234314002,0811e6227d0d089f2d69284c6ea7ddd7761288c8d873ca997aaf34687b2f23f1,30,-0.01577836088836193,27.21,0.8332800756155068,0.8332800756155068,0.8866432793862237,0.9276057034407261,0.958213530194197,0.9855721449384524,1.0110669533745873,1.0314368700798044,1.050458741133693,1.0677025597477834,1.082241946750293,1.095890182973823,1.1101987544288239,1.123068913870109,1.1330151688821015
willr_20 >= willr_10_sft_2,-0.01753579,98878,49547,49331,11.84,-8352.338967125623,-1036.533325516466,c76b2a6e6a9f1e35b75e815a28e530490275498e07d600be2da53b82c81b3953,30,-0.014964599162340164,26.78,0.8008425974860095,0.8008425974860095,0.8583219339036667,0.8943028145909085,0.9307169501746203,0.9600759797440618,0.9911181689613787,1.0143127707787907,1.0392950331355084,1.0487322160884536,1.0670912267699708,1.0821477120703862,1.0861588490014902,1.0995468967318531,1.1124399316040545
plus_di_5 >= plus_di_14,-0.017589336,98878,40562,58316,11.72,-6296.929161410633,-777.6895933748892,e29890bc12ea37e8ab50982e55f5d20643af7c43a2ddc27569a065e219a2f597,30,-0.005216518882662058,27.17,0.8148636337266661,0.8148636337266661,0.8895076836169559,0.9340637164928085,0.9787909675056832,1.0046496292465987,1.0314081141504818,1.0529416114304226,1.0754398883628553,1.0880066547306635,1.0988996298941918,1.1045273718823732,1.1103882450042035,1.1213934579569926,1.1391074684981461
plus_di_10 <= 3,-0.017744629,98878,902,97976,6.32,-107.7911399831064,-8.575058934962726,14a9c3710fc1b17e882c866201c8dfd17bc6a0c5cee2921d8c0a77ac8ad2afa3,4,0.0,0.0,0.7679471291950823,0.7679471291950823,0.6902600974477148,0.7065235300439394,0.7370586973779892,0.7343278357208801,0.7345282084910797,0.7382697825047935,0.7085002516650177,0.658132409093313,0.6124639940317961,0.6201300886013881,0.6274348750352975,0.641907069357614,0.6810234556824329
bb_lower_2_20 <= Low_sft_1,-0.017753372,98878,90309,8569,12.24,-12309.202180836179,-1707.1385956750455,b7ad82b511400bed7e0b17748ce288ee8f3f2ede56b33dfde9aebcf2610f7a03,30,-0.007511454168707132,27.34,0.8347255763158801,0.8347255763158801,0.8920284263880114,0.9280276667020153,0.9598872387093301,0.9886253193663551,1.0126310443291444,1.0344108955523785,1.0538125135389653,1.0713292225284046,1.086526546432467,1.1015318653543724,1.116611991721264,1.1301404647079778,1.1421880260184698
willr_5 >= willr_14,-0.01775457,98878,56989,41889,11.92,-8900.662401643287,-1197.7587671350266,c76b2a6e6a9f1e35b75e815a28e530490275498e07d600be2da53b82c81b3953,30,-0.006815304048359394,27.18,0.8018437135424892,0.8018437135424892,0.8613934215630856,0.8939294956126123,0.9291801911144539,0.9590867987210551,0.9827820765386114,1.0043281392467218,1.021183798779836,1.0375720121105934,1.0543331577208008,1.0701772296125522,1.0867158327791921,1.1040806443389926,1.1159559592692732
plus_di_20 <= plus_di_14_sft_1,-0.017759262,98878,44807,54071,11.77,-6029.793923700527,-839.4936460360332,bd972efc927c87708f479b3c989a305bfeb89b6aa0381d01606955fa59f6baca,28,-0.00938512198626995,26.51,0.8345505601459366,0.8345505601459366,0.8981993851476047,0.9380991741726492,0.9681803219914596,0.9950475895763287,1.0114099605348075,1.033183754640185,1.0443666390012423,1.0523849520571849,1.0590944106109323,1.0640353960149398,1.0788416543296253,1.0904096123495985,1.0851798963462764
minus_di_10 >= 10,-0.0177726,98878,88374,10504,12.22,-12212.574777958074,-1793.1559899442145,a06e18f5f366aa3040f30d3f53c74e6c3d30e6b8f15e9282eabbaa7fe9dd85a0,30,0.019551297649741173,27.75,0.8267160319973695,0.8267160319973695,0.8795083690173838,0.9184633222329395,0.9486918903280356,0.975530203149364,0.9989108177052908,1.0244034304731364,1.0478824691832722,1.0657295176197694,1.0808355918323267,1.0937785372559592,1.107918912240767,1.1218751985504216,1.134149021677079
minus_di_20 >= 20,-0.017789723,98878,58639,40239,11.93,-8371.482551124296,-1247.403806838105,a06e18f5f366aa3040f30d3f53c74e6c3d30e6b8f15e9282eabbaa7fe9dd85a0,30,0.024799928069114685,28.36,0.8099077851834044,0.8099077851834044,0.8615344816053335,0.8918562969774345,0.9188962426874934,0.94740134115229,0.9779808932075595,1.0095931485746839,1.0394692665282435,1.0705734405348353,1.0958817106754841,1.1215795843246557,1.1390587955823104,1.1531984097779002,1.1693058611096159
minus_di_14 <= minus_di_14_sft_1,-0.01779281,98878,69724,29154,12.04,-10885.601458517773,-1375.1872153612203,6ead8d4aff114cb978d2a5e9b1dcb95b84dfa27fd6f0f40b385ac29b242b16ea,30,-0.010870544239878654,27.13,0.8149929448817719,0.8149929448817719,0.871056117815306,0.914925727438083,0.9498876816206321,0.9779231839745172,1.0062704952754804,1.027041445021053,1.0438536267029805,1.0583257821440533,1.0726705489333443,1.0900690676186362,1.098662765101678,1.1136897242548964,1.129782535539308
aaro_14 >= aaro_30_sft_1,-0.017795175,98878,50772,48106,11.85,-8035.151514091581,-1057.3027695214405,fa1fba1a54e25d7a96ab29b0d7c633f260580ef2319f10dc44e85c501c26793f,30,-0.007406582590192556,27.12,0.8074807217647617,0.8074807217647617,0.8688099450663439,0.9091509520298308,0.9412679797031209,0.9663952038858186,0.9928288372050197,1.019992174628832,1.0473490747752927,1.065821696015188,1.0850379257793974,1.0987348270372033,1.1082436597738843,1.1127649445217913,1.1159923279897024
adx_10 <= adx_10_sft_3,-0.017841117,98878,52321,46557,11.86,-8936.335252486082,-1050.5310287044558,234f8ad1c2baf91b95c9f1aef2798b533888ce55558d2a8e51c247014080fabc,30,-0.011826330795884132,26.95,0.789830333575847,0.789830333575847,0.83916591001487,0.8583296065680243,0.8836959266441086,0.9186654723914415,0.9535540553534688,0.9838396816697202,1.0069384663289818,1.024890736186266,1.0448808628336999,1.0575941988532245,1.0669361173773593,1.0807388204421249,1.0949370924789437
atr_20 >= atr_14_sft_2,-0.017853944,98878,57721,41157,11.92,-9310.928923105428,-1209.2357487849658,532171b4b026df3b7d23c8264137467a8cc80a53ca41565a8c760a4fc7c55907,30,0.004207470454275608,27.6,0.7998043533391698,0.7998043533391698,0.8634597846534979,0.8983569098459483,0.9301084525264047,0.9557152441700135,0.9775397464337422,0.9952062105496741,1.0115621489904467,1.0265699105095616,1.0383895562864198,1.0514663067798604,1.055926281367625,1.0603025324878361,1.0648810797283295
rsi_20 <= rsi_2_sft_2,-0.017860528,98878,48486,50392,11.82,-6512.87134341956,-918.4282951737841,f60792ba6ac5baece5de7ac90117c85055d233a86016db65a9b1851d8a518ee9,30,-0.007024868857115507,27.13,0.8363044406302992,0.8363044406302992,0.8954751794303253,0.9411035322792163,0.9807353195553721,1.0183358211565723,1.0491067551439683,1.07275888222275,1.0832918472122741,1.1053838396311426,1.1198703898797635,1.1238324753935722,1.1423894567849344,1.155827809056886,1.160763811149391
adx_20 <= 10,-0.017939545,98878,3905,94973,9.5,-737.2523824534001,-78.60035192291252,3c92cb65188a6807549ad02f373e5063a01a53cbce3d2b8fe4af860199995f57,24,0.008830131031572819,27.63,0.7344781655144311,0.7344781655144311,0.7655860731836489,0.8035093482285393,0.8535609476810933,0.9109079861914052,0.9818294488103493,1.0602036411226858,1.100217033775356,1.1084683542357383,1.1357943568965772,1.1446605458057284,1.128952023514837,1.1087816841158058,1.0893815177952342
willr_10 >= -17,-0.017941723,98878,18540,80338,11.19,-3091.64844913462,-374.83088649665297,69dfb876a37c1daf9322a675d7db45858b16e638e7217cc78e1177c12ffb23dc,30,-0.009017051197588444,26.61,0.8115130765904853,0.8115130765904853,0.8950692123061429,0.9615066962894416,1.035229214143846,1.0903036116884022,1.1307422825163638,1.1568711735332844,1.1813236122223159,1.2029730908150669,1.2215578611475149,1.2228970728865483,1.2272348401880249,1.251644635390428,1.2833357726365222
mema_50 >= Open,-0.017945183,98878,51258,47620,11.85,-8492.299890535156,-1137.0094448063974,e056f67ffdc4fcdd46304a8987eda83c67de4a08c6d89f02fc25cc7938d2eaf8,30,-0.011644628830254078,26.94,0.7840055920315334,0.7840055920315334,0.8059866140480203,0.8204701624054853,0.8400432457158453,0.8544666215844167,0.8666632794825448,0.8786194855801585,0.8903908927459818,0.9058148389664774,0.9259930852775414,0.9410786931633556,0.9521123008379949,0.9587097929473498,0.9704845951063494
aaro_14 >= aaro_30_sft_2,-0.017959606,98878,50689,48189,11.84,-7843.148476733078,-1040.6514064804069,fa1fba1a54e25d7a96ab29b0d7c633f260580ef2319f10dc44e85c501c26793f,30,-0.006600137334316969,27.16,0.811277431728954,0.811277431728954,0.8722847642898329,0.9110221575589833,0.945071717760813,0.9686143500777472,0.9927988471918803,1.0207071590375958,1.0462828913742372,1.064323669060471,1.0822404931634122,1.09502628116615,1.103302667726587,1.1101091975041253,1.1157447532850453
adx_10 >= adx_14_sft_1,-0.017963037,98878,78333,20545,12.11,-9629.056158689,-1486.861637429458,fd7b69234972b511c2e03a174ce4b77d38140d5e70cabc298bd88fa9bb05adbf,30,-0.0019238025415688753,27.4,0.8461784501137296,0.8461784501137296,0.904587435834603,0.9445864009185932,0.9747058038621543,0.9949589615973768,1.014552944851944,1.032991302919716,1.047170819849353,1.058681783335812,1.0750713370836797,1.091424360451936,1.105707693779766,1.1189502395316138,1.1304109009637973
minus_di_14 >= 16,-0.017971504,98878,73896,24982,12.07,-11109.279958285835,-1553.490985859411,a06e18f5f366aa3040f30d3f53c74e6c3d30e6b8f15e9282eabbaa7fe9dd85a0,30,0.02421603538095951,28.07,0.8060902718889528,0.8060902718889528,0.8595635412631077,0.8914613260202003,0.9166936548133681,0.9472479641380327,0.9735514785483408,1.0026810867912863,1.0275940732796123,1.0558952675152755,1.0772842943777101,1.095373280967506,1.1120559388023716,1.1270325107466725,1.1404127172764118
aaro_20 >= -84,-0.018005433,98878,89278,9600,12.22,-13086.308064669302,-1709.1395420538756,0811e6227d0d089f2d69284c6ea7ddd7761288c8d873ca997aaf34687b2f23f1,30,-0.016402991488575935,27.2,0.8248655316870285,0.8248655316870285,0.8787479129032386,0.9161665042226262,0.9492080947383832,0.9741479008671796,0.9963354858454534,1.016487410147925,1.033999737228879,1.05015277714553,1.0644700428271126,1.0784143264914272,1.0926802408873795,1.1069715655466588,1.1219747690783164
willr_30 <= -4,-0.018037662,98878,93546,5332,12.28,-13780.119079424348,-1846.7498520282243,c087f74a8ef9fdefe2bfbfe4c42e7c177e68996d73089fae9a8de15f5638210d,30,-0.008893811143934727,27.35,0.8203156358463154,0.8203156358463154,0.8710018199123529,0.9091813783030217,0.9372185568173627,0.9660136626889871,0.9909645035205821,1.012267188343533,1.0298414430638652,1.0476093920263523,1.0623396733305173,1.0764918195180115,1.0898980728531746,1.0997118093332596,1.1094367454209297
adx_20 <= 11,-0.018061783,98878,6621,92257,10.19,-1235.3913253434584,-136.79165584639122,3c92cb65188a6807549ad02f373e5063a01a53cbce3d2b8fe4af860199995f57,24,0.00014544115401804447,25.75,0.7335149930805834,0.7335149930805834,0.7677309556772762,0.7994450422803789,0.8255001732556767,0.8769614220321345,0.9355454845757647,0.9753083261926202,1.0122195056654724,1.040602962403455,1.0646475564939986,1.076450502613156,1.070516801014427,1.0473708952704452,1.0408395728423663
adx_5 >= 13,-0.018088762,98878,98548,330,12.38,-12429.323372175906,-1900.699999992583,4118d96628e9d7109ca1b25b71d8f7665de5864ad974c7631ea4a76d380fc96f,30,-0.016674192622303963,27.4,0.8479700022678289,0.8479700022678289,0.9009709957352232,0.9386527545337805,0.9694091092264211,0.9949141921481102,1.0159447556085834,1.0332678670096525,1.0498680318490279,1.0659913844551183,1.080772581456711,1.0945404985266918,1.108197177557472,1.1210531183890189,1.1338826416140244
minus_di_5 <= minus_di_14_sft_2,-0.018093139,98878,56169,42709,11.9,-8067.399951068581,-1098.7486125179203,6ead8d4aff114cb978d2a5e9b1dcb95b84dfa27fd6f0f40b385ac29b242b16ea,30,-0.006796432659029961,27.18,0.8302011896492952,0.8302011896492952,0.8909055835626767,0.9325121375239062,0.966307382851957,0.9933864978975809,1.0226759731373896,1.045329543115767,1.0628970910395563,1.074180663457615,1.0887504645705466,1.1024231062217738,1.1138803576406466,1.1265408468560763,1.1406537150776592
willr_20 >= willr_5_sft_3,-0.01809843,98878,48896,49982,11.81,-8300.782853383935,-1012.5700391019636,c76b2a6e6a9f1e35b75e815a28e530490275498e07d600be2da53b82c81b3953,30,-0.011082162149250507,26.94,0.8021844994434214,0.8021844994434214,0.8678278320849533,0.9052430568342608,0.9421603330379207,0.9728274596938639,1.0094307323210554,1.0346775545487936,1.0491696133800292,1.0659474871212298,1.0870925485908316,1.0953321713575217,1.1019022578009197,1.113277600719987,1.1342640566522366
aaro_30 <= aaro_20_sft_2,-0.018106312,98878,51472,47406,11.85,-7682.1886337660835,-1050.4455550770508,03178e4886fc07979b0c314ad9c68ba2f86b07645c5f6bfdb6bc96b9669a3c24,30,-0.010817811824381351,26.98,0.8176733851903085,0.8176733851903085,0.8833136166383875,0.9266151836341905,0.9545397349420129,0.982897677913011,1.01011578247075,1.0296956864180773,1.0493839713042838,1.0588658583667772,1.0599224573103045,1.0628200464541209,1.0694374923966457,1.0817661513735481,1.0925413559276893
plus_di_20 <= 5,-0.018106345,98878,569,98309,4.57,-83.79760259739123,-6.8541749064970645,14a9c3710fc1b17e882c866201c8dfd17bc6a0c5cee2921d8c0a77ac8ad2afa3,4,0.0,0.0,0.7144790907520578,0.7144790907520578,0.666465175480822,0.6629821339214207,0.7024482315728909,0.6657560051581566,0.6569180950849293,0.6493291253703816,0.6121785982369444,0.60859299906655,0.596443329817733,0.6218014587519128,0.6361711368467697,0.6548122411224595,0.6978568028485561
plus_di_10 <= 5,-0.018113261,98878,2161,96717,8.42,-171.14210745891387,-22.277713718183804,14a9c3710fc1b17e882c866201c8dfd17bc6a0c5cee2921d8c0a77ac8ad2afa3,4,-0.018113261088728905,8.42,0.856885180833496,0.856885180833496,0.8152881583247761,0.82519202466855,0.7922648149433282,0.8018608977059735,0.8414117141859553,0.8553372721340428,0.8217104158433138,0.789947045213636,0.7408732725912454,0.6884492822102849,0.6725479563443034,0.673399702887934,0.6912499336238888
plus_di_30 <= plus_di_5_sft_3,-0.018114725,98878,39769,59109,11.69,-5347.514910350401,-744.5551801367183,bd972efc927c87708f479b3c989a305bfeb89b6aa0381d01606955fa59f6baca,30,-0.01407768577337265,26.68,0.8344664172382767,0.8344664172382767,0.8995777376848859,0.9396882993537836,0.9767536146212633,1.0052147101333908,1.0231168061768872,1.040705977229258,1.045674556578906,1.0476953146571386,1.0561898693044236,1.062133364061399,1.0810688005149949,1.0806960737572469,1.087575499578915
minus_di_10 >= 12,-0.01811718,98878,83406,15472,12.16,-12425.745966012171,-1721.683366147743,a06e18f5f366aa3040f30d3f53c74e6c3d30e6b8f15e9282eabbaa7fe9dd85a0,30,0.019917508587241173,27.83,0.8127334886388606,0.8127334886388606,0.867910244669587,0.904454906225316,0.9330413412431008,0.9604951465598082,0.9835200599440075,1.0101992691389523,1.0332058529424317,1.0535688840577935,1.0699834025095016,1.085608856773114,1.1006590941598895,1.1136472747890005,1.1267538150654235
aarou_30 <= aarou_30_sft_3,-0.018147845,98878,79456,19422,12.12,-11356.175924558873,-1535.281495789568,11ecda3140789fc7bb03c4e9ce6db1e36d26d05f5895e9047d4b04d8e05db454,30,-0.010533277876675129,27.21,0.8233516377508887,0.8233516377508887,0.878362277298094,0.9135155850050506,0.9384108488327846,0.9605098821692103,0.9836726379907897,1.0030854441080908,1.0204990405339007,1.038728885040126,1.054229758700716,1.0666240280069992,1.0840383985495687,1.0959067604329964,1.106404317621727
plus_di_10 >= plus_di_14,-0.01815195,98878,41082,57796,11.71,-5995.3271307246905,-773.315444168642,e29890bc12ea37e8ab50982e55f5d20643af7c43a2ddc27569a065e219a2f597,30,-0.007722924463450909,27.04,0.8250113422272968,0.8250113422272968,0.8996970252634718,0.9480511920007224,0.9875543372314152,1.015225405695632,1.0344527347819432,1.0491605830606177,1.0556451448833488,1.056776002826463,1.0629238598582953,1.0647890951858743,1.0741693758483313,1.0883058703326818,1.1017081223701854
bb_lower_2_10 <= Close_sft_2,-0.01816339,98878,98106,772,12.37,-12488.445351585735,-1895.2659489809084,df72ac6ad143ee2de1e2f75f64629a9e84f7c48f59b8dcd8dbbfbb16a74d883c,30,-0.011104746721684933,27.4,0.8466907575742199,0.8466907575742199,0.9005051235089081,0.9389609166511044,0.969464541395396,0.994870047681642,1.0165203346070768,1.0338057236515412,1.0502543737002004,1.0657702625026657,1.0805896078860495,1.0948379550363245,1.1084993380454808,1.1214033581978822,1.1339566892910733
willr_10 >= -12,-0.018164117,98878,13796,85082,10.93,-2156.3532809094904,-280.63617508664174,69dfb876a37c1daf9322a675d7db45858b16e638e7217cc78e1177c12ffb23dc,30,-0.010419878177344799,26.29,0.8214569852408834,0.8214569852408834,0.918959149119949,0.9860714586362369,1.057536738973283,1.119071429128423,1.1544827674372513,1.1744038719808494,1.1978690990767116,1.205961334999876,1.2128806315438185,1.216470724119735,1.2208617347263095,1.2350653324429428,1.2693099756308317
aaro_30 <= aaro_20_sft_1,-0.018186457,98878,51595,47283,11.84,-7943.30111016806,-1062.1094972030915,03178e4886fc07979b0c314ad9c68ba2f86b07645c5f6bfdb6bc96b9669a3c24,30,-0.012849653139710426,26.9,0.8128409015759591,0.8128409015759591,0.8741371440337121,0.9179968327277049,0.9503360855099086,0.9756739485412492,1.0028743800619369,1.0247794171783733,1.0431978146683814,1.0530403109827622,1.0581924867074266,1.0647958479611486,1.0697001772439596,1.0784397557768644,1.09204901381198
aarou_5 >= aarou_14_sft_1,-0.018201195,98878,52352,46526,11.85,-8135.661145309106,-1067.5218277117892,0f031b3780e6467809600593d6806420193325d9573f332c17b627db66a26893,30,-0.005719978362321854,27.2,0.8117890101595647,0.8117890101595647,0.8648815698799758,0.9023954501446434,0.943740119176803,0.9868269524418061,1.013671713855154,1.0329830641774622,1.0509783911858588,1.0714016924267311,1.0860681049640075,1.099636686895583,1.1153974868402783,1.1278398851165952,1.1480332232547383
aaro_14 >= -92,-0.01822379,98878,92047,6831,12.25,-12899.185759612381,-1795.7569150849085,0811e6227d0d089f2d69284c6ea7ddd7761288c8d873ca997aaf34687b2f23f1,30,-0.011549772694706917,27.3,0.8322889949454444,0.8322889949454444,0.889802336211217,0.929165359800692,0.956895931094213,0.9796189767559768,1.0031806332238524,1.024048224627354,1.0407940629896495,1.0592366740165424,1.0761352088544778,1.0912708846979957,1.1038614321113176,1.1157376900304836,1.1258532617580963
aarod_20 <= aarod_20_sft_3,-0.018233025,98878,75850,23028,12.09,-11309.787296909839,-1498.830644955713,1c17b055d6052442bbc23e9c5f48c3b369df45790e4212d5edae44425931e847,30,-0.011849102564156055,27.15,0.8194355016246422,0.8194355016246422,0.877743224940459,0.9160400890257118,0.9483898036780141,0.9804767891653448,1.0073781584536827,1.026149077304044,1.0432601021576882,1.0586669114752436,1.0738657068885162,1.0845856178402622,1.0962150231541585,1.1023967142356343,1.1140527071436628
aarod_5 >= 1,-0.018235564,98878,76834,22044,12.1,-9787.228552999015,-1544.501259325516,b82d31c42ba12f67088cc35b02af2c43923426c209765223c68a8f342f6f6146,30,-0.01388738676905632,27.11,0.8401176290943968,0.8401176290943968,0.8978622937571203,0.9356745621919179,0.9622894696328702,0.9902453557719779,1.0106662225981904,1.0229930293773646,1.0395653338980664,1.0541241310710572,1.0709195027452785,1.0817093659851729,1.090685157140915,1.1068026251289274,1.1186856726852512
plus_di_30 <= plus_di_5_sft_2,-0.018237032,98878,39606,59272,11.68,-5266.762143795633,-711.19345259088,bd972efc927c87708f479b3c989a305bfeb89b6aa0381d01606955fa59f6baca,28,-0.009002961218357086,26.48,0.8366999595429322,0.8366999595429322,0.8965196186273328,0.9461852720602703,0.977159639937622,1.0069378332841081,1.0238597944351486,1.0349868504430155,1.0480298610481806,1.0563814465839907,1.0564009493367335,1.0625875195914698,1.0759482958832747,1.0910300315188441,1.087530321348179
rsi_20 <= rsi_2_sft_1,-0.018241987,98878,48520,50358,11.81,-7142.272460350381,-941.0566079872515,f60792ba6ac5baece5de7ac90117c85055d233a86016db65a9b1851d8a518ee9,30,-0.007629141211509705,27.1,0.8209738120202256,0.8209738120202256,0.8862861026172572,0.922408344526197,0.9667389175904376,1.0045315292049781,1.0368632466383967,1.0594671634195736,1.0788983215500096,1.0904006697319888,1.1101526009777964,1.119926721571245,1.1373497927015395,1.1491165183202696,1.1577442781987355
rsi_20 <= rsi_5_sft_3,-0.018276846,98878,47807,51071,11.8,-5385.3414154102575,-869.3134090918247,f60792ba6ac5baece5de7ac90117c85055d233a86016db65a9b1851d8a518ee9,30,-0.0038368022069334984,27.27,0.8585615060902966,0.8585615060902966,0.9148531597890923,0.9645780350728702,0.9996879959556517,1.0277866503755553,1.052318291647388,1.0723830123676708,1.082692979684498,1.100105854745753,1.1082712099118366,1.1212691942986248,1.1376203427473046,1.1419128383937105,1.1436427277536947
adx_10 <= adx_10_sft_2,-0.018289095,98878,51978,46900,11.85,-9057.068576240134,-1045.711158907783,234f8ad1c2baf91b95c9f1aef2798b533888ce55558d2a8e51c247014080fabc,30,-0.010408645495772362,27.0,0.785792375500567,0.785792375500567,0.8431635188704012,0.8642572591856685,0.884280447121205,0.9231480504980455,0.9564819438418591,0.9843772064625179,1.009102238721748,1.0318107202102433,1.0516585341938456,1.0658420817539698,1.0760292511492253,1.0906500783376145,1.1021388141874722
mom_2 >= mom_20,-0.018304897,98878,51281,47597,11.84,-9238.853890454895,-1218.3646917565202,eaab1708ca388033e741f56742381a7a1263cfafa2fbe8f413d450736cce3e74,30,-0.003902513300999999,27.28,0.772833382626436,0.772833382626436,0.8149452841780873,0.843478676464815,0.865547109225214,0.8826445527138541,0.9015409360510261,0.9213475093151272,0.9444810075627781,0.9670261748497395,0.9913170754973456,1.0149566437853283,1.0306166205563212,1.039509142660383,1.053287069668235
aarou_20 <= aarou_10_sft_3,-0.018308206,98878,53698,45180,11.86,-7656.600113778673,-1048.860544430303,11ecda3140789fc7bb03c4e9ce6db1e36d26d05f5895e9047d4b04d8e05db454,30,-0.004976445343345404,27.24,0.8266760004393583,0.8266760004393583,0.8932205508431299,0.9312320976558914,0.9541659928683761,0.9840255230204716,1.0062543082264404,1.035401002568408,1.0496307727653804,1.0665027895192054,1.089201305247506,1.1047901008546381,1.1284395195055477,1.1420802351174915,1.147742152030075
minus_di_10 >= 9,-0.018330274,98878,90514,8364,12.23,-12319.980983691265,-1819.6770030211046,a06e18f5f366aa3040f30d3f53c74e6c3d30e6b8f15e9282eabbaa7fe9dd85a0,30,0.019587300717830658,27.71,0.8298958396064552,0.8298958396064552,0.8836879797060702,0.9214122406460463,0.952583407176963,0.9783317605649008,1.0025303156754177,1.0274741994702887,1.049555305213202,1.066840001959984,1.0816402461722678,1.0946870033164646,1.1097431657813024,1.1244593656931223,1.137893048591097
sma_50 >= High_sft_1,-0.018348891,98878,43322,55556,11.73,-7909.0129333218065,-1017.6625820854024,2a2a894e2395475f18aac8b58b172590d4e9304b0f81f0d6018fc944d30d4b38,30,0.0006535006104968488,27.48,0.7631301830081566,0.7631301830081566,0.7901459206556858,0.8154905532545763,0.8349430628686637,0.8538870717105373,0.8708691082869295,0.8903030989945627,0.9093610067590429,0.9353654336449748,0.9569831273608055,0.9717484686466784,0.9809773524890343,0.9828605790632725,0.9903995764091389
willr_5 >= willr_5_sft_2,-0.018358637,98878,51497,47381,11.84,-8146.214013417681,-1068.6657061330843,c76b2a6e6a9f1e35b75e815a28e530490275498e07d600be2da53b82c81b3953,30,-0.011855204589664936,26.94,0.8124799811214001,0.8124799811214001,0.8766305649697045,0.90344626936496,0.9321888158891064,0.9664766898199597,0.9965273454528559,1.0171574449814813,1.0385270604533365,1.056140179576301,1.0779574657082343,1.097726374239378,1.106120454616715,1.1272923190048303,1.147738602282596
minus_di_30 <= minus_di_30_sft_2,-0.01837114,98878,58825,40053,11.92,-9418.060674762017,-1140.205965821202,6ead8d4aff114cb978d2a5e9b1dcb95b84dfa27fd6f0f40b385ac29b242b16ea,30,-0.012533625587821007,26.98,0.8102644247999508,0.8102644247999508,0.8722579407467987,0.9175647755618144,0.9557392536222729,0.9861125195774104,1.017898048837476,1.04079796007493,1.0609727142910501,1.0691466332171677,1.0820199883759578,1.0980289270233128,1.109374734353866,1.1261817466232915,1.136220790367779
minus_di_20 >= minus_di_5_sft_1,-0.018380646,98878,53964,44914,11.87,-7443.319422767212,-1039.1166093876018,a7c5a511f18bc4bc65b530c22aedd665cbba6e43036caf921c03925c9eff7340,30,-0.010304701514542103,27.03,0.834251013840916,0.834251013840916,0.8904482556008505,0.9333892097070685,0.9645817803938621,0.9974693330299135,1.0266645145519182,1.0472196372353506,1.0620371212524795,1.0766336314573306,1.0922876449192271,1.102931392118169,1.1147779083746383,1.1262747137554028,1.1347485020582433
minus_di_20 >= minus_di_5_sft_2,-0.018408885,98878,53663,45215,11.86,-6966.22026948507,-1004.19191194616,a7c5a511f18bc4bc65b530c22aedd665cbba6e43036caf921c03925c9eff7340,30,-0.00781470537185669,27.12,0.8426687025954777,0.8426687025954777,0.9044834362075612,0.9507107913037258,0.9793416188158606,1.0119332695390406,1.040572009913767,1.0563005293000989,1.0703355986123315,1.0869148723250428,1.100438343314816,1.1129986778263783,1.1250925849270443,1.1391211458743433,1.1447290232094145
willr_10 >= -11,-0.018415675,98878,12877,86001,10.85,-2078.8905903308914,-259.2811061656612,69dfb876a37c1daf9322a675d7db45858b16e638e7217cc78e1177c12ffb23dc,30,-0.010510776191949844,26.23,0.8139416173350369,0.8139416173350369,0.9231120993479801,0.9828014359072458,1.0569062939539313,1.1207849388609428,1.1522924765150662,1.1718176931206359,1.2051909284329352,1.2121419417448378,1.214492932307517,1.2238820082059574,1.2163284878492902,1.2384261212819965,1.2733754495243577
rsi_5 >= 4,-0.01842322,98878,98708,170,12.39,-11769.213373567782,-1886.2078416265722,2aff2363e2a1ac18e5b09edc627fed21347731d4e6d91b606bf5ebf4ed170990,30,-0.010035037063062191,27.43,0.856299387371496,0.856299387371496,0.9144110898696776,0.9513152000329407,0.9803600484943423,1.0053529745962249,1.0275124079301483,1.0447598497824855,1.0592543647412693,1.0743299345880628,1.0883893627221455,1.1013131798738267,1.1145384474313467,1.1266308377703755,1.1390163849581787
stdev_10 <= stdev_5_sft_3,-0.018430881,98878,17325,81553,11.1,-2666.2876011327367,-331.4887719755352,76cc05d7e847d59489f80a379ae9909f097acc0055c98dd465d85c99099ff3c8,30,9.860574209596962e-06,27.45,0.8092639797150358,0.8092639797150358,0.8729179922455651,0.921269267125368,0.9571489984609449,0.9897736267178361,1.0226613821995545,1.0345399043011756,1.0489179126441002,1.0603279912112564,1.0723007491004057,1.0850290911362592,1.1057031355299105,1.1121465327112212,1.1225605274684682
minus_di_30 <= minus_di_30_sft_3,-0.01845011,98878,55487,43391,11.88,-9136.551103888558,-1108.230942093498,6ead8d4aff114cb978d2a5e9b1dcb95b84dfa27fd6f0f40b385ac29b242b16ea,30,-0.011388947255909443,27.0,0.8055858890754899,0.8055858890754899,0.874608451125325,0.9224044295562649,0.9581055597622088,0.9889890278640693,1.0197923564150906,1.0434581021361582,1.06093638879638,1.0667367626258208,1.083214696144183,1.0950096208703286,1.1044737372388762,1.1206088218293069,1.127959112692687
plus_di_5 >= plus_di_20,-0.018468617,98878,40189,58689,11.68,-6188.9925377709005,-771.5329488731732,e29890bc12ea37e8ab50982e55f5d20643af7c43a2ddc27569a065e219a2f597,30,-0.009129070676863194,26.95,0.816390854848352,0.816390854848352,0.8912212765606141,0.9359519605888448,0.9771046395508606,1.0040992986866932,1.029339026468648,1.047652060093335,1.0642517157998395,1.0743713193247457,1.0814268195033716,1.0807849027025107,1.0863068489469545,1.0973345366864993,1.1141075136805851
stdev_14 <= stdev_14_sft_1,-0.018472929,98878,52524,46354,11.85,-8023.000666968616,-1041.6810137845096,76cc05d7e847d59489f80a379ae9909f097acc0055c98dd465d85c99099ff3c8,30,-0.00863710604608059,27.08,0.8094489521510563,0.8094489521510563,0.8682522464336535,0.9027441465675428,0.9229239114352542,0.9525177295533851,0.9850241272493162,1.0092852253141968,1.0265879394375148,1.0443843146235368,1.0643229653969224,1.0846878353625244,1.0952095023075328,1.0993886850562564,1.1025819699439123
plus_di_30 <= plus_di_20_sft_3,-0.01855887,98878,44912,53966,11.75,-6198.477267418501,-878.5614723821709,bd972efc927c87708f479b3c989a305bfeb89b6aa0381d01606955fa59f6baca,30,-0.021897781640291214,26.37,0.8260791629103301,0.8260791629103301,0.8718905818458851,0.8973205525818406,0.9204919005073453,0.94314292066501,0.9597954831513034,0.9767751152022978,0.9886615426222747,1.0002134943877146,1.0055335226518687,1.0182984032026376,1.0338520790918413,1.0335204086653573,1.0476924723460697
mom_2 <= mom_5,-0.018561134,98878,51411,47467,11.83,-6239.672448819263,-945.7211570117943,99b230403b43b61a62d1e1bb62b812e1617b1ac927f76ee434dad8be358b43f3,30,-0.011600236408412457,26.95,0.855842925582398,0.855842925582398,0.9207048095101155,0.9740539768094167,1.0096201284943098,1.0426581060736313,1.070534227685419,1.0921538800998372,1.1042965251223036,1.1165983194436435,1.1290442690300102,1.1303144412400237,1.1518591143156658,1.1660934359228075,1.17154709733697
atr_10 >= atr_5_sft_1,-0.018577984,98878,58987,39891,11.91,-10407.620549964038,-1262.3436615734608,532171b4b026df3b7d23c8264137467a8cc80a53ca41565a8c760a4fc7c55907,30,-0.017737209796905518,26.79,0.7798527310437442,0.7798527310437442,0.8405677079818338,0.8804151935302525,0.9077980020377352,0.9267622496906109,0.949383468041355,0.9680883030198638,0.9859942199291268,1.0081618083451793,1.021120659956536,1.0342574641211855,1.0503103964873117,1.0588332374827865,1.0734916158205743
willr_30 >= willr_20_sft_2,-0.018583983,98878,49749,49129,11.81,-8677.243774981362,-1026.5848843409985,c76b2a6e6a9f1e35b75e815a28e530490275498e07d600be2da53b82c81b3953,30,-0.011403780430555344,26.94,0.7931428036529925,0.7931428036529925,0.8537724315997838,0.8913761995618319,0.9264149243075579,0.9609736147032666,0.990266658574701,1.0167839804675405,1.037720631787749,1.0458461828633243,1.0646888636177414,1.0813986135018485,1.0922365714055382,1.1159760994657135,1.1314509606053051
willr_10 >= willr_14_sft_2,-0.018598206,98878,50829,48049,11.82,-9110.617629761568,-1063.7243264520366,c76b2a6e6a9f1e35b75e815a28e530490275498e07d600be2da53b82c81b3953,30,-0.010156754404306412,27.0,0.7861290705316988,0.7861290705316988,0.8411433417798637,0.8719043355622381,0.9044854675799172,0.9326922860036396,0.9660674164335635,0.9852969381356047,1.011689359922858,1.0304647830925364,1.059692032720789,1.0786500167660686,1.0876929733247556,1.106841365915777,1.1233882579257726
mema_50 >= Close_sft_1,-0.01865906,98878,51247,47631,11.83,-8578.39937932384,-1140.1741430047914,1e15dac9f18b8bc737934702402ffb02b545ee7fbda8772d4c0156705e9d2a44,30,-0.010555059649050236,26.99,0.7816498680993665,0.7816498680993665,0.8072612872176068,0.8242615518393863,0.8390854242091078,0.8530877999034064,0.8678036111445643,0.8782756810285353,0.8888483125912868,0.9044889573617821,0.9244521824896498,0.9434988904333778,0.9547749034953922,0.9628655372109715,0.973122913096095
bb_lower_2_30 >= bb_lower_2_30_sft_2,-0.018814964,98878,51179,47699,11.82,-7499.127828526905,-883.4707665261303,14f3c68ebc76bb97608c90e96e22d07d8e6617ab0d939b3b0b66c54f45811d90,30,-0.01143157109618187,26.95,0.8170034305454564,0.8170034305454564,0.8786357692421262,0.9251653646414645,0.9546934065222592,0.9961056165119863,1.0229751365621953,1.0513835883310576,1.0797882512112928,1.1007343935763458,1.1106633387984708,1.1189996520018495,1.1209562725373585,1.126563437388181,1.1406664484890174
minus_di_10 >= 8,-0.018815456,98878,92365,6513,12.25,-12524.03514975627,-1862.0183840003301,a06e18f5f366aa3040f30d3f53c74e6c3d30e6b8f15e9282eabbaa7fe9dd85a0,30,0.020145434886217117,27.68,0.831112957123856,0.831112957123856,0.887959338088471,0.9253870278381231,0.9553082156843887,0.9824485067952907,1.008524768928132,1.034727370379765,1.0542360259861963,1.0698149887948645,1.0851963665970894,1.0982261846220582,1.1119975463868472,1.1264649748354465,1.1395623217156654
aarod_14 <= aarod_14_sft_3,-0.018817851,98878,72642,26236,12.05,-11019.608139606455,-1473.4612808548773,1c17b055d6052442bbc23e9c5f48c3b369df45790e4212d5edae44425931e847,30,-0.004134722985327244,27.33,0.8178627621762329,0.8178627621762329,0.8781955014304395,0.9215156311081034,0.9457613010379363,0.9733110646171028,0.9976502407719067,1.0221665349373148,1.0454643143297053,1.0613516345136427,1.07677638711746,1.0871515120593154,1.1008614080562713,1.1130311155291628,1.1225149371870409
bb_lower_2_20 >= bb_lower_2_20_sft_1,-0.018832384,98878,51334,47544,11.82,-8095.856538812892,-956.312706502722,14f3c68ebc76bb97608c90e96e22d07d8e6617ab0d939b3b0b66c54f45811d90,30,-0.008146042935550213,27.1,0.807781325850234,0.807781325850234,0.8675650578774506,0.9070908442696699,0.9369668301066816,0.9702520543587851,0.9969021921108426,1.0213292598936168,1.0451517339389034,1.06650801606775,1.088254190253549,1.1030950732659308,1.1117490878496876,1.1179911565366523,1.1256303058493968
stdev_14 <= stdev_5_sft_1,-0.018835394,98878,11815,87063,10.73,-2366.009994504333,-237.85263199737528,76cc05d7e847d59489f80a379ae9909f097acc0055c98dd465d85c99099ff3c8,30,-0.012200916185975075,25.97,0.7571199296892085,0.7571199296892085,0.812182405833686,0.8651272197923615,0.8914198176624687,0.8875990962990692,0.8847323897647557,0.9136732511525663,0.9562281425131061,0.9709339386076477,0.9822555912889694,0.9930308726645842,1.0264917004019183,1.052148689544986,1.058378348473877
stdev_20 <= stdev_10_sft_2,-0.01883825,98878,15166,83712,10.96,-2090.106678603508,-291.8339034256205,76cc05d7e847d59489f80a379ae9909f097acc0055c98dd465d85c99099ff3c8,28,-0.006668426096439362,26.27,0.8194476296524049,0.8194476296524049,0.8605517895822855,0.8674841109096082,0.8751740396369398,0.897989469919638,0.9162277082779761,0.9417171092550032,0.9697302601159586,0.980752859931506,0.987911456453606,0.9995524392939187,1.0138326869497287,1.021796653717173,1.0144373228875783
rsi_10 >= rsi_10_sft_3,-0.018838568,98878,49404,49474,11.8,-9091.944580552306,-1067.754104542364,9c5304fe9d592b70a0c6b3286ed47e7bf2dda0b94ec7966217da111653dec0de,30,-0.01427351962774992,26.81,0.7858974486427679,0.7858974486427679,0.8555030281143932,0.9026426249279188,0.9388499508489481,0.9710841638438982,1.0061296114894227,1.0292979042836334,1.0483101222480509,1.0636778714794102,1.0789374060198937,1.093557690128289,1.0969391235363448,1.1209675204230458,1.1383015466332054
plus_di_14 <= 14,-0.01885562,98878,16249,82629,11.02,-2266.39637143733,-375.79479990553955,14a9c3710fc1b17e882c866201c8dfd17bc6a0c5cee2921d8c0a77ac8ad2afa3,30,-0.020275617018342018,25.4,0.7984489299703957,0.7984489299703957,0.8435127092203142,0.8720804363486415,0.8857777841348103,0.8925624698529915,0.8988273915408169,0.9034638241867669,0.9144407707368707,0.9258530563670296,0.9370411061723558,0.9513175620866037,0.9544736252254651,0.961863517840972,0.9659996100678087
minus_di_20 >= minus_di_5_sft_3,-0.018868625,98878,53354,45524,11.84,-6840.546062308575,-1006.4452813641765,a7c5a511f18bc4bc65b530c22aedd665cbba6e43036caf921c03925c9eff7340,30,-0.011684557422995567,26.96,0.8426297384559246,0.8426297384559246,0.9071369487781941,0.9517814531766056,0.9854567527116398,1.015148507071716,1.034870702582591,1.0494607053679892,1.0641991524858847,1.080695722466338,1.0918769148250673,1.1039754156067534,1.1146933145679154,1.1226157870048166,1.1322232938758137
plus_di_5 >= plus_di_20_sft_2,-0.018876946,98878,39144,59734,11.65,-6516.961331260332,-771.6642252558886,e29890bc12ea37e8ab50982e55f5d20643af7c43a2ddc27569a065e219a2f597,30,-0.0079731997102499,27.01,0.8004235058922026,0.8004235058922026,0.8792774297345926,0.9218791228341913,0.968634805528386,0.9970904455363125,1.0215796243116813,1.0440973977434305,1.0592366128253483,1.0677787069551463,1.0810199115447496,1.084568243315525,1.089852768663605,1.102450078546805,1.1178274378936548
aarou_20 >= aarou_30_sft_2,-0.018882187,98878,39047,59831,11.65,-6187.460081986291,-791.6329264508167,0f031b3780e6467809600593d6806420193325d9573f332c17b627db66a26893,30,-0.0020132295321673155,27.33,0.8058059674726776,0.8058059674726776,0.8717126409113511,0.9273713638499713,0.9756320390309546,1.0125860219948286,1.037923183015201,1.0669110222298397,1.0937195897554,1.1146122977805115,1.1339440011210757,1.1537603396257323,1.1687435407212878,1.172658393006889,1.1934974817167106
aarou_20 >= 16,-0.018905694,98878,71608,27270,12.03,-9131.237821171837,-1285.2126722631874,dcb58ce780511e98834e39247d27a6ee8873b25591939e1839bb93ebed46e76d,30,-0.0230622086673975,26.81,0.8452767023992968,0.8452767023992968,0.9038613209756438,0.9429653260235589,0.9762172421925626,1.004019583792642,1.0246197755320996,1.045243770978956,1.0614187481095783,1.074085905734748,1.08333709903644,1.0934512420341775,1.1016784476005852,1.1118845043528047,1.1271598114047272
plus_di_10 <= 4,-0.0189073,98878,1410,97468,7.23,-136.757027832105,-16.434752978348115,14a9c3710fc1b17e882c866201c8dfd17bc6a0c5cee2921d8c0a77ac8ad2afa3,4,-0.018907299265265465,7.23,0.8146293325395717,0.8146293325395717,0.7436281639969815,0.6976816029360117,0.7118262044838024,0.7307796748187774,0.749100778144428,0.7388615622091174,0.7065701345813659,0.6804108607294176,0.6355354633053898,0.60654174648278,0.6077596876474727,0.6163952699643583,0.6459798262688976
willr_20 >= willr_14_sft_1,-0.01893136,98878,50744,48134,11.81,-8783.084289739789,-1056.2572393912342,c76b2a6e6a9f1e35b75e815a28e530490275498e07d600be2da53b82c81b3953,30,-0.0150838578119874,26.79,0.7947485702682091,0.7947485702682091,0.8566890610322919,0.9003447446974393,0.9337804572328423,0.9630776607852225,0.9909599745536483,1.0157152602635775,1.0335925638742103,1.0419878839399705,1.056349542427571,1.0672851957815088,1.0762153418955014,1.0865115817680078,1.1063193234118103
willr_10 >= willr_5_sft_3,-0.018933086,98878,50334,48544,11.81,-8131.924929076085,-1043.9424659941942,c76b2a6e6a9f1e35b75e815a28e530490275498e07d600be2da53b82c81b3953,30,-0.012881208211183548,26.88,0.8100060896845508,0.8100060896845508,0.872878026823057,0.9068995808141789,0.9431396557634207,0.9721676064612155,1.0049238710126807,1.0244428393225709,1.04448262036934,1.0623860604827553,1.081506316718133,1.093928482552953,1.1002130436523854,1.1157230728030758,1.135467789532062
plus_di_10 >= plus_di_20_sft_3,-0.018957589,98878,39244,59634,11.65,-6153.67681085637,-732.8582545935278,e29890bc12ea37e8ab50982e55f5d20643af7c43a2ddc27569a065e219a2f597,30,-0.011649840511381626,26.8,0.8117076536447886,0.8117076536447886,0.8815165464706903,0.930621456422289,0.9733194917272013,1.0026222697773535,1.0254255002384682,1.0468028030131618,1.0578664367424016,1.0635422587256333,1.0778030504180167,1.082005081177031,1.0834847610182863,1.0993117998330304,1.1148724639360126
minus_di_20 >= 19,-0.019004492,98878,63662,35216,11.95,-9141.068198668225,-1341.8767882578177,a06e18f5f366aa3040f30d3f53c74e6c3d30e6b8f15e9282eabbaa7fe9dd85a0,30,0.026835720986127853,28.34,0.8097932415212991,0.8097932415212991,0.8631381598030906,0.8963704378765897,0.9239048097584905,0.9552423946433297,0.9852881523555093,1.0190389239849809,1.0443005863712769,1.0754431172038525,1.1022106416862392,1.1274334266322419,1.1470455393826444,1.1605498206439726,1.1783060822606555
minus_di_20 >= minus_di_10_sft_3,-0.019011209,98878,49958,48920,11.8,-5907.85552161545,-911.613703796771,a7c5a511f18bc4bc65b530c22aedd665cbba6e43036caf921c03925c9eff7340,30,-0.013052401132881641,26.87,0.8499199807954759,0.8499199807954759,0.9039182353361237,0.9474157963169397,0.9778898395126161,1.0046349910287893,1.024174832361816,1.037606719755038,1.0496647085467512,1.069714397874804,1.0782246194615221,1.086752791479569,1.0957717988299243,1.100265508418909,1.1083862615918119
plus_di_14 <= 23,-0.01901922,98878,52796,46082,11.83,-8624.360130057383,-1177.0501586345126,14a9c3710fc1b17e882c866201c8dfd17bc6a0c5cee2921d8c0a77ac8ad2afa3,30,-0.011986345052719116,26.95,0.7855896507319119,0.7855896507319119,0.8292960340684625,0.8559653874971093,0.8758297716073755,0.8942601826223675,0.914389646615492,0.9242658268323881,0.9338306152262573,0.9467866356979541,0.9584989470875229,0.9737393910650074,0.9874759650642655,0.9952440651400579,1.0028426521900848
bb_upper_2_10 >= High_sft_1,-0.01906812,98878,89739,9139,12.22,-11420.990462123507,-1739.3377957990815,73a2f8f858c13ed47c80370d7df3c9045bc14eb7544028acac21bb9dbc89635d,30,0.0015800937544554472,27.47,0.8440262925770358,0.8440262925770358,0.8991821016663831,0.9335792539713325,0.9640250967560829,0.9937534373756189,1.0192603613805333,1.0379195725063992,1.0523903879996461,1.0674580580828053,1.081562257119488,1.0957433083131103,1.1124330849241975,1.1253824698333719,1.1401429701021464
atr_14 >= atr_5_sft_3,-0.01906838,98878,59472,39406,11.91,-9829.72872876412,-1226.2599787233048,532171b4b026df3b7d23c8264137467a8cc80a53ca41565a8c760a4fc7c55907,30,-0.011899168603122234,27.01,0.7946180097643545,0.7946180097643545,0.8548881212507211,0.8896968161936695,0.9197871004339687,0.9451054345740211,0.9679252242156634,0.9840340112708971,1.0040607777095982,1.0213395270376948,1.0361249330205908,1.0535861917151845,1.0658047441171616,1.0790875839469491,1.0930644057311203
plus_di_14 <= 4,-0.019075423,98878,714,98164,5.04,-140.151332315756,-9.003451954580669,14a9c3710fc1b17e882c866201c8dfd17bc6a0c5cee2921d8c0a77ac8ad2afa3,30,0.0,0.0,0.6424558724523338,0.6424558724523338,0.6061361183620266,0.6153507008327944,0.6321261882529576,0.6415194721080515,0.654581374760209,0.6438053792124362,0.6183132189687577,0.5844628940771838,0.5740795221244502,0.5822940130431773,0.6007271187506146,0.6217776796465125,0.6647787992623886
willr_30 <= -3,-0.019093039,98878,94179,4699,12.28,-13799.88415177532,-1857.7834541114426,c087f74a8ef9fdefe2bfbfe4c42e7c177e68996d73089fae9a8de15f5638210d,30,-0.010158595629036427,27.34,0.8213659028622192,0.8213659028622192,0.8717549820120927,0.9102626603201387,0.9384245399265227,0.9674708310283368,0.9922056106708171,1.013732513014928,1.0313249206196764,1.0485142180676628,1.0631516370453902,1.077773661143333,1.0911319357666989,1.1009445198620904,1.1105021534110777
willr_14 >= -5,-0.019106865,98878,7198,91680,10.17,-850.5524930281681,-148.99441585344175,69dfb876a37c1daf9322a675d7db45858b16e638e7217cc78e1177c12ffb23dc,30,-0.009114839136600494,25.99,0.8548671263418545,0.8548671263418545,1.0046729248475303,1.0913865654017103,1.1901153805451197,1.2147299066980408,1.2775771467724288,1.301177727865576,1.354139227224716,1.3672985548654992,1.3763674466605866,1.368585340543202,1.3459078630596695,1.4035226581663118,1.4494958817439823
stdev_5 <= stdev_14_sft_2,-0.019140948,98878,80856,18022,12.12,-11553.454370338866,-1590.899769402131,76cc05d7e847d59489f80a379ae9909f097acc0055c98dd465d85c99099ff3c8,30,-0.007624317426234484,27.28,0.8234975352695262,0.8234975352695262,0.8793683273607302,0.9162934278812657,0.9395013155430494,0.9667762707292227,0.9939375126162256,1.012607027165876,1.0302148660708108,1.0478875111180719,1.0667047608233644,1.087268777655885,1.1046132246713152,1.1152674534918985,1.1247777604689002
sma_20 >= sma_200,-0.019157628,98878,40547,58331,11.66,-4178.264115869589,-677.0476587908997,724f0edc848b1caa180dcda4bf9f5a94c2dcd0eddd874575510f7c410089d747,30,-0.007515360601246357,27.04,0.8668020016208525,0.8668020016208525,0.9377496667880962,0.98966218391107,1.0250328720911142,1.0584508743220553,1.0880613326664388,1.1169264107898456,1.1436501074953938,1.1690584873629288,1.1921943847342324,1.21745713822972,1.243841973486212,1.2681380539867668,1.2892095943938167
minus_di_10 >= 7,-0.01916055,98878,93935,4943,12.27,-12280.582237328334,-1860.23611778942,a06e18f5f366aa3040f30d3f53c74e6c3d30e6b8f15e9282eabbaa7fe9dd85a0,30,0.019094398245215416,27.64,0.8375185665133159,0.8375185665133159,0.8924493692045371,0.9296667837627028,0.9613862614745453,0.9879262986101958,1.0134401786223364,1.0388162400785095,1.0569293624699956,1.072594779970104,1.0870585429861928,1.0987857760975699,1.1133738057608034,1.1275300101749173,1.1407328728122441
minus_di_5 <= minus_di_14,-0.019175556,98878,54420,44458,11.85,-7489.528712201192,-1032.7827482867579,6ead8d4aff114cb978d2a5e9b1dcb95b84dfa27fd6f0f40b385ac29b242b16ea,30,-0.005946998484432697,27.21,0.8377188248943472,0.8377188248943472,0.9017130347125126,0.9382044651409716,0.9729751627155568,1.0009134356249827,1.0257298270008972,1.0493929511900162,1.062825429571034,1.077366608440238,1.0939873536359228,1.1087733159856143,1.1216425419843525,1.132563706463994,1.1437864440036123
aaro_14 >= -85,-0.019216945,98878,88597,10281,12.2,-12624.022618929295,-1740.8511603295556,0811e6227d0d089f2d69284c6ea7ddd7761288c8d873ca997aaf34687b2f23f1,30,-0.009384432807564735,27.3,0.8302982122016535,0.8302982122016535,0.8889510460779404,0.9277847136190508,0.9577201575270865,0.9807065875422432,1.0032904069849093,1.0244398867227718,1.043626681414852,1.060536824007422,1.0772795898040286,1.093325169645606,1.104680389148863,1.115297031844133,1.1248073509946637
bb_lower_2_20 >= bb_lower_2_10_sft_1,-0.019249653,98878,26071,72807,11.36,-4731.3570254240985,-555.1513933003298,14f3c68ebc76bb97608c90e96e22d07d8e6617ab0d939b3b0b66c54f45811d90,30,-0.0013459974434226751,27.34,0.7691736013442092,0.7691736013442092,0.8245813156644073,0.8474586444740864,0.8586454552097739,0.8764201456681137,0.9033735425789831,0.9247020986976456,0.9447955993407692,0.9699522535063824,0.9989358874901222,1.006640094377707,1.0233039463421776,1.0432026355730606,1.0480398178213715
minus_di_14 >= minus_di_10_sft_1,-0.019265125,98878,47469,51409,11.76,-5504.945700572447,-895.9391731557698,a7c5a511f18bc4bc65b530c22aedd665cbba6e43036caf921c03925c9eff7340,28,-0.008429661393165588,26.58,0.8548658214825517,0.8548658214825517,0.9228218258619648,0.9511714126401357,0.9842839985484175,1.0181807695226233,1.0393136970240062,1.057830387085446,1.0696914951121774,1.0827199419894211,1.0997152598889193,1.111578724949676,1.128529533608027,1.1375091091660865,1.1368624300296897
adx_20 >= 10,-0.019295827,98878,93942,4936,12.27,-12827.6428281382,-1820.341848049131,4118d96628e9d7109ca1b25b71d8f7665de5864ad974c7631ea4a76d380fc96f,30,-0.024697253480553627,27.19,0.8330992264091143,0.8330992264091143,0.8877446368870291,0.926120742205378,0.9566098558495173,0.9820480000846813,1.0038501708514762,1.0215334867150392,1.03821963652188,1.0542528636136101,1.0686416450317437,1.0824538951625873,1.097389592244166,1.1104759156615875,1.1236831858913594
aaro_20 >= aaro_30_sft_3,-0.019297738,98878,51194,47684,11.8,-8146.472470600515,-1067.5246169882375,fa1fba1a54e25d7a96ab29b0d7c633f260580ef2319f10dc44e85c501c26793f,30,-0.016562270000576973,26.73,0.8069555182002688,0.8069555182002688,0.862265544327554,0.9055361237686552,0.9442671197882696,0.9713115547908504,0.999813508700676,1.019018999529899,1.0322247379496554,1.0486043396752764,1.0585309019616511,1.0649484684618666,1.072000176628966,1.0747523267390062,1.0877345293064113
aarod_20 <= aarod_20_sft_1,-0.019340096,98878,87835,11043,12.19,-12431.10437114524,-1720.9407131748885,1c17b055d6052442bbc23e9c5f48c3b369df45790e4212d5edae44425931e847,30,-0.011603081598877907,27.26,0.8282356312687257,0.8282356312687257,0.8813633295741552,0.9204854986298575,0.9482138663412778,0.97539880113434,0.9996183447744743,1.018219388522256,1.036542803754419,1.0533010243484138,1.0723048776367776,1.0842973851721491,1.0973927451691574,1.1084166456282223,1.1202538442330385
mema_50 >= High_sft_3,-0.019368703,98878,42353,56525,11.68,-8338.029821768847,-1003.2986648225487,b49daa998de516ee8744d85f0961964bee1fbf801ca0904e585341376b8b86ae,30,-0.0006298405351117253,27.41,0.7476124094839944,0.7476124094839944,0.7888490026081253,0.8138602161883227,0.8348270070803178,0.8521070105170031,0.8656469163704801,0.87856902385904,0.8997291400820201,0.918934336587612,0.9384693768215879,0.9496710083021325,0.9549649559506748,0.9688760028099577,0.9718395401669002
mema_50 >= High_sft_2,-0.019455055,98878,42632,56246,11.68,-8133.878447599513,-997.7252298452004,b49daa998de516ee8744d85f0961964bee1fbf801ca0904e585341376b8b86ae,30,-0.00033516844268888235,27.43,0.7541914699023491,0.7541914699023491,0.7891785587996333,0.8125141281189545,0.8320459458216252,0.8469008324774063,0.8619674358067628,0.8732111252517711,0.887638981682231,0.9082015258703682,0.9287661299792274,0.940766947524405,0.947194018913712,0.958787006337428,0.9659813088785674
sma_5 <= Low,-0.019458888,98878,21156,77722,11.19,-2246.6015623223793,-382.83508861033624,984863a5cb13aec2699710705080435de7dea983a917ddee35d0db64a2bad484,30,-0.0001243182923644781,27.43,0.8725547764970699,0.8725547764970699,0.9372231476679991,0.9941826522321429,1.0569820358075632,1.1071417251008884,1.128994997115476,1.15567901246044,1.1631286857305165,1.176580807284531,1.2100698370419392,1.2311727378283015,1.2397272785642304,1.2690501860212187,1.2936675214249833
plus_di_20 >= 6,-0.019473463,98878,97616,1262,12.35,-13722.18562257638,-1918.0418530824172,4f583626fd6f59b1b2e0825c720b1d1aad3858951a5b50964ea86a5c13485b5d,30,0.002494532149285078,27.46,0.8302552986058951,0.8302552986058951,0.8847187491671151,0.9224908806752186,0.9522274421512359,0.9780220216880704,1.0019917380478054,1.0227025821890272,1.0416276037343897,1.059275289110233,1.0752438018070754,1.0896020577465269,1.1031097094831082,1.115514811201402,1.1276038153686838
plus_di_14 <= 15,-0.019487293,98878,19628,79250,11.13,-2796.1011523119355,-440.57702364873694,14a9c3710fc1b17e882c866201c8dfd17bc6a0c5cee2921d8c0a77ac8ad2afa3,30,-0.018687402829527855,25.77,0.795462146130615,0.795462146130615,0.831715867271459,0.8609587350029849,0.8741374672693841,0.8851256901453095,0.8920687308141116,0.8979250476893513,0.9097870554935651,0.9195900019270277,0.927764581042684,0.9391751236380648,0.9471224187104367,0.9553741505581864,0.9604867174845285
willr_10 >= -13,-0.019510087,98878,14792,84086,10.88,-2439.7460894442775,-304.5353500666679,69dfb876a37c1daf9322a675d7db45858b16e638e7217cc78e1177c12ffb23dc,30,-0.011606194078922272,26.21,0.811724204622526,0.811724204622526,0.9002804004502948,0.9618846649484606,1.036209260386453,1.0955450896637728,1.1313506125545632,1.1549320985417613,1.1749878686804671,1.1881039651309515,1.1953226416132885,1.2008963319967265,1.2090404912506734,1.2219748032263442,1.2554115263966488
rsi_30 <= rsi_2_sft_3,-0.019511402,98878,48316,50562,11.76,-6035.985565070297,-867.778564755281,f60792ba6ac5baece5de7ac90117c85055d233a86016db65a9b1851d8a518ee9,30,-0.0057260929606854916,27.18,0.8452952035577885,0.8452952035577885,0.8990853964692618,0.9518404559364448,0.9949933353091022,1.0306432187283896,1.0582568627097748,1.0789561024649545,1.0918753031658357,1.1123668301849006,1.1212097285825569,1.1381076236128693,1.149499221141695,1.1600004699936834,1.1673740645566915
plus_di_10 >= plus_di_20,-0.019542325,98878,40524,58354,11.64,-6034.060726397103,-785.2906908064833,e29890bc12ea37e8ab50982e55f5d20643af7c43a2ddc27569a065e219a2f597,30,-0.012616927735507488,26.77,0.8202364820714577,0.8202364820714577,0.8882493336362708,0.9350005530558385,0.9749400149094806,0.9984385522966395,1.0181342652391452,1.034557081597596,1.0409601854681854,1.0375156409168114,1.0442911225257003,1.048396388193192,1.0578377527115745,1.0717850712434407,1.0773849325006708
plus_di_14 <= 16,-0.019579068,98878,23354,75524,11.26,-3512.0304303043936,-545.3488093334672,14a9c3710fc1b17e882c866201c8dfd17bc6a0c5cee2921d8c0a77ac8ad2afa3,30,-0.016567576676607132,26.12,0.7885965722581497,0.7885965722581497,0.8189124416093025,0.8411433524633652,0.8628430028298368,0.8713636787971596,0.8774270615601747,0.8789045608900586,0.8898700716780735,0.9029698254748927,0.9112223338458912,0.9191204106220701,0.9312247796622191,0.9402979972009772,0.9487732382848706
willr_10 >= willr_10_sft_3,-0.019624721,98878,50666,48212,11.79,-8946.745951705328,-1061.0677329318205,c76b2a6e6a9f1e35b75e815a28e530490275498e07d600be2da53b82c81b3953,30,-0.012752389535307884,26.89,0.7906831502578703,0.7906831502578703,0.853379324782209,0.8919101316289512,0.9267686642154774,0.9537434857077921,0.9859790328831006,1.0071712628142027,1.0285775341342598,1.043482095202865,1.0690734780455915,1.0843261267297764,1.0914762180936757,1.1062670106406916,1.1174698792551618
willr_10 >= willr_5_sft_2,-0.019661114,98878,50526,48352,11.78,-8285.803270907483,-1048.8389418006554,c76b2a6e6a9f1e35b75e815a28e530490275498e07d600be2da53b82c81b3953,30,-0.013095061294734478,26.87,0.8061400393806776,0.8061400393806776,0.8654151426427086,0.8964640464003615,0.9301610526972671,0.9603459484815396,0.9846386122425331,1.0040013365830802,1.0260043984817326,1.0386723451379138,1.0623793698621216,1.081179764744746,1.0854586546121208,1.1006581202515464,1.1205649712493317
aarod_30 <= aarod_5_sft_2,-0.019667529,98878,54548,44330,11.83,-7672.30352512773,-1033.814509051248,1c17b055d6052442bbc23e9c5f48c3b369df45790e4212d5edae44425931e847,30,-0.01935260370373726,26.67,0.8229524031162533,0.8229524031162533,0.8769410304625181,0.9102919411516933,0.9408270171789372,0.9643381266759261,0.9792538510508686,0.9995869601929197,1.0231943762203606,1.0458893012606503,1.058142785687258,1.0735696000880226,1.0950023439199132,1.11276130744082,1.1359160834710864
adx_10 <= 17,-0.019686695,98878,10654,88224,10.55,-2180.3746471072227,-242.04568577675673,3c92cb65188a6807549ad02f373e5063a01a53cbce3d2b8fe4af860199995f57,30,0.004021451808512211,27.96,0.7240741625134905,0.7240741625134905,0.7516855204101519,0.7676671856184414,0.8064149782148247,0.8564293450602685,0.8915204593379946,0.9337836458519663,0.9967590368715817,1.0350930691997067,1.05636614522367,1.0747943083459452,1.0860952770694703,1.0859752907929834,1.0963593594397252
stdev_20 <= stdev_10_sft_3,-0.019694876,98878,14547,84331,10.85,-2281.927201642946,-290.3765193407453,76cc05d7e847d59489f80a379ae9909f097acc0055c98dd465d85c99099ff3c8,28,-0.010263707488775253,25.87,0.7962989960609613,0.7962989960609613,0.8259262456940164,0.8428752960220367,0.8547640460761924,0.8842568700783665,0.9057355952729743,0.9295979137555854,0.9526439338859487,0.9616478775526107,0.9693651348310978,0.9862631717667039,0.9937104176355099,1.0005574971003497,0.9932546038649184
aarou_10 >= aarou_20_sft_3,-0.019719593,98878,49729,49149,11.77,-7893.514557405659,-1034.2255137487227,0f031b3780e6467809600593d6806420193325d9573f332c17b627db66a26893,30,-0.006440752651542425,27.16,0.8067282889872184,0.8067282889872184,0.866345462831564,0.9046625853476792,0.9437649575949355,0.9730182160632204,0.9998636001231859,1.0161970119796768,1.0392148175545317,1.061297749467566,1.080690769062081,1.0988649302359483,1.1142892787284164,1.1259703064469537,1.1481546885874931
rsi_20 <= rsi_10_sft_2,-0.019730365,98878,47748,51130,11.74,-5752.604420491341,-867.3752601492888,f60792ba6ac5baece5de7ac90117c85055d233a86016db65a9b1851d8a518ee9,28,-0.0023728429805487394,26.86,0.8476808715975154,0.8476808715975154,0.9157559401532307,0.9616334060745958,0.9943438101607279,1.0244894003792142,1.050469310383359,1.0686412021638154,1.0768424007293906,1.0911373769821746,1.0965367325605757,1.108653858863662,1.1282241563248185,1.13281519389866,1.1299472680886176
mom_5 >= mom_2_sft_3,-0.01973503,98878,51412,47466,11.79,-8007.44957941529,-1030.9448558167787,eaab1708ca388033e741f56742381a7a1263cfafa2fbe8f413d450736cce3e74,30,-0.015332510694861412,26.79,0.820322492843543,0.820322492843543,0.8939535451622629,0.9414439159909892,0.9832157088306428,1.015915380602237,1.04576524368717,1.0680708242338852,1.0873857218699958,1.100602798390013,1.1128939348055262,1.1252143274454225,1.1274890004868436,1.1488453772973077,1.163089283113348
aarou_30 <= aarou_30_sft_2,-0.019764481,98878,83824,15054,12.14,-11689.308262304807,-1607.7491310063997,11ecda3140789fc7bb03c4e9ce6db1e36d26d05f5895e9047d4b04d8e05db454,30,-0.010058257728815079,27.25,0.8277055210449776,0.8277055210449776,0.8813483548038044,0.9169482795976647,0.9442332500070135,0.9694794007120865,0.9929072778597134,1.013349739078267,1.0294200168820657,1.0475611926984494,1.0619291475457466,1.0751285905032792,1.0898635077024816,1.1035670435635045,1.114426962596506
stdev_30 >= stdev_10_sft_2,-0.01978188,98878,88564,10314,12.2,-12761.115943086716,-1742.4225046215506,a092dbfa6dbefd1d342d1a211503f33f5c7745cd5359e4d4115f2b75459bc7b9,30,-0.011294794268906116,27.27,0.8237338022690126,0.8237338022690126,0.8799093970925135,0.9221916472926178,0.9547848183450438,0.9794957691725019,1.0058008430494143,1.0268398950648332,1.046821869756633,1.066526270235275,1.0818764550700435,1.0961691341361008,1.1099845449050676,1.1231821767326,1.1377909747662667
mema_5 <= Low,-0.019783702,98878,15904,82974,10.93,-979.3207898706605,-240.54095873630285,f2e93f04b3d2a46ee10823902064b64ae41106b8f01252b29032fe26a3290c3e,30,0.0005032753106206656,27.5,0.9221712418401017,0.9221712418401017,1.004843852775747,1.0610169458908782,1.1202222553526675,1.1766397852204034,1.2136485871707996,1.2529765669765704,1.2555991878444344,1.2637083644630636,1.2944493360956661,1.3260943181870612,1.3373350283621799,1.3703162266812356,1.3907341872957952
aaro_14 >= aaro_30_sft_3,-0.019788157,98878,50607,48271,11.78,-7730.090734759587,-1028.7164428208416,fa1fba1a54e25d7a96ab29b0d7c633f260580ef2319f10dc44e85c501c26793f,30,-0.007121052592992783,27.13,0.8136874732568374,0.8136874732568374,0.8721881113342798,0.9146450840695781,0.9499709003178252,0.9697067608860754,0.9942097231494343,1.0200954349095632,1.04288394283014,1.0632678877207333,1.0788601190557523,1.0905871019694897,1.0965093492229279,1.1033485662176945,1.1098341799015399
plus_di_14 <= 13,-0.019800095,98878,13152,85726,10.75,-1866.5013901961333,-306.11783009125065,14a9c3710fc1b17e882c866201c8dfd17bc6a0c5cee2921d8c0a77ac8ad2afa3,30,-0.0217942763119936,24.96,0.7938022774467927,0.7938022774467927,0.8381941858740142,0.8731108907245291,0.8917215913482993,0.8939097494423038,0.891691877604338,0.892981259762676,0.9007794491922876,0.9068510205688322,0.9228209184768444,0.9327569151876044,0.9348639293914563,0.9466618807415519,0.9517428480558392
plus_di_30 <= 7,-0.019809075,98878,691,98187,4.63,-87.42516969959252,-7.697274916754395,14a9c3710fc1b17e882c866201c8dfd17bc6a0c5cee2921d8c0a77ac8ad2afa3,4,0.0,0.0,0.7439097450975216,0.7439097450975216,0.6681753183525427,0.6372725597867245,0.6567758203597317,0.6298519245883141,0.5684144377868947,0.5708420181027831,0.5778711536654874,0.5852771250322051,0.5814957807084312,0.579527051172542,0.5697571522397181,0.5793354493576022,0.5935273423601156
bb_lower_2_30 >= bb_lower_2_30_sft_3,-0.019885669,98878,51271,47607,11.79,-7679.923340574851,-910.6332335629704,14f3c68ebc76bb97608c90e96e22d07d8e6617ab0d939b3b0b66c54f45811d90,30,-0.011806586757302284,26.94,0.8119864643604522,0.8119864643604522,0.875006305577945,0.9165324047524878,0.947945065192695,0.9872453945363365,1.0163198362027372,1.0439383087655207,1.0685642858151676,1.085193294831089,1.0943896091236192,1.0966802561202071,1.1018572543628309,1.115027825461432,1.129471749549362
willr_10 >= -9,-0.019896895,98878,11155,87723,10.58,-1756.0705010514503,-220.21574432394118,69dfb876a37c1daf9322a675d7db45858b16e638e7217cc78e1177c12ffb23dc,30,-0.011496630497276783,26.01,0.8147589073963492,0.8147589073963492,0.931366367654044,0.9885744720651058,1.0952317828593146,1.1516799647662772,1.1995049671250493,1.228995437780269,1.2662125446808563,1.2690163490999156,1.2641139483848283,1.2759743430585295,1.2627393006783867,1.297248064391832,1.331306409702965
stdev_10 <= stdev_20_sft_1,-0.019897735,98878,76745,22133,12.07,-11541.878820292088,-1492.3923408617266,76cc05d7e847d59489f80a379ae9909f097acc0055c98dd465d85c99099ff3c8,30,-0.011560563929378986,27.17,0.8137971756587503,0.8137971756587503,0.8653003603733247,0.8999224228017841,0.9272432231026123,0.9566699718873848,0.9799577050892541,1.0014306244443547,1.0219383401328013,1.043273124620899,1.0616057657408335,1.0783124589096154,1.0913429912461545,1.1020726808979129,1.1138998233577926
stdev_14 <= stdev_20_sft_2,-0.019948522,98878,66153,32725,11.96,-10252.622621571518,-1299.6674541573302,76cc05d7e847d59489f80a379ae9909f097acc0055c98dd465d85c99099ff3c8,30,-0.0100491838529706,27.13,0.8070718098422144,0.8070718098422144,0.8611953175311048,0.8965580428812971,0.926513538765005,0.9589121529769998,0.9840069870732213,1.002566727488185,1.0255410347880667,1.05057940159414,1.0676863319679055,1.085203219160574,1.09722227008946,1.1097935750156271,1.1211235117882556
willr_10 >= -8,-0.019958455,98878,10410,88468,10.5,-1579.2853202571423,-212.22167094403267,69dfb876a37c1daf9322a675d7db45858b16e638e7217cc78e1177c12ffb23dc,30,-0.01174253597855568,25.92,0.819910311159716,0.819910311159716,0.94090855398083,0.9976489743785796,1.1119515762959356,1.1652802969929132,1.2080996417346934,1.2386976702938142,1.2725005298556005,1.2741880368796799,1.2671352693170517,1.2797937235632684,1.2655132554810786,1.3057023483567267,1.3433870028633028
willr_10 >= willr_20_sft_2,-0.020019505,98878,50967,47911,11.78,-9771.483053162177,-1121.0479678616975,c76b2a6e6a9f1e35b75e815a28e530490275498e07d600be2da53b82c81b3953,30,-0.004936670884490013,27.23,0.7721725969662807,0.7721725969662807,0.8281868907123501,0.8593139557856784,0.8900253095698786,0.9195674654471394,0.9489603791717326,0.9717417719783078,0.9993775756183374,1.0187171432920976,1.044307950323334,1.0664259447906448,1.0807550710702554,1.0955519041518398,1.1087492563902086
minus_di_30 >= 23,-0.020050421,98878,42856,56022,11.66,-5378.879664597481,-866.5332065662005,a06e18f5f366aa3040f30d3f53c74e6c3d30e6b8f15e9282eabbaa7fe9dd85a0,30,0.0211387537419796,28.52,0.825353674260069,0.825353674260069,0.8803160167020809,0.9172547793977514,0.950566900356787,0.9800109150860808,1.0060630220403008,1.025717240559642,1.0485905987374229,1.0682391187134437,1.0892693776670836,1.1129177760486564,1.1309222205845806,1.1378992562070303,1.1513639247554943
willr_5 >= -24,-0.020056397,98878,25653,73225,11.3,-4287.968710995454,-517.5811284254742,69dfb876a37c1daf9322a675d7db45858b16e638e7217cc78e1177c12ffb23dc,30,-0.00943360198289156,26.73,0.809788453962603,0.809788453962603,0.8876117389413093,0.9357423683022629,0.9969478937249393,1.044606220696282,1.0767295010498767,1.1092690891314878,1.129699339309097,1.1480315148640239,1.15811121304842,1.1650773824183858,1.18301385990486,1.200832717787072,1.2184948723301945
willr_10 >= willr_20_sft_1,-0.020060794,98878,51310,47568,11.78,-9764.519207684258,-1119.1533607629754,c76b2a6e6a9f1e35b75e815a28e530490275498e07d600be2da53b82c81b3953,30,-0.005170835647732019,27.22,0.7724280579164642,0.7724280579164642,0.8321961556960247,0.8661689492387029,0.9019509638600802,0.9264125845870022,0.9534464212169765,0.9765804872075377,1.000453552184135,1.0185759377826271,1.043150437156373,1.062501198375572,1.078008449366827,1.088630026402481,1.1037418519263145
mema_5 <= mema_50,-0.02008478,98878,51281,47597,11.78,-7987.414264828745,-1113.9006321091947,97648559323ce4c42a3819223f880d09c20183d31e746db94faac95e3098a1b9,30,-0.008665243163704872,27.07,0.7932487919662101,0.7932487919662101,0.8212756430627671,0.8380376338748547,0.8505813321812559,0.8608149430274068,0.8765366486638052,0.8893375588419803,0.8999637287855701,0.9150533611828674,0.9342494538527415,0.9498258323467701,0.9632046588793097,0.9719890616099652,0.9780904644101848
sma_50 >= High_sft_3,-0.020097936,98878,42919,55959,11.66,-8595.664658898648,-1037.5679650019083,2a2a894e2395475f18aac8b58b172590d4e9304b0f81f0d6018fc944d30d4b38,30,0.0005445464630611241,27.47,0.7442733027940266,0.7442733027940266,0.7906974043324458,0.817647295604026,0.8392620186673827,0.8604751508328778,0.8830398596286054,0.9081330749051616,0.9367933894619672,0.9596375396197263,0.9742321892950115,0.9827915856265678,0.9853089619025246,0.9921264138169072,0.9949849680643585
willr_10 >= willr_20_sft_3,-0.020124123,98878,50643,48235,11.77,-9424.421669176569,-1099.3127814002582,c76b2a6e6a9f1e35b75e815a28e530490275498e07d600be2da53b82c81b3953,30,-0.0067530060186982155,27.15,0.7788330116285567,0.7788330116285567,0.8350335000134712,0.8744462592454041,0.906351021696542,0.9364762217261751,0.9651400104215467,0.9881629735329255,1.0114586014790832,1.0284115471194206,1.0510057659774583,1.0702444369633235,1.084589143222234,1.0951888833081245,1.10813840995103
stdev_20 <= stdev_20_sft_1,-0.02013903,98878,52557,46321,11.79,-8015.1276376569,-1023.1851291839703,76cc05d7e847d59489f80a379ae9909f097acc0055c98dd465d85c99099ff3c8,30,-0.007005024701356888,27.15,0.8074382737702168,0.8074382737702168,0.8585872170113917,0.8923440833507771,0.9109346562799183,0.9387670536350524,0.9657677090299335,0.9949074178442979,1.0214012946239492,1.042440931033619,1.0590291125719158,1.0750609474445902,1.0890351977010024,1.0998390915930358,1.1031176829654967
atr_14 <= atr_14_sft_1,-0.020173056,98878,62641,36237,11.91,-10628.358518325422,-1320.4279400918604,6c56a6e37fe7066fac040219b9e7cfe2398571a456467cde7a8327153ebc94da,30,-0.014147480949759483,26.96,0.7868756208787954,0.7868756208787954,0.8303371891587558,0.8683635038497949,0.8950327659456612,0.9145091440921322,0.9358220344940381,0.9566087531719815,0.9728144247030087,0.9913526303556289,1.009632862757789,1.0245057533011745,1.0399617009415307,1.049812787637321,1.0589009758073984
stdev_20 <= stdev_14_sft_1,-0.02017424,98878,23789,75089,11.24,-3519.144720281489,-457.1082994581302,76cc05d7e847d59489f80a379ae9909f097acc0055c98dd465d85c99099ff3c8,30,-0.007257436402142048,26.87,0.8080594869667741,0.8080594869667741,0.8574801907807571,0.8776572536112236,0.8976417543728509,0.9167283189445746,0.9418087186826968,0.9641057642675714,0.9798127619805542,0.999986002628572,1.0184000338501498,1.0319759563334208,1.0569505716857386,1.0618795052450685,1.06495466635023
minus_di_20 <= minus_di_20_sft_1,-0.020193411,98878,69525,29353,11.99,-11196.909575490685,-1378.764104687747,6ead8d4aff114cb978d2a5e9b1dcb95b84dfa27fd6f0f40b385ac29b242b16ea,30,-0.011066677048802376,27.12,0.8085652770263297,0.8085652770263297,0.8657713588935217,0.911076291394042,0.9478366884471925,0.9766035729912038,1.0056285380577743,1.027713761007127,1.0447012261414659,1.0590654718796937,1.0743769404928212,1.091255365457488,1.0991222698899987,1.1143837059417787,1.130220100183596
willr_10 >= -10,-0.020199904,98878,12248,86630,10.65,-1960.2015863249107,-245.0106013232362,69dfb876a37c1daf9322a675d7db45858b16e638e7217cc78e1177c12ffb23dc,30,-0.011245187371969223,26.11,0.8126491436037904,0.8126491436037904,0.9159404706776815,0.9755148203146121,1.0672959993237476,1.1312814016683852,1.1705970804044066,1.1930219528247983,1.2256117785574987,1.2327160895557392,1.2322358497110808,1.2405735829420057,1.2311407417582387,1.258576541020699,1.2924958961863489
aarod_5 >= 21,-0.020205842,98878,64278,34600,11.93,-8419.61716589337,-1307.9970321295623,b82d31c42ba12f67088cc35b02af2c43923426c209765223c68a8f342f6f6146,30,-0.01630151830613613,26.91,0.8313496471439498,0.8313496471439498,0.8922575309374912,0.930144293784465,0.9544839586061286,0.9811364837484281,1.0049962996542658,1.0141819675848176,1.0326026841769989,1.0516439981275183,1.066564438176377,1.0788971370532647,1.0840628084639827,1.0989456535160307,1.1135857781039318
aarou_30 >= 4,-0.02021357,98878,83826,15052,12.14,-11173.440598513775,-1598.5762955487153,dcb58ce780511e98834e39247d27a6ee8873b25591939e1839bb93ebed46e76d,30,-0.02100767381489277,27.05,0.837086629792242,0.837086629792242,0.8916307398484926,0.9342036889742118,0.9647635931069151,0.9903537538172659,1.0094837480034509,1.0268313798125306,1.0416249914653049,1.0556529829794452,1.0692888196730521,1.0844553042952743,1.0980642402695675,1.111795292825007,1.1240678721513968
aaro_5 >= aaro_30,-0.020213809,98878,51322,47556,11.78,-8792.102678026793,-1129.1687368493658,fa1fba1a54e25d7a96ab29b0d7c633f260580ef2319f10dc44e85c501c26793f,30,-0.002417180687189102,27.34,0.7930647036689508,0.7930647036689508,0.8573153940902976,0.894394042159439,0.935539794679184,0.9668764922000339,0.9922197048375497,1.0078979580035046,1.0336784194929987,1.0570024527615831,1.0660448517130174,1.083304828478853,1.094427742132531,1.0969533939628515,1.1005715256606847
sma_10 >= sma_200,-0.020225774,98878,40605,58273,11.62,-4836.4068922609185,-730.9337576397957,724f0edc848b1caa180dcda4bf9f5a94c2dcd0eddd874575510f7c410089d747,30,-0.007970687001943588,27.02,0.8483977976735355,0.8483977976735355,0.9192755336183832,0.9745425530677104,1.0188772314296877,1.0561138071504497,1.0869150333542597,1.1133430753014446,1.1396179374613908,1.1624345724742728,1.1822139269200045,1.2052136348835696,1.2301721662735199,1.2541556953687156,1.2740730274570293
rsi_2 >= 0,-0.020261742,98878,98863,15,12.41,-11312.218749992073,-1885.212899416525,2aff2363e2a1ac18e5b09edc627fed21347731d4e6d91b606bf5ebf4ed170990,30,-0.018187489360570908,27.43,0.8623540015254622,0.8623540015254622,0.9206139250026488,0.9600108877787255,0.9883937262460587,1.0126425863084412,1.0346214125249162,1.0513492868629244,1.0657831955354156,1.0801808215939994,1.093707816632817,1.1067838837309407,1.1196020748746307,1.1310890342032467,1.1431752628347747
willr_5 >= willr_30_sft_3,-0.020265538,98878,50951,47927,11.77,-10172.11934168054,-1190.519727901512,c76b2a6e6a9f1e35b75e815a28e530490275498e07d600be2da53b82c81b3953,30,-0.010904975235462189,26.97,0.7622162221138775,0.7622162221138775,0.8192781330430973,0.8618834754942472,0.8978622983214958,0.9359139556637576,0.9681843183835531,0.9956357708265967,1.019179442256057,1.0285842991603726,1.0488443280926127,1.0562205605955775,1.063434237484991,1.0802255233703906,1.0874350572407518
willr_10 >= willr_14_sft_1,-0.020279847,98878,51644,47234,11.78,-9470.469898291522,-1105.1562029267807,c76b2a6e6a9f1e35b75e815a28e530490275498e07d600be2da53b82c81b3953,30,-0.010102800093591213,27.01,0.7813216224892018,0.7813216224892018,0.8416325328427487,0.879844395252501,0.9173472266016823,0.9401987307300327,0.9689864123211301,0.9920147145812984,1.015119555415631,1.0309037909215462,1.0560158609863748,1.0767875378291147,1.0907895352815242,1.101600382507881,1.1194890320921533
sma_50 >= Open,-0.020285306,98878,50640,48238,11.77,-8918.318884313296,-1168.8845187699771,4e49187dd2ecfc8ed6f19c1bb32ee3b3851abe32a765f332ea6026515c0fc382,30,-0.009708213619887829,27.02,0.7719630629587638,0.7719630629587638,0.7984877257763795,0.816453914396964,0.8374289015703065,0.8541723561871993,0.8707984607788718,0.8862681090695127,0.9048360150493148,0.9259449369297118,0.9464654938599945,0.9588758571553861,0.9704165164557638,0.9725554002161605,0.9776323323402131
willr_30 <= -2,-0.020288525,98878,94807,4071,12.28,-13914.703970465158,-1865.9922570698254,c087f74a8ef9fdefe2bfbfe4c42e7c177e68996d73089fae9a8de15f5638210d,30,-0.011488576419651508,27.34,0.8213245066724782,0.8213245066724782,0.8719150393400882,0.9104294049756471,0.9390288693571301,0.9683217722166009,0.9931720506540027,1.0142770446074758,1.031893313669571,1.0493733148618665,1.0639969421906552,1.0783367965685235,1.0913354886132076,1.1016942093350406,1.1113242073784557
willr_14 >= willr_5_sft_2,-0.020290667,98878,49651,49227,11.75,-8415.20113077631,-1051.0904943127898,c76b2a6e6a9f1e35b75e815a28e530490275498e07d600be2da53b82c81b3953,30,-0.011317707598209381,26.94,0.8014766620897403,0.8014766620897403,0.8601181008168689,0.8945894690133921,0.9281319581455909,0.9557349053508256,0.9783641908659928,1.0000891291872207,1.0277107792104863,1.044714602185445,1.0674735431024196,1.0842726631448985,1.08491716964969,1.099366698094798,1.1183030960917109
sma_5 <= Close,-0.020313999,98878,49042,49836,11.74,-7641.353981394997,-992.5162088988436,50a0e61b02a2d5c963e9603b4bade036c42f4965c5f54e99ff926c2165cc53b8,30,-0.013759431429207325,26.83,0.8236761098473868,0.8236761098473868,0.8892148553520909,0.9382613693891447,0.9789919171405113,1.0162489881179753,1.0499387357322252,1.0727353895562817,1.0887504958850018,1.1042215584962012,1.1214951056863816,1.132686831435258,1.137236540495326,1.1574443885252852,1.1695949330857722
stdev_20 <= stdev_20_sft_2,-0.020332644,98878,52197,46681,11.78,-8345.67229516679,-1034.651068314677,76cc05d7e847d59489f80a379ae9909f097acc0055c98dd465d85c99099ff3c8,30,-0.006193795707076788,27.18,0.7996451961785066,0.7996451961785066,0.8491389324668261,0.8807471798232734,0.9045300378896907,0.9326606814738867,0.9639100055226956,0.9945596670128345,1.0175929306120481,1.0370351224425007,1.051600036024855,1.0719916435757817,1.0838709715026997,1.094331298019351,1.0965795062769106
willr_30 >= willr_20_sft_3,-0.02036629,98878,49516,49362,11.75,-8699.78865926565,-1027.2123842312722,c76b2a6e6a9f1e35b75e815a28e530490275498e07d600be2da53b82c81b3953,30,-0.012312532402575016,26.9,0.7918773308060165,0.7918773308060165,0.8505721338653676,0.8896913946197842,0.9297817272193422,0.9638675209885177,0.9929175515346466,1.0187828455490677,1.0373395011637643,1.046732601906535,1.0659910363576435,1.0753731893002307,1.0886693008006147,1.1082595501932055,1.121735228636039
stdev_20 <= stdev_20_sft_3,-0.02036769,98878,52322,46556,11.78,-8599.584899319889,-1036.668267396526,76cc05d7e847d59489f80a379ae9909f097acc0055c98dd465d85c99099ff3c8,30,-0.003211825620383024,27.31,0.7940541845991774,0.7940541845991774,0.8431834523676834,0.8806945386771368,0.909410646005242,0.9348036609348006,0.9695307339845574,0.9991527992134079,1.0195146214515343,1.0341789153779524,1.0548142724819494,1.072124234251599,1.085466409213406,1.0925514388914241,1.0992609723775726
rsi_20 <= rsi_5_sft_1,-0.020369895,98878,47945,50933,11.73,-6489.0692548107545,-913.7313491414388,f60792ba6ac5baece5de7ac90117c85055d233a86016db65a9b1851d8a518ee9,30,-0.004465603269636631,27.24,0.8329446530822248,0.8329446530822248,0.8931092837766935,0.9351480194270884,0.9726685651063607,1.0084333478216239,1.0416892192944147,1.0677310382955014,1.0869096790611492,1.1010321645632126,1.1133393506967328,1.1243062769615613,1.1379866036623576,1.1510854403947628,1.156492017276237
minus_di_5 <= minus_di_14_sft_1,-0.020377923,98878,56416,42462,11.84,-7976.637414026013,-1086.9623857878323,6ead8d4aff114cb978d2a5e9b1dcb95b84dfa27fd6f0f40b385ac29b242b16ea,30,-0.00454805139452219,27.27,0.8325327376947872,0.8325327376947872,0.8918371189980226,0.933909057188308,0.9680125620402079,0.9952696308581997,1.0228452494507159,1.0465628602345245,1.0636178217880856,1.0754602488018066,1.0921207238119568,1.1087178194491738,1.1247285628129886,1.1367432885275732,1.1487710594248812
willr_14 >= willr_5_sft_3,-0.020386774,98878,49567,49311,11.75,-8121.661711140143,-1023.3193480784685,c76b2a6e6a9f1e35b75e815a28e530490275498e07d600be2da53b82c81b3953,30,-0.012539081275463104,26.89,0.8075734736076795,0.8075734736076795,0.8664820261538715,0.9002528144845519,0.9359924299260286,0.9598418119278789,0.9927684755832292,1.014939834310954,1.0376357137531318,1.0561350684567443,1.0794072595678441,1.087053613056157,1.091066020980025,1.1053859608105228,1.1257907128385043
bb_upper_2_20 <= bb_upper_2_20_sft_2,-0.02042767,98878,52378,46500,11.78,-8737.476733252613,-1053.1994263773522,3aa49a56ba366f74cacb6b40add631875fca9bf88d1abae08516bfe7d1357af1,30,-0.00804208591580391,27.11,0.787321964320315,0.787321964320315,0.8294878472179417,0.8574552162777105,0.8745507822676285,0.8999982587294519,0.9250320430001383,0.9473557762044618,0.9686251211612492,0.9906219661130995,1.010906498791607,1.0352737035760993,1.051868524091075,1.0594030935568388,1.0653398786895936
aarou_20 >= 11,-0.02042895,98878,75891,22987,12.05,-9912.407403145993,-1373.859951504688,dcb58ce780511e98834e39247d27a6ee8873b25591939e1839bb93ebed46e76d,30,-0.023512784391641617,26.87,0.8414283087550762,0.8414283087550762,0.8974292557060322,0.9359369102264176,0.9728327928496076,0.9976286573806997,1.0182818230545951,1.0400278406171908,1.056007935935457,1.068997991689587,1.079658642830491,1.0876807522539662,1.0978798213428271,1.1106318917355213,1.1245374957939662
aarou_20 <= aarou_20_sft_1,-0.020450875,98878,87906,10972,12.18,-12406.86220779589,-1717.1512724562854,11ecda3140789fc7bb03c4e9ce6db1e36d26d05f5895e9047d4b04d8e05db454,30,-0.008495992049574852,27.31,0.8278742923490647,0.8278742923490647,0.8814122633583377,0.9195442209817881,0.9456901009799419,0.9742357431990001,0.9984247920660672,1.020043350138575,1.0358147698295013,1.0527459440988431,1.0675040032565704,1.082347290016234,1.0951780116777767,1.1098841606992584,1.1204625048320913
adx_20 <= 12,-0.020450989,98878,9950,88928,10.4,-1674.3197861041408,-195.32807086527464,3c92cb65188a6807549ad02f373e5063a01a53cbce3d2b8fe4af860199995f57,26,-0.0004789006197825074,26.26,0.7539572371383845,0.7539572371383845,0.8098689329972353,0.8623592963934701,0.9148725651602622,0.9586172793627521,0.9963504957363843,1.0319630210998574,1.0577292888529897,1.0816549172400562,1.1065972027589184,1.104441193175736,1.110974697772177,1.1068621053925105,1.0999838812236469
sma_200 <= Low_sft_3,-0.020464927,98878,37785,61093,11.56,-4161.328720842026,-654.1750812565151,984863a5cb13aec2699710705080435de7dea983a917ddee35d0db64a2bad484,30,-0.009238348342478275,26.92,0.8593989081411977,0.8593989081411977,0.9275841737634871,0.9838328981051013,1.0237708291253433,1.0593132510550864,1.0898166569819374,1.1170005455264234,1.1390509519253438,1.1628115047033967,1.186413231243312,1.213223870826244,1.2417739940049446,1.2674371903688078,1.2872632731152496
rsi_20 <= rsi_5_sft_2,-0.020470306,98878,47934,50944,11.72,-5820.945008077229,-870.9020683548006,f60792ba6ac5baece5de7ac90117c85055d233a86016db65a9b1851d8a518ee9,30,-0.006732190027832985,27.14,0.8495456096631689,0.8495456096631689,0.9089901382459896,0.9558739176949741,0.9881058817022539,1.0200590440229322,1.0452575292500756,1.0710340761382846,1.0858586269319987,1.1048635309617363,1.117703598254739,1.122122436036407,1.1380122993612487,1.1515181654157005,1.1551771370226769
atr_10 <= atr_10_sft_2,-0.020478176,98878,60773,38105,11.88,-10266.449410283447,-1267.4309826375174,6c56a6e37fe7066fac040219b9e7cfe2398571a456467cde7a8327153ebc94da,30,-0.01234560925513506,27.01,0.7874580928233954,0.7874580928233954,0.8339189052531808,0.8626653765119227,0.8907617832427804,0.9192873627504211,0.942581308084789,0.9595729324632113,0.9759035555112351,0.9923855531372264,1.0100961114016898,1.0223120933836272,1.041428943210713,1.0519868529747278,1.0651787588173105
aaro_14 >= -99,-0.020531269,98878,95338,3540,12.29,-13192.484622380463,-1852.9715180561543,0811e6227d0d089f2d69284c6ea7ddd7761288c8d873ca997aaf34687b2f23f1,30,-0.015424704179167747,27.31,0.8335887770788544,0.8335887770788544,0.8886389745998208,0.9270036302781159,0.9553536273501251,0.9788895535441777,1.0012453752335504,1.0219677649539718,1.0389687011280697,1.0562567369764622,1.0719491258705147,1.0865473002445223,1.1006704133601093,1.1117473700226872,1.1226758582580194
minus_di_10 >= 11,-0.020535124,98878,86073,12805,12.16,-12584.39222812279,-1776.2525891219993,a06e18f5f366aa3040f30d3f53c74e6c3d30e6b8f15e9282eabbaa7fe9dd85a0,30,0.020677218213677406,27.8,0.8164356973775078,0.8164356973775078,0.8702180120319202,0.9083552340189104,0.9387139923689944,0.9666721876831741,0.9902293764081013,1.0171316098605945,1.0403825328896437,1.0593357582904896,1.07448502194211,1.0891721317480294,1.103096228268847,1.1164920411396488,1.1292727884251714
stdev_30 >= stdev_14_sft_1,-0.020547988,98878,82423,16455,12.12,-12551.708326583353,-1649.7250400966295,a092dbfa6dbefd1d342d1a211503f33f5c7745cd5359e4d4115f2b75459bc7b9,30,-0.011557661928236485,27.21,0.8136511798301787,0.8136511798301787,0.8684474131956972,0.9106158524364127,0.9394359102936805,0.9661045981769552,0.9891995339810155,1.011675637260234,1.0335785311699783,1.055306673447038,1.072980398266866,1.0884236259546056,1.1025237506933294,1.118850443007311,1.131600668507798
aaro_30 >= -86,-0.02054882,98878,90924,7954,12.22,-12725.242648602743,-1757.8630072151718,0811e6227d0d089f2d69284c6ea7ddd7761288c8d873ca997aaf34687b2f23f1,30,-0.016918590292334557,27.22,0.8304247434744917,0.8304247434744917,0.8845934548221629,0.9258472112644875,0.9566543086269111,0.9841643669689771,1.0101702832849973,1.0299822165413413,1.047610122739683,1.0644103023543012,1.0790345212681112,1.092872396553241,1.1071289328824911,1.1192609793342754,1.1302040418912371
plus_di_14 <= 17,-0.02055241,98878,27320,71558,11.32,-4250.5060870588395,-640.9516471936658,14a9c3710fc1b17e882c866201c8dfd17bc6a0c5cee2921d8c0a77ac8ad2afa3,30,-0.0170273520052433,26.22,0.7842132262972004,0.7842132262972004,0.8142006295270061,0.8300312561781693,0.8500463304386466,0.8588487946507173,0.8682397677397009,0.8721045428058818,0.8795631766982217,0.8921493900025824,0.9037377788283296,0.9158013868521038,0.9281816166217374,0.9358846060480838,0.9434256404698884
rsi_5 >= 3,-0.020558288,98878,98750,128,12.39,-11783.02645691099,-1887.9169995665725,2aff2363e2a1ac18e5b09edc627fed21347731d4e6d91b606bf5ebf4ed170990,30,-0.01189445611089468,27.43,0.8562228526079523,0.8562228526079523,0.9143142995860717,0.9511525912507427,0.9799343721586836,1.0050401585842892,1.0272527531955071,1.044558037860775,1.059028190289743,1.0742187263878507,1.0881711290602896,1.1011458966843901,1.1144292520909482,1.1264620080875412,1.1388254320017697
plus_di_14 <= 24,-0.020558301,98878,56639,42239,11.83,-9374.35676094174,-1260.4521333734228,14a9c3710fc1b17e882c866201c8dfd17bc6a0c5cee2921d8c0a77ac8ad2afa3,30,-0.011341148056089878,27.01,0.7844208931059061,0.7844208931059061,0.828335287407917,0.8591323372509843,0.8787497721938409,0.898823593320753,0.919272680007215,0.9348515081936072,0.9483086118170415,0.9623354621979799,0.9742817140184724,0.9859270964459455,0.9946443889753004,1.0010817231912432,1.0076919197154899
sma_50 >= High_sft_2,-0.020588728,98878,43105,55773,11.65,-8545.901128976126,-1035.2746333299583,2a2a894e2395475f18aac8b58b172590d4e9304b0f81f0d6018fc944d30d4b38,30,8.510175393894315e-05,27.45,0.746192899822893,0.746192899822893,0.7851997178845127,0.810840906902365,0.8342759524019078,0.8516771782434954,0.8740487401265459,0.8951649982765189,0.9209286968485076,0.9420747730417249,0.9631240000669804,0.9740035508059038,0.9775896824684843,0.981860530711086,0.9891781252277738
rsi_14 >= rsi_14_sft_3,-0.020609336,98878,49258,49620,11.74,-9243.440308966463,-1065.1028056762807,9c5304fe9d592b70a0c6b3286ed47e7bf2dda0b94ec7966217da111653dec0de,30,-0.014995696023106575,26.77,0.7814044518940535,0.7814044518940535,0.8468916544814756,0.8943422142705433,0.9300938722353523,0.9655623801352192,1.001948969888229,1.0261756200512475,1.044357540531985,1.0604403835105296,1.074300579982457,1.0858771632816848,1.0864634262657507,1.1080685252483427,1.1236790038381474
willr_10 >= willr_14_sft_3,-0.020614447,98878,50466,48412,11.75,-9126.112011731158,-1063.8526977864021,c76b2a6e6a9f1e35b75e815a28e530490275498e07d600be2da53b82c81b3953,30,-0.007769019342958927,27.11,0.7854596733728704,0.7854596733728704,0.8422141387767662,0.881673688321027,0.9114325297397572,0.9391682809557592,0.9713291881816646,0.9936314359976878,1.0120978838061134,1.0313476369483934,1.0561069690600573,1.071578604688877,1.0838113666564797,1.0975981422008276,1.1133343579031787
willr_5 >= willr_10,-0.020617085,98878,61466,37412,11.89,-8769.908139064963,-1272.6767397193544,c76b2a6e6a9f1e35b75e815a28e530490275498e07d600be2da53b82c81b3953,30,-0.009874500334262848,27.1,0.8183866457346958,0.8183866457346958,0.8724718462676094,0.9081459905996123,0.942765336728944,0.9704306968986585,0.9963278358642464,1.0197997440640183,1.0401893873480366,1.0576565890730534,1.0673230806127412,1.0779755505528437,1.095490325106667,1.1119857809891556,1.1245835160610758
aarou_30 <= aarou_14_sft_3,-0.020623289,98878,47583,51295,11.71,-7144.174501085261,-929.0478045027121,11ecda3140789fc7bb03c4e9ce6db1e36d26d05f5895e9047d4b04d8e05db454,30,-0.0026363879442214966,27.32,0.8147599919791537,0.8147599919791537,0.8830852266363659,0.9301784958187828,0.9626263869876478,0.9982633790220645,1.0265588589008119,1.0500637541815319,1.0741190546912618,1.09630669103911,1.1189042170772097,1.1336178977940774,1.1562926109852985,1.1683147657614876,1.1797249860584553
plus_di_14 <= 8,-0.020650588,98878,3470,95408,8.85,-326.2140345443163,-59.26746891129005,14a9c3710fc1b17e882c866201c8dfd17bc6a0c5cee2921d8c0a77ac8ad2afa3,8,-0.02144649252295494,12.85,0.8374774518899268,0.8374774518899268,0.864339880977909,0.8717588275258867,0.8575752298574281,0.856679368444452,0.8437892033482933,0.845574352876158,0.8118968445891181,0.7846421993715262,0.7569575727577131,0.7483366418750348,0.7452712863951979,0.7471667439951777,0.7388607049093063
plus_di_14 <= 18,-0.020674173,98878,31404,67474,11.42,-4871.8915289390325,-726.2393871080712,14a9c3710fc1b17e882c866201c8dfd17bc6a0c5cee2921d8c0a77ac8ad2afa3,30,-0.01590980589389801,26.4,0.785934275802626,0.785934275802626,0.8146529940818483,0.8340980680559208,0.8542814697715988,0.863154303330235,0.8740141947908546,0.8765762556084057,0.8800909089948565,0.8924887551812699,0.9051231251593996,0.9172544504209377,0.9281580664011929,0.9353469603595617,0.947255677738207
bb_lower_2_30 >= bb_lower_2_20_sft_1,-0.02068892,98878,30986,67892,11.41,-4463.580845847949,-644.5307570975638,14f3c68ebc76bb97608c90e96e22d07d8e6617ab0d939b3b0b66c54f45811d90,30,-0.008163664489984512,26.91,0.8158571803878717,0.8158571803878717,0.878761766423457,0.9191411725986323,0.9541713270644062,0.9833154832667524,1.0074195831490347,1.0192304606667255,1.026565617835787,1.02688959250829,1.0287129530321943,1.0418058003232824,1.0538967663505496,1.0598441684626847,1.0638043687893162
willr_5 >= willr_30_sft_1,-0.020695556,98878,51369,47509,11.76,-10332.4682769086,-1196.0819178028032,c76b2a6e6a9f1e35b75e815a28e530490275498e07d600be2da53b82c81b3953,30,-0.009897500276565552,27.02,0.7595610930739108,0.7595610930739108,0.8143539618552312,0.8514379440491194,0.8872759555141009,0.9224086572802356,0.9504486800831579,0.9750216184502017,1.0001677601928152,1.0140243098485624,1.0341116884776171,1.0434793136545457,1.049397077392901,1.0653980855034393,1.0744509720415494
aarod_20 <= aarod_5_sft_2,-0.020716464,98878,53723,45155,11.79,-8100.25435957871,-1059.8405485609037,1c17b055d6052442bbc23e9c5f48c3b369df45790e4212d5edae44425931e847,30,-0.016436109319329262,26.77,0.8129075050069153,0.8129075050069153,0.8640623546392322,0.9054490184788238,0.9373156481582717,0.95876605455516,0.9742001685232524,0.9973112764314748,1.0195590911512284,1.0406031554827744,1.05771686114507,1.0679699707256793,1.084652960345515,1.103987355788431,1.1242446364547778
rsi_30 <= rsi_20_sft_2,-0.020724008,98878,47007,51871,11.7,-5215.521078604077,-839.2404235065114,f60792ba6ac5baece5de7ac90117c85055d233a86016db65a9b1851d8a518ee9,30,-0.007671492174267769,27.09,0.8548878048610129,0.8548878048610129,0.9111529764904521,0.9594756081614328,0.9959651237690209,1.0230216391073925,1.0475638603571165,1.0631292744629146,1.070929118415181,1.0855948248036464,1.0926526305783246,1.1029066672492684,1.1225668102601603,1.126285866781964,1.1284753064139548
minus_di_20 >= minus_di_10_sft_2,-0.020727757,98878,50698,48180,11.75,-6095.343078154176,-940.0667735470925,a7c5a511f18bc4bc65b530c22aedd665cbba6e43036caf921c03925c9eff7340,28,-0.009596806019544601,26.55,0.8489460582453637,0.8489460582453637,0.9157169813363376,0.9546122917011902,0.9901570813964258,1.021548632080144,1.0432745360727629,1.0602982722428376,1.0712581433167772,1.0878741499812081,1.102849019390868,1.1054925278832965,1.1176091851119252,1.125833805267502,1.1232145280734847
plus_di_30 <= plus_di_5_sft_1,-0.02072946,98878,39515,59363,11.58,-5637.247781876162,-736.4874740278756,bd972efc927c87708f479b3c989a305bfeb89b6aa0381d01606955fa59f6baca,30,-0.013689560815691948,26.7,0.8263327844126926,0.8263327844126926,0.8912596069368426,0.9405888252269602,0.9707887197737433,1.003485932574825,1.0276652659111825,1.0384198139909189,1.0468884930785225,1.0482807075929796,1.0492466058004015,1.0608440617995767,1.0673578259576757,1.0847881084459206,1.0869259465797674
plus_di_5 >= plus_di_20_sft_1,-0.020749943,98878,39037,59841,11.57,-6567.75487969286,-756.7353207730121,e29890bc12ea37e8ab50982e55f5d20643af7c43a2ddc27569a065e219a2f597,30,-0.008933695033192635,26.95,0.7974259284733374,0.7974259284733374,0.8761905421222907,0.9184650419989738,0.9655755060965339,0.9954113940956526,1.0239997040844326,1.0454999833392948,1.0622963298583146,1.0700778500603967,1.079887580349442,1.0820211866101517,1.0870315302460087,1.0962307920302805,1.1136084947157623
willr_10 >= willr_5_sft_1,-0.020758225,98878,50903,47975,11.75,-7402.971203666596,-1013.8699788355589,c76b2a6e6a9f1e35b75e815a28e530490275498e07d600be2da53b82c81b3953,30,-0.011531643569469452,26.95,0.8269051749498303,0.8269051749498303,0.8866469008821266,0.9267358335295394,0.9558407208302676,0.9836830224684039,1.0058087664840223,1.0232642793885616,1.0443999256954213,1.050102568526476,1.0634899071905153,1.0821910424507983,1.0926120465989606,1.1031759885458265,1.1265571286912384
willr_30 >= willr_20_sft_1,-0.020764168,98878,50019,48859,11.74,-8748.998955184761,-1029.6479251300552,c76b2a6e6a9f1e35b75e815a28e530490275498e07d600be2da53b82c81b3953,30,-0.01861654780805111,26.62,0.791735501366642,0.791735501366642,0.8496367528309194,0.8911575757230793,0.9262498748636457,0.9454167857027438,0.9712165913606438,0.9896366538286882,1.0065217738326022,1.015259235850343,1.0290301064843927,1.0443753324268175,1.0596299253621349,1.0802678391336547,1.1012782608188354
minus_di_30 >= 24,-0.020782337,98878,37034,61844,11.53,-4731.191453367582,-736.1953554208303,a06e18f5f366aa3040f30d3f53c74e6c3d30e6b8f15e9282eabbaa7fe9dd85a0,30,0.01868557371199131,28.52,0.8211342995764648,0.8211342995764648,0.8798551566755057,0.921022044676889,0.9538099368157624,0.9807913221102197,1.001879467948221,1.0193917123719607,1.0439298967328743,1.0682123061323008,1.094571131545005,1.1169701954485256,1.1354425281118363,1.1484326652621668,1.166096828333042
rsi_5 >= 2,-0.020852692,98878,98795,83,12.4,-11735.678993886442,-1888.7563996256504,2aff2363e2a1ac18e5b09edc627fed21347731d4e6d91b606bf5ebf4ed170990,30,-0.014259150251746178,27.43,0.8568825645664685,0.8568825645664685,0.9151038974923656,0.9519651470997149,0.9806476289390952,1.0056888526402252,1.027827812806321,1.0449478322756696,1.059386040594228,1.074483775886545,1.0886239912639715,1.1016712229365337,1.1148659866576502,1.126948079379195,1.1393041035458233
willr_30 <= -1,-0.020853052,98878,95373,3505,12.29,-13958.171831229283,-1874.303014366109,c087f74a8ef9fdefe2bfbfe4c42e7c177e68996d73089fae9a8de15f5638210d,30,-0.009934794157743454,27.36,0.822008610734539,0.822008610734539,0.8736912425811568,0.9127895489082777,0.9415162689718065,0.9697296062686575,0.9938573715503674,1.0142547278101375,1.0320776195917243,1.0493492644388904,1.0637828204676811,1.078443734128651,1.091123744688643,1.101971808626525,1.1115759052046326
plus_di_14 <= 6,-0.020863306,98878,1683,97195,7.19,-150.10455411091743,-16.586997866361344,14a9c3710fc1b17e882c866201c8dfd17bc6a0c5cee2921d8c0a77ac8ad2afa3,4,-0.020863305777311325,7.19,0.8295949618330867,0.8295949618330867,0.787598488660842,0.7295421516074704,0.72605615248681,0.7422774537903752,0.735977032297046,0.7073368918003456,0.6803269905409159,0.6549065093595803,0.618126480230209,0.5979878252538381,0.5944546979815895,0.5942888686462817,0.6213470987061416
willr_10 >= willr_30,-0.020944906,98878,55242,43636,11.8,-9078.835651411358,-1229.8838798720826,c76b2a6e6a9f1e35b75e815a28e530490275498e07d600be2da53b82c81b3953,30,3.971887053921819e-05,27.45,0.792643853060246,0.792643853060246,0.8469020278079404,0.8782783474789212,0.902584583668028,0.9293523725059586,0.9549873982279652,0.978154970698547,0.9977757305424103,1.0170131385691397,1.0417121697858878,1.05646598877886,1.0627565619703203,1.071888784433547,1.0782746789505606
plus_di_14 >= plus_di_20_sft_3,-0.020960765,98878,38828,60050,11.56,-6191.338154902391,-734.7424806489071,e29890bc12ea37e8ab50982e55f5d20643af7c43a2ddc27569a065e219a2f597,30,-0.011060207150876522,26.83,0.8086114843666429,0.8086114843666429,0.8843756064781764,0.9368513984290318,0.9789529252240322,1.0114551207155527,1.0356836934982094,1.0548851080161408,1.0676949663597977,1.076458637504295,1.088015662887771,1.090632953217269,1.091563521461918,1.1097265997587031,1.126276477524257
rsi_10 >= rsi_10_sft_2,-0.020971404,98878,50014,48864,11.73,-8994.944060506758,-1034.4700265620413,9c5304fe9d592b70a0c6b3286ed47e7bf2dda0b94ec7966217da111653dec0de,30,-0.014293220825493336,26.81,0.7905409312605468,0.7905409312605468,0.8561262119401422,0.8975951701344059,0.9340200296827614,0.9729631427912029,1.001953238101991,1.0221222774937733,1.0456654037999298,1.057140435894827,1.0760089313507992,1.091058740215631,1.1011854908232273,1.1179923800306408,1.1389283821072838
sma_50 >= Close_sft_1,-0.020972276,98878,50529,48349,11.74,-9073.582729134832,-1174.0768109902056,9d05ebf4a4df1374ab70d34fd4bb0bb7068613b3ea4d9f34537ac27b7aeadf15,30,-0.009686650708317757,27.02,0.767867065744441,0.767867065744441,0.797647762000894,0.8176307893392011,0.8363742502943781,0.855357630239076,0.8728283511748643,0.8894140998914422,0.9078303379520241,0.9307308476238247,0.9497419058887605,0.966098208861445,0.9747361157570229,0.9775103306951823,0.9820028414919849
mom_15 >= mom_15_sft_2,-0.021005295,98878,50662,48216,11.74,-8910.332348202857,-1084.6535412573721,eaab1708ca388033e741f56742381a7a1263cfafa2fbe8f413d450736cce3e74,30,-0.009528649970889091,27.03,0.795631085534708,0.795631085534708,0.8548426599547253,0.8949652233277524,0.9217506770820447,0.9554407293563899,0.981391316514488,1.004138985126219,1.0280795237596345,1.0423051357408823,1.062608106212933,1.085969942350535,1.1036948495913352,1.1181605472179876,1.1315783165779012
aarou_30 <= aarou_30_sft_1,-0.021005556,98878,89547,9331,12.19,-12187.28770644504,-1722.3540894188045,11ecda3140789fc7bb03c4e9ce6db1e36d26d05f5895e9047d4b04d8e05db454,30,-0.010939904488623142,27.29,0.8321804375142126,0.8321804375142126,0.8837658350682651,0.9203340956429789,0.9513773201707731,0.9768240867267245,1.0004200084316908,1.0199900165409186,1.0367965491727449,1.0551032175702781,1.0692948802904096,1.083961016050249,1.0970508881981427,1.110350185875432,1.1192493107496977
minus_di_10 <= minus_di_14_sft_2,-0.021007022,98878,57527,41351,11.83,-8603.290233750957,-1131.2732827790824,6ead8d4aff114cb978d2a5e9b1dcb95b84dfa27fd6f0f40b385ac29b242b16ea,30,-0.009292573668062687,27.09,0.8230808720900917,0.8230808720900917,0.8840782659426295,0.9237328039253219,0.9573600399256423,0.9894679783285515,1.0161788622162324,1.0405362170860413,1.057795592784914,1.0652626328326709,1.0798785288640198,1.0948922630857678,1.1079344043961017,1.1210756169128884,1.132981180819518
adx_14 <= 13,-0.02101088,98878,6282,92596,9.76,-1427.1139460440754,-154.2887879473201,3c92cb65188a6807549ad02f373e5063a01a53cbce3d2b8fe4af860199995f57,30,0.001664058188907802,27.73,0.6951870213349898,0.6951870213349898,0.7280475061295633,0.7654540126256284,0.8105468597632978,0.8599112053235654,0.9014762959322331,0.9546909881992942,1.0129704405034732,1.0438926512361468,1.068224156987668,1.0809531982272436,1.0798405776424633,1.0835793561472962,1.0889209407032525
rsi_30 <= rsi_2_sft_2,-0.021015653,98878,48296,50582,11.71,-6495.937541901039,-904.6777553757856,f60792ba6ac5baece5de7ac90117c85055d233a86016db65a9b1851d8a518ee9,30,-0.009512553922832012,27.01,0.8350020317876654,0.8350020317876654,0.8963609548468945,0.9430437738968291,0.9840596689102553,1.0208960922889994,1.0510915191543568,1.0720792268756167,1.082244687394064,1.1053521261225867,1.1212303262647143,1.1273878379028368,1.1449820437193634,1.1570782280514766,1.1610107981758637
aarou_30 <= aarou_14_sft_2,-0.021016637,98878,45979,52899,11.67,-6848.64681269732,-875.0755716302083,11ecda3140789fc7bb03c4e9ce6db1e36d26d05f5895e9047d4b04d8e05db454,30,-0.00154064130038023,27.37,0.8149760753461974,0.8149760753461974,0.8756281961359846,0.9341714821375393,0.9624809058288233,0.9921147145607132,1.019060442273845,1.0445866949671656,1.0627296527231804,1.082991627601703,1.1076001110786189,1.1258862435893486,1.142907949972539,1.1614323378305496,1.174849974963719
adx_14 >= adx_20_sft_3,-0.021030618,98878,72938,25940,12.0,-8654.534839550935,-1333.0797676367001,fd7b69234972b511c2e03a174ce4b77d38140d5e70cabc298bd88fa9bb05adbf,30,-0.005656086374074221,27.29,0.8494651781463136,0.8494651781463136,0.9031156419966383,0.9436016237242209,0.9763536350270335,0.999214996712312,1.0193794155922613,1.0372817005803305,1.0500513914379526,1.0641253058588367,1.081451385068595,1.0985138491362785,1.1170736011004143,1.1309869589000094,1.1423450275746276
rsi_20 <= rsi_10_sft_1,-0.021058947,98878,47608,51270,11.7,-5948.553651190647,-875.4002760487929,f60792ba6ac5baece5de7ac90117c85055d233a86016db65a9b1851d8a518ee9,30,-0.006621646694839001,27.14,0.8430300766268042,0.8430300766268042,0.9142549772924052,0.9599471650099772,0.9937683662755772,1.0270868734992928,1.0577629641428525,1.0809802621753517,1.0993816437458284,1.1062373902605702,1.1148899177251406,1.1286854269508442,1.1438423002086444,1.151766651299494,1.1549199075019008
aarod_30 <= aarod_5_sft_3,-0.021141704,98878,54267,44611,11.79,-7816.611725920402,-1004.8083286990222,1c17b055d6052442bbc23e9c5f48c3b369df45790e4212d5edae44425931e847,30,-0.016648786142468452,26.77,0.819249351896804,0.819249351896804,0.8732267389654806,0.910380936860451,0.9394621724403269,0.9549498353010785,0.975538451817267,1.001552107241744,1.0192674411074854,1.043033656421815,1.0562455020411583,1.068241420308004,1.0906087472396004,1.1089839793966125,1.1222955706254079
atr_30 >= atr_20_sft_3,-0.021153623,98878,59912,38966,11.86,-8585.720833954096,-1186.4756815011715,532171b4b026df3b7d23c8264137467a8cc80a53ca41565a8c760a4fc7c55907,30,0.012717205099761486,27.9,0.8188304643311343,0.8188304643311343,0.8773389590768362,0.9211783502237949,0.9537730616547837,0.982389420463025,1.0042375184185721,1.022489071722917,1.0338436727002975,1.0435220540439378,1.05132709685516,1.0621121998424174,1.068628031528431,1.0765188085827493,1.0846329360103253
aarou_20 >= aarou_30_sft_3,-0.021201432,98878,40773,58105,11.58,-6257.126994596002,-817.1006883134905,0f031b3780e6467809600593d6806420193325d9573f332c17b627db66a26893,30,-0.002031421521678567,27.34,0.8111488487844504,0.8111488487844504,0.8749295962163862,0.926419402334833,0.9772110590625956,1.0120168100176596,1.0445101864028419,1.0706432841865448,1.0954556775160407,1.1191652770606824,1.13845261253375,1.1586437723018579,1.1728765249914224,1.181414701571887,1.2012817718816677
plus_di_14 <= 5,-0.021205697,98878,1121,97757,5.89,-169.22220485727303,-13.131728951753757,14a9c3710fc1b17e882c866201c8dfd17bc6a0c5cee2921d8c0a77ac8ad2afa3,12,-0.022047216072678566,11.78,0.7147431678170199,0.7147431678170199,0.640051695039094,0.6466014711523148,0.7075385576275139,0.7256726909651995,0.7128027365932585,0.7184190922717657,0.707120685823197,0.6716002046510154,0.6425252409462042,0.6160767386418232,0.6192511294096813,0.6308427513961296,0.6505961893432418
bb_lower_2_20 <= Low,-0.021210864,98878,87490,11388,12.17,-12451.02447376955,-1679.5629650586852,b7ad82b511400bed7e0b17748ce288ee8f3f2ede56b33dfde9aebcf2610f7a03,30,-0.007211104966700077,27.33,0.8281087517293041,0.8281087517293041,0.8860439431176484,0.9254751200221524,0.9576949692774792,0.9875174556793221,1.013402302909104,1.0353601162394812,1.0554755331412293,1.074783926544747,1.0918887460538067,1.1056638510423027,1.1196306575886883,1.13474405659502,1.1470807925496536
willr_5 >= willr_30,-0.021232247,98878,53710,45168,11.78,-9977.466147880474,-1240.1092520602979,c76b2a6e6a9f1e35b75e815a28e530490275498e07d600be2da53b82c81b3953,30,-0.0044894288294017315,27.26,0.7694623481059323,0.7694623481059323,0.8298974750212086,0.864782342956711,0.8933575549200724,0.9265379187933603,0.9549540181193024,0.9752467917709988,0.9973237772676895,1.0166890587570503,1.0361796199632385,1.0465926742145168,1.0572860899938656,1.0731384017004173,1.079272004210811
minus_di_20 >= minus_di_14_sft_2,-0.021289382,98878,46831,52047,11.68,-5634.215051450934,-889.3734602139812,a7c5a511f18bc4bc65b530c22aedd665cbba6e43036caf921c03925c9eff7340,30,-0.015602575615048409,26.71,0.8440529328984715,0.8440529328984715,0.8944743415890554,0.9304100779637011,0.9520733262675642,0.9806828898612261,0.9956291000372569,1.0140603956528316,1.026124167964699,1.0501746158623215,1.0684253163808215,1.07299491753698,1.0815888295914975,1.0853238882981393,1.0865769957770413
bb_upper_2_10 <= bb_upper_2_20_sft_1,-0.02130847,98878,66294,32584,11.93,-11150.777971904277,-1412.5337326404042,3aa49a56ba366f74cacb6b40add631875fca9bf88d1abae08516bfe7d1357af1,30,-0.006043645553290844,27.26,0.7874825662406197,0.7874825662406197,0.8345315288678778,0.864938222791235,0.8854765713506225,0.9124094007733964,0.938150221981399,0.9564696732335947,0.9750877083220725,0.9983812044274675,1.0198042566683354,1.0395601038524747,1.052043609351161,1.0609064283081182,1.0694742857585322
willr_5 >= -23,-0.021318885,98878,25063,73815,11.21,-4188.616608490818,-503.1903713163192,69dfb876a37c1daf9322a675d7db45858b16e638e7217cc78e1177c12ffb23dc,30,-0.010603773407638073,26.63,0.8086615377886488,0.8086615377886488,0.8881177999219051,0.9341310129165286,0.9927043918243466,1.0420106505845446,1.0713843156776834,1.104975447446626,1.1268615889217277,1.1464074884665363,1.1560058761325742,1.1612348035588687,1.1786148977800277,1.1984484734806493,1.2140599027362045
willr_5 <= willr_10,-0.021325707,98878,60562,38316,11.86,-6402.9467058813825,-1091.964229642428,1427ae29e5c4ed561613e902f1f63301f41038d7cf9fdf54aa945c6a3e2bca60,30,-0.017687100917100906,26.82,0.8726395147963489,0.8726395147963489,0.9244285335942527,0.965964864143002,1.0028463395845728,1.0262878249776706,1.0440817311511164,1.0593348966967764,1.0760457271658164,1.0936162027793468,1.1095181286469071,1.1240623832863494,1.1348980800715929,1.1467167860151009,1.1613019604072836
aarou_5 >= aarou_14_sft_2,-0.021334928,98878,53515,45363,11.77,-8343.736384343172,-1086.1366462812075,0f031b3780e6467809600593d6806420193325d9573f332c17b627db66a26893,30,-0.007830101065337658,27.12,0.8105537013991196,0.8105537013991196,0.8626178043833708,0.9007658561115119,0.9465592090670317,0.9820790294980696,1.010663515797245,1.0316300504474656,1.0493313117990342,1.0711765893556944,1.0841976235642106,1.1008459004734106,1.1206924575426787,1.1328777511537114,1.1509352189153472
willr_14 >= -4,-0.021361275,98878,6486,92392,9.76,-798.2989066630253,-133.78290985945932,69dfb876a37c1daf9322a675d7db45858b16e638e7217cc78e1177c12ffb23dc,30,-0.008612300269305706,25.99,0.8467972793773744,0.8467972793773744,0.9985780920984002,1.0755650036251587,1.177313654073783,1.2088450230565948,1.2792504368281754,1.3069418430164828,1.3653753330952363,1.3966914212023258,1.4098944188659468,1.3989693387724342,1.3922853080006006,1.4519956054495247,1.5000926283096352
minus_di_20 >= 18,-0.021377446,98878,68579,30299,11.95,-9870.903104774108,-1433.3487384085747,a06e18f5f366aa3040f30d3f53c74e6c3d30e6b8f15e9282eabbaa7fe9dd85a0,30,0.02721288800239563,28.25,0.8104182409108938,0.8104182409108938,0.8614833125258176,0.8951489350599192,0.9254256031754403,0.956131147100339,0.9869080569511679,1.0184416804655172,1.0451138828667286,1.075896319547881,1.1020056717863114,1.1244546147925742,1.1433378570578536,1.158664550362202,1.1755739286799145
rsi_2 >= rsi_10_sft_3,-0.021412339,98878,48864,50014,11.7,-8883.478132934288,-1050.9085326425993,9c5304fe9d592b70a0c6b3286ed47e7bf2dda0b94ec7966217da111653dec0de,30,-0.012406732887029648,26.88,0.7882483496532497,0.7882483496532497,0.8498677302737907,0.8989097622042407,0.9344455252120467,0.9758419428363181,1.01164337231434,1.0361222722805001,1.0563742572360255,1.0719879849666833,1.0931714059655127,1.108067906264794,1.1130779865236884,1.130688073104931,1.1483433298871573
plus_di_5 >= plus_di_30_sft_3,-0.021488048,98878,39084,59794,11.54,-6205.833965199796,-740.8854483378309,e29890bc12ea37e8ab50982e55f5d20643af7c43a2ddc27569a065e219a2f597,30,-0.01291375607252121,26.73,0.8093061699131902,0.8093061699131902,0.883633194949573,0.9280001790588359,0.9722464762672639,0.9943780269629338,1.01671525710644,1.0360078364269223,1.051058133192727,1.0599016512937152,1.0708512582285339,1.0728141778694804,1.0796929146418421,1.0928173748689947,1.1089377412627337
minus_di_14 >= 15,-0.021492867,98878,77727,21151,12.05,-12054.102154759494,-1639.4334957558895,a06e18f5f366aa3040f30d3f53c74e6c3d30e6b8f15e9282eabbaa7fe9dd85a0,30,0.0225983839482069,27.97,0.8016931783339127,0.8016931783339127,0.8562643192669764,0.8910266676117055,0.9175182716314846,0.9472225288664596,0.9738997852161002,1.0029916779572614,1.0279240675276973,1.0528469579811055,1.0726452307080443,1.0891709078123717,1.1064673598239372,1.11890686171461,1.1319339320457968
plus_di_20 <= 6,-0.02154333,98878,888,97990,4.95,-157.87436032737605,-12.181346938894421,14a9c3710fc1b17e882c866201c8dfd17bc6a0c5cee2921d8c0a77ac8ad2afa3,12,0.0,0.0,0.660247077790813,0.660247077790813,0.6424477281397216,0.6417325946330497,0.6576779824974027,0.6647564548911506,0.6515473912304323,0.6440640848795202,0.6252166074943319,0.5962800966489298,0.5774631209674218,0.5660388544777173,0.5765107290763701,0.5841434489485283,0.617589743556837
bb_upper_2_10 <= bb_upper_2_20,-0.021563603,98878,67767,31111,11.94,-11329.367372183438,-1438.3804129194104,3aa49a56ba366f74cacb6b40add631875fca9bf88d1abae08516bfe7d1357af1,30,-0.0021770442835986614,27.38,0.7903498454265314,0.7903498454265314,0.8379688665583029,0.8694992462807386,0.8939583267436625,0.9182719272175526,0.9425551499648058,0.9618284148354873,0.981562780306217,1.0050989400432138,1.0252660328692904,1.0435582524074034,1.0559594451555476,1.0634599644558715,1.0733367146802382
plus_di_30 <= plus_di_14_sft_3,-0.02157127,98878,41545,57333,11.58,-6089.088055005552,-838.1904007036283,bd972efc927c87708f479b3c989a305bfeb89b6aa0381d01606955fa59f6baca,26,-0.01658448949456215,25.47,0.818092031233025,0.818092031233025,0.8766002824478372,0.9137015564877451,0.9368466352808934,0.9638475713261949,0.9840463910903948,1.0030398054779894,1.0119740759822677,1.0147403055824655,1.0170161227094052,1.0211535055679242,1.0368024763771477,1.0292621746708734,1.0316581643850113
minus_di_14 >= 8,-0.021636833,98878,94620,4258,12.27,-12430.550539343141,-1849.7242117860806,a06e18f5f366aa3040f30d3f53c74e6c3d30e6b8f15e9282eabbaa7fe9dd85a0,30,0.021168537437915802,27.65,0.836545749964525,0.836545749964525,0.8958463222663681,0.9330972149289841,0.9634637821669476,0.99194425921209,1.0189652876939919,1.0430055404562146,1.0617021570789842,1.0786974224861432,1.0934057388308411,1.1051919426945902,1.1190509239389845,1.1319614726632239,1.145247212596779
bb_upper_2_20 <= bb_upper_2_20_sft_3,-0.02167051,98878,52436,46442,11.75,-8731.805596858587,-1055.497352215265,3aa49a56ba366f74cacb6b40add631875fca9bf88d1abae08516bfe7d1357af1,30,-0.0074486155062913895,27.13,0.786916193220708,0.786916193220708,0.8287419561703349,0.8581687746468366,0.8791038478810298,0.9105562331735273,0.93306534255003,0.9524823902322102,0.9765164717858377,0.9979463236909828,1.0216947832828736,1.0410552709779755,1.05992358497801,1.066939165197784,1.0742325474954484
minus_di_10 >= 5,-0.021697586,98878,96313,2565,12.3,-12376.201908372215,-1865.5819674330778,a06e18f5f366aa3040f30d3f53c74e6c3d30e6b8f15e9282eabbaa7fe9dd85a0,30,0.013111734762787819,27.54,0.8415968443622581,0.8415968443622581,0.8952319961393312,0.9346582932626064,0.9663747947597892,0.9948427503315396,1.0198034320249187,1.0410214044535369,1.0591169498846436,1.0745842800004017,1.0887382948923336,1.101267038569447,1.1155834692763862,1.129819890770224,1.1434298310401085
willr_20 >= willr_14_sft_2,-0.021702114,98878,50311,48567,11.72,-8614.08418370122,-1051.352276280937,c76b2a6e6a9f1e35b75e815a28e530490275498e07d600be2da53b82c81b3953,30,-0.013501654379069805,26.85,0.7964827470682118,0.7964827470682118,0.8524075788860936,0.8909100780472929,0.9315119060326463,0.9641735581214317,0.9994615926181408,1.0222028480043883,1.0465675214959087,1.054557672241857,1.0767388145200438,1.0911179827569233,1.0946854251521785,1.1078104957766217,1.1237349243379564
minus_di_5 <= minus_di_20_sft_3,-0.021710508,98878,54469,44409,11.77,-8139.23006003961,-1058.2838686673567,6ead8d4aff114cb978d2a5e9b1dcb95b84dfa27fd6f0f40b385ac29b242b16ea,30,-0.009613162837922573,27.06,0.822022724957633,0.822022724957633,0.8863115146560534,0.9288114085061254,0.9652570263053675,0.9923748853316313,1.0183328629029416,1.0425209378598999,1.0562710313280446,1.0654522324481426,1.0800883533699297,1.0947906160311633,1.107254059176579,1.1194620362331926,1.132010588767127
plus_di_14 <= 21,-0.02172415,98878,44405,54473,11.62,-7352.853359077465,-1005.0192553745874,14a9c3710fc1b17e882c866201c8dfd17bc6a0c5cee2921d8c0a77ac8ad2afa3,30,-0.014303747564554214,26.74,0.7788260866296909,0.7788260866296909,0.8199193331266859,0.8476438622168497,0.8614086663258095,0.8773068624795871,0.8847304913541462,0.8888160865533095,0.8957316693382993,0.9032622502413452,0.9164212854525101,0.931585512668999,0.9488472690771818,0.9545576299534001,0.9632115854563967
plus_di_14 <= 9,-0.021745449,98878,4702,94176,9.21,-518.0141507219646,-85.6345209023566,14a9c3710fc1b17e882c866201c8dfd17bc6a0c5cee2921d8c0a77ac8ad2afa3,6,-0.023090019822120667,11.46,0.8213585237873369,0.8213585237873369,0.8458888834083462,0.8356688377869477,0.8310345477283685,0.8273660618915254,0.8174202343055235,0.8124298397034705,0.7932222599732148,0.7693755368860845,0.7512466640966096,0.7532581555953076,0.765139402939263,0.7618638101446256,0.7600516502655126
plus_di_30 <= plus_di_20_sft_2,-0.021785544,98878,43262,55616,11.6,-5531.435970825194,-772.6300805759311,bd972efc927c87708f479b3c989a305bfeb89b6aa0381d01606955fa59f6baca,28,-0.017934679985046387,26.06,0.8378769081453619,0.8378769081453619,0.8864894589600877,0.9177326493070451,0.942689624854814,0.9662928513540006,0.9867215153826783,1.0094098752394158,1.0209894411002194,1.032731825311757,1.0345551519959943,1.0366651215304907,1.055449386392939,1.0578459339855166,1.055828583226179
rsi_30 <= rsi_14_sft_3,-0.021800084,98878,46987,51891,11.66,-5032.290621475993,-833.7075927202823,f60792ba6ac5baece5de7ac90117c85055d233a86016db65a9b1851d8a518ee9,26,-0.004369886592030525,26.12,0.8614572562055306,0.8614572562055306,0.9217238152457988,0.9631232083954459,0.9860268241622552,1.0162577093646872,1.03868536658415,1.05405571755884,1.0640854400391366,1.078801636485124,1.0880778839579652,1.1012385507981641,1.1145187378687245,1.111929955433568,1.1106083375639493
rsi_2 >= rsi_10_sft_1,-0.021801008,98878,48907,49971,11.69,-9118.056440055028,-1048.8462994898873,9c5304fe9d592b70a0c6b3286ed47e7bf2dda0b94ec7966217da111653dec0de,30,-0.012669546529650688,26.87,0.784583287750515,0.784583287750515,0.8502641651659809,0.900654672956514,0.9366498292879921,0.975523457679423,1.0072224433273007,1.0334441812139459,1.051692250442297,1.0640198420982292,1.0843501698545617,1.0960931561653047,1.1079495966161752,1.1223431789452023,1.1395154424883753
plus_di_14 >= plus_di_20_sft_2,-0.0218293,98878,36932,61946,11.49,-6650.5269339361985,-750.695961235193,e29890bc12ea37e8ab50982e55f5d20643af7c43a2ddc27569a065e219a2f597,30,-0.010914748534560204,26.81,0.7859775236023229,0.7859775236023229,0.8658653671587945,0.9086969802229119,0.9540039094316584,0.9853406357989157,1.0043943287853951,1.0168833749545458,1.03319499030337,1.041220582297914,1.0551996966974007,1.064768721922936,1.0676842594567004,1.077978066343065,1.100971482899858
minus_di_10 <= minus_di_14_sft_1,-0.021829993,98878,59950,38928,11.84,-8603.697973699287,-1151.015862945933,6ead8d4aff114cb978d2a5e9b1dcb95b84dfa27fd6f0f40b385ac29b242b16ea,30,-0.009474260732531548,27.1,0.8288305680560479,0.8288305680560479,0.8891402855408598,0.9310934894208642,0.9664069580884217,0.9974439098296012,1.024385227879491,1.0475176359763017,1.0676749829215542,1.0793305947413003,1.0924690562871076,1.1062941054533977,1.116933175410859,1.1279307133432643,1.1437701701277165
rsi_2 >= rsi_10_sft_2,-0.021830052,98878,48798,50080,11.69,-9101.601138715494,-1051.5037672897306,9c5304fe9d592b70a0c6b3286ed47e7bf2dda0b94ec7966217da111653dec0de,30,-0.011948427185416222,26.9,0.7843790050166121,0.7843790050166121,0.8510429315028267,0.8999624148973138,0.9403276569119766,0.9777598153639271,1.0101606508500747,1.0339598755618944,1.0527326482050283,1.065459097130844,1.0873354258598522,1.0979252509649153,1.1083304776062188,1.122617584815421,1.1404981486261592
aarod_20 <= aarod_5_sft_3,-0.021845903,98878,56717,42161,11.8,-8935.564543600689,-1116.2314333657705,1c17b055d6052442bbc23e9c5f48c3b369df45790e4212d5edae44425931e847,30,-0.013745538890361786,26.92,0.8056396115623192,0.8056396115623192,0.8721768598949029,0.9099759004320015,0.9337968301669102,0.9532349456329209,0.9745953215966606,1.0014511206532526,1.024857494584958,1.044516053721354,1.0652566432648682,1.0740077566137007,1.0949585638612096,1.1100609695645265,1.1242035769959515
stdev_14 <= stdev_10_sft_2,-0.021853905,98878,23400,75478,11.12,-3464.9061472959875,-437.9419525691628,76cc05d7e847d59489f80a379ae9909f097acc0055c98dd465d85c99099ff3c8,30,-0.01029747724533081,26.62,0.8114755373932672,0.8114755373932672,0.8567506779912364,0.8782747430184629,0.8905513306069482,0.9266593118153881,0.9521851407257785,0.9797314874823968,0.9858638449637355,0.9936667890908463,0.9983156365746082,1.0211798948740143,1.0364140191696416,1.0637649154452944,1.0724091174348482
rsi_2 >= rsi_10,-0.021890491,98878,48814,50064,11.69,-8795.004366845016,-1040.755367645339,9c5304fe9d592b70a0c6b3286ed47e7bf2dda0b94ec7966217da111653dec0de,30,-0.011830119416117668,26.91,0.7915672631706236,0.7915672631706236,0.8528473486147577,0.9076891640268284,0.9459598396747667,0.9853731710046256,1.0203850753973374,1.0429892745331346,1.0607313937791338,1.071287887744085,1.0911346376776754,1.1043068975298194,1.1145938294080997,1.1298574175135065,1.1477173614663967
bb_lower_2_30 >= bb_lower_2_10_sft_3,-0.021916285,98878,17242,81636,10.85,-3275.84191611107,-395.71471687781013,14f3c68ebc76bb97608c90e96e22d07d8e6617ab0d939b3b0b66c54f45811d90,30,-0.0028703901916742325,27.17,0.760480953817172,0.760480953817172,0.8183596380916055,0.8393197478971197,0.8549879070277816,0.8864864876550373,0.8907898733381058,0.9189693380886806,0.9457408109507667,0.9700702427415444,0.9780829907670116,0.9902163369659268,1.0082602514523744,1.007411301781038,1.0091063702413388
plus_di_14 <= 22,-0.021920973,98878,48681,50197,11.68,-8133.509387390517,-1098.6425206333515,14a9c3710fc1b17e882c866201c8dfd17bc6a0c5cee2921d8c0a77ac8ad2afa3,30,-0.012895805761218071,26.86,0.7789066632137683,0.7789066632137683,0.8216916658941387,0.8476032854250191,0.8651841888190771,0.8819859105388209,0.8951219523686215,0.9025449461389836,0.9075590824860327,0.9160479035691226,0.9287430098962268,0.9424646605886102,0.958074938233985,0.9673105137556458,0.9744125708634399
minus_di_14 >= 9,-0.02195749,98878,93263,5615,12.24,-12439.430981994712,-1847.9630810158196,a06e18f5f366aa3040f30d3f53c74e6c3d30e6b8f15e9282eabbaa7fe9dd85a0,30,0.024681011214852333,27.72,0.8333918503998953,0.8333918503998953,0.8925594452157538,0.930958146157988,0.9607966186040048,0.9897300669592535,1.0186280150241784,1.0430576095395245,1.0623945608689735,1.0783894157726193,1.0934182340718128,1.1045054255764257,1.1184653633416457,1.1316830957727697,1.1438121839852107
willr_5 >= willr_30_sft_2,-0.021963501,98878,51085,47793,11.72,-10170.991740535224,-1188.143522730934,c76b2a6e6a9f1e35b75e815a28e530490275498e07d600be2da53b82c81b3953,30,-0.008401359431445599,27.08,0.7626393877506356,0.7626393877506356,0.8190992654662171,0.8557565143728039,0.8929211503374441,0.9299277953476867,0.9657682011703179,0.9909236829552074,1.015557635666868,1.0267655645126608,1.04746764353726,1.060648569817931,1.0687628578929333,1.083806705182786,1.0910063522460482
willr_14 >= willr_10_sft_3,-0.021993613,98878,50687,48191,11.71,-8867.30942016749,-1062.9171192443828,c76b2a6e6a9f1e35b75e815a28e530490275498e07d600be2da53b82c81b3953,30,-0.01600640080869198,26.75,0.7930763159672493,0.7930763159672493,0.8503917695507465,0.8887996967251779,0.922370101369658,0.952860065001836,0.9881704623552975,1.012608403174915,1.035032003835445,1.047992918733232,1.0670276292594312,1.0784261629376433,1.083546740926581,1.1027272473908154,1.1168559709089683
plus_di_14 <= 7,-0.022011302,98878,2463,96415,7.88,-294.9480001137249,-39.41700786186266,14a9c3710fc1b17e882c866201c8dfd17bc6a0c5cee2921d8c0a77ac8ad2afa3,14,-0.02331003174185753,15.23,0.7865688463527407,0.7865688463527407,0.7752643339380394,0.7733766627872736,0.7897822698633844,0.7875829245611268,0.7984555365390472,0.7766772275779981,0.7379681524480245,0.6931344787960703,0.6569333424481751,0.6305613606360689,0.6236384107988452,0.6127126738538388,0.6234507674054715
stdev_20 <= stdev_14_sft_3,-0.022032032,98878,21906,76972,11.06,-3350.8045254590033,-423.4692228241256,76cc05d7e847d59489f80a379ae9909f097acc0055c98dd465d85c99099ff3c8,24,-0.0006073574768379331,25.68,0.8007804224159346,0.8007804224159346,0.8526375227990203,0.8736544511693484,0.8811530202381705,0.9181627411506553,0.9379913457079722,0.9528388425802263,0.9643078903368397,0.9890067053953079,1.0056984169120637,1.0275667530224606,1.026928499979455,1.0243426093744727,1.0234003000731293
plus_di_14 <= 12,-0.02205308,98878,10340,88538,10.29,-1536.8655733716419,-244.46021592943725,14a9c3710fc1b17e882c866201c8dfd17bc6a0c5cee2921d8c0a77ac8ad2afa3,30,-0.024278737604618073,24.27,0.7827533708775357,0.7827533708775357,0.8235651607798358,0.8732226176428283,0.8871801456959029,0.8761921634882031,0.8733543184964504,0.8710034283280157,0.879601618139947,0.8868931580377657,0.8958804463863947,0.9025223943950995,0.9094023411353875,0.9232755552749652,0.9337597662674538
plus_di_5 >= plus_di_30,-0.022057429,98878,39370,59508,11.52,-6205.284043901789,-747.4724520246164,e29890bc12ea37e8ab50982e55f5d20643af7c43a2ddc27569a065e219a2f597,30,-0.013383463025093079,26.71,0.8109774258061798,0.8109774258061798,0.8860710741456811,0.9326648446638289,0.9741956901117815,0.9978187257357451,1.0264467148675283,1.0430781951912023,1.0493325884571727,1.0531713373382467,1.0606227954277487,1.062752083908213,1.0721555650204906,1.0840410137663454,1.0987346260496331
willr_10 >= -7,-0.022098731,98878,9593,89285,10.19,-1397.7351800222677,-191.66698501093197,69dfb876a37c1daf9322a675d7db45858b16e638e7217cc78e1177c12ffb23dc,30,-0.011546450667083263,25.87,0.8236048221265045,0.8236048221265045,0.9591832539803483,1.008676725447508,1.1209953115874927,1.1792514063730186,1.2239714050258437,1.2518316704322507,1.2899665373601465,1.2943429879171071,1.2978946346204427,1.3129118955731485,1.2887201676838407,1.329863545368918,1.3696868244487712
adx_14 <= adx_14_sft_3,-0.022146294,98878,53260,45618,11.74,-9520.741068234347,-1097.6020979328314,234f8ad1c2baf91b95c9f1aef2798b533888ce55558d2a8e51c247014080fabc,30,-0.012055727653205395,26.95,0.7792389097877847,0.7792389097877847,0.8241696930068991,0.8516738999466094,0.8813255620419356,0.9235719739979509,0.9623112892192809,0.9888182171312533,1.0102102166024896,1.0324777313295048,1.0523462813160747,1.0674886889917254,1.075798739497401,1.0847929460260028,1.0948563720344258
rsi_14 >= rsi_14_sft_2,-0.022256572,98878,49909,48969,11.69,-9105.435633628389,-1041.7428213351013,9c5304fe9d592b70a0c6b3286ed47e7bf2dda0b94ec7966217da111653dec0de,30,-0.01547977514564991,26.76,0.787363344848287,0.787363344848287,0.8490598781275591,0.8870679100149709,0.9240323003583641,0.9640411508196228,0.9956717508821893,1.0159614008335822,1.0410097973550152,1.0534924828686572,1.0723063107469513,1.0874769877541144,1.0948468074089484,1.1099287166789917,1.1294555164218065
bb_lower_2_30 >= bb_lower_2_30_sft_1,-0.022273554,98878,51447,47431,11.71,-7778.637503188162,-894.1274930651125,14f3c68ebc76bb97608c90e96e22d07d8e6617ab0d939b3b0b66c54f45811d90,30,-0.011504373513162136,26.95,0.8114319545345146,0.8114319545345146,0.864891433386994,0.9167820203192699,0.9471761898901252,0.9846952321006011,1.018119407323184,1.0421752355686718,1.0663612418059103,1.0882345968782754,1.099390183992641,1.1051781653422141,1.1137809696601535,1.1178103914977346,1.1311022404650228
willr_10 >= willr_20,-0.022282144,98878,59554,39324,11.82,-8799.709033506722,-1228.4238661570416,c76b2a6e6a9f1e35b75e815a28e530490275498e07d600be2da53b82c81b3953,30,-0.0033135581761598587,27.32,0.8108021048506652,0.8108021048506652,0.8647401067352481,0.890592366276612,0.915748386606092,0.9375619844767065,0.9617745742184837,0.9826640469983314,1.002079000078901,1.0229229602045493,1.0432296247923944,1.060270655497997,1.073297158322356,1.0855087252021152,1.0968645359622962
adx_10 <= 18,-0.022295676,98878,13613,85265,10.58,-2653.104087944186,-303.8943085378269,3c92cb65188a6807549ad02f373e5063a01a53cbce3d2b8fe4af860199995f57,30,0.002954780124127865,27.77,0.7378302599655618,0.7378302599655618,0.7790900174797891,0.8125823953740055,0.8506925606503929,0.9022652226939667,0.9422497354232273,0.9715876603679208,1.0182738151476391,1.0474624474898215,1.0598843025842786,1.0699036526711216,1.0758673005085666,1.081565092447158,1.086574753943252
sma_200 <= Close_sft_3,-0.022327749,98878,40619,58259,11.54,-4747.068497042263,-717.6286962563245,50a0e61b02a2d5c963e9603b4bade036c42f4965c5f54e99ff926c2165cc53b8,30,-0.009575339034199715,26.93,0.8510961423601575,0.8510961423601575,0.9168906514026992,0.9723714272588664,1.0099717358264328,1.0475601844257394,1.0798017419378259,1.10702807870501,1.1279344440930905,1.1476051971629957,1.1701935827006995,1.1923277579925171,1.2171055046695032,1.240289263376437,1.2590503191808544
sma_200 <= Low_sft_2,-0.022372365,98878,37795,61083,11.48,-4383.609757734292,-667.2777712127499,984863a5cb13aec2699710705080435de7dea983a917ddee35d0db64a2bad484,30,-0.009645717218518257,26.9,0.8524457894713203,0.8524457894713203,0.9258649715968794,0.9803976982426008,1.022573202294594,1.0571096352024103,1.0883844168065426,1.116992450212977,1.1410391503288349,1.1633180097370974,1.1848010813569279,1.210609454924048,1.237118567870892,1.2649061101860852,1.2871353903168279
stdev_10 <= stdev_5_sft_1,-0.022375133,98878,17078,81800,10.8,-3437.9599593792373,-423.6201685799533,76cc05d7e847d59489f80a379ae9909f097acc0055c98dd465d85c99099ff3c8,30,-0.010914916172623634,26.38,0.7544543876788623,0.7544543876788623,0.8080016376508424,0.8511003908652928,0.8836495179275217,0.8874935241378414,0.8924984937530944,0.9173725445099246,0.9529524336682587,0.9903205313953719,1.0062299745703536,1.0285005679311197,1.0568159860190212,1.0695781026046325,1.0781394531488142
willr_14 >= -3,-0.022375783,98878,5838,93040,9.47,-567.8778639314114,-107.42804497455654,69dfb876a37c1daf9322a675d7db45858b16e638e7217cc78e1177c12ffb23dc,30,-0.009253399446606636,25.8,0.8725576972944966,0.8725576972944966,1.0342448610475796,1.1033836590567836,1.2042741604230627,1.2033630275283782,1.268050399175169,1.3004545911239498,1.348134645575829,1.3858510517418259,1.4018320469982868,1.3794533399732485,1.3741405978996015,1.440251607648475,1.501881180991604
bb_upper_2_10 >= Close_sft_1,-0.02237762,98878,97543,1335,12.33,-12594.35574124489,-1894.0149561997023,c0747f5e7ce163e3c1dabc2ee26f6f6da1485e96e9d6c50c701fe20834f02f93,30,-0.012884508818387985,27.38,0.8444641017510915,0.8444641017510915,0.8984687477943859,0.935574132987126,0.9653008757285622,0.9923607606998762,1.0147420920365944,1.032276269822917,1.0484743028551469,1.0645583080057366,1.0787964561938121,1.093088979111548,1.1069382740252098,1.1193026916165774,1.130957228312049
minus_di_10 >= 6,-0.022445083,98878,95258,3620,12.27,-12391.487011303707,-1858.1689694637316,a06e18f5f366aa3040f30d3f53c74e6c3d30e6b8f15e9282eabbaa7fe9dd85a0,30,0.015628669410943985,27.58,0.8390994739839709,0.8390994739839709,0.8945514272823036,0.9336338055340783,0.9654511639872811,0.9933208021706325,1.01920885105003,1.0417442500185303,1.0595485451151156,1.0755059662224353,1.0901245784458435,1.1026660557611834,1.1179228756994946,1.1315568753404825,1.1451605068773314
willr_14 >= willr_20_sft_2,-0.022457829,98878,50989,47889,11.7,-9673.103389678326,-1137.5048830210653,c76b2a6e6a9f1e35b75e815a28e530490275498e07d600be2da53b82c81b3953,30,-0.009065333753824234,27.05,0.7747773949058321,0.7747773949058321,0.8313339194264274,0.8643690306942713,0.8929396951398608,0.919150305376521,0.9498036194949717,0.9780990376327388,1.0106102057060964,1.0271606730531166,1.0527388981146675,1.0722913137261756,1.0851199084612315,1.0982907721661699,1.1097464303807532
adx_14 <= 15,-0.02246107,98878,12570,86308,10.48,-2518.4773514806875,-274.6265678819327,3c92cb65188a6807549ad02f373e5063a01a53cbce3d2b8fe4af860199995f57,30,-0.003254052484408021,27.06,0.7260582164296701,0.7260582164296701,0.7665942796446683,0.7830556268587276,0.8055609304430579,0.8384589946551142,0.8697612506293474,0.8923197793389852,0.9235680620902774,0.9539640762321309,0.9783197379582668,0.9876432307984335,1.001967438443334,1.0046210151557036,1.0121162661700882
stdev_20 <= stdev_14_sft_2,-0.022478309,98878,21705,77173,11.02,-3197.3416832244984,-408.60806403067545,76cc05d7e847d59489f80a379ae9909f097acc0055c98dd465d85c99099ff3c8,26,-0.006308342795819044,25.8,0.807155597141754,0.807155597141754,0.8572627333141781,0.871064689705502,0.8818293441908546,0.908980614602299,0.9358937609657032,0.9536743777398251,0.9642594769772614,0.9944201997616147,1.0048639711845366,1.0234741702464658,1.0431166805638763,1.0408187001525833,1.040645553132233
stdev_14 <= stdev_20_sft_3,-0.022486124,98878,65561,33317,11.89,-10493.124634621421,-1330.0766186747715,76cc05d7e847d59489f80a379ae9909f097acc0055c98dd465d85c99099ff3c8,30,-0.00916648842394352,27.15,0.8003969945107967,0.8003969945107967,0.8522564906831738,0.8878517089510871,0.9217741458454055,0.9520667809712917,0.9804123526523344,1.002926079224538,1.0291239097951717,1.0540977365024193,1.0679245041168401,1.0842345948639103,1.0973452965370227,1.1084013088650955,1.1239934704329355
rsi_30 <= rsi_5_sft_3,-0.022490107,98878,47433,51445,11.65,-5539.55172240534,-849.3353124246714,f60792ba6ac5baece5de7ac90117c85055d233a86016db65a9b1851d8a518ee9,30,-0.008526613935828209,27.05,0.853347922302388,0.853347922302388,0.9091465303438496,0.9589302627271771,0.9994542991683522,1.0262495592942693,1.0494164896672806,1.0717230889646412,1.0811631212107542,1.0981539583893907,1.1109530519196815,1.1251785352656756,1.140586890451608,1.1444624216276276,1.1498650605568566
plus_di_30 <= plus_di_10_sft_3,-0.022491898,98878,40673,58205,11.53,-5938.90614907632,-791.3068485974145,bd972efc927c87708f479b3c989a305bfeb89b6aa0381d01606955fa59f6baca,26,-0.012269478291273117,25.68,0.819168480424431,0.819168480424431,0.88550586619573,0.9243624010832086,0.9620958652163311,0.9841640499859544,1.002629857004319,1.0238114219280872,1.0303623398127286,1.031774298860274,1.0354727130657808,1.038199021293097,1.057104196938929,1.0496950199094448,1.0466419675673757
minus_di_30 >= 22,-0.022529999,98878,48624,50254,11.66,-6497.655564002781,-1008.2412151508615,a06e18f5f366aa3040f30d3f53c74e6c3d30e6b8f15e9282eabbaa7fe9dd85a0,30,0.018050959333777428,28.26,0.8160219159263727,0.8160219159263727,0.8702282438624583,0.9072159256438206,0.9381096773958082,0.9644952185831693,0.9922515521294469,1.0150269160410976,1.0337846614002917,1.0555540678390716,1.0792316070943389,1.097557644758058,1.1102600201528101,1.1227691854134327,1.1356440273366672
bb_upper_2_10 <= bb_upper_2_20_sft_2,-0.022537338,98878,65512,33366,11.89,-11185.345108094163,-1399.794227217193,3aa49a56ba366f74cacb6b40add631875fca9bf88d1abae08516bfe7d1357af1,30,-0.0067930580116808414,27.23,0.7840658634372772,0.7840658634372772,0.8335383778860314,0.861379150452232,0.8834331776685009,0.9073724407960101,0.9310174701812001,0.9493529962139777,0.9676882016615602,0.9908052823087844,1.0123712228384683,1.0314779511266057,1.044798602799005,1.0555001042312597,1.0647273831996473
adx_30 <= 9,-0.02254862,98878,6248,92630,9.56,-1186.4913802961528,-125.79134019902995,3c92cb65188a6807549ad02f373e5063a01a53cbce3d2b8fe4af860199995f57,30,0.0018854434601962566,27.77,0.7100772364376418,0.7100772364376418,0.7721449926372492,0.8145974967102199,0.866586592010714,0.9201174244738871,0.9768282078457903,1.034548111114042,1.1008024412264468,1.14951853952302,1.1938918106789846,1.2171793472978854,1.2243868977941705,1.228516642309085,1.2337750349582373
willr_5 >= willr_5_sft_1,-0.022555778,98878,52704,46174,11.72,-8442.62056580367,-1117.3987103448017,c76b2a6e6a9f1e35b75e815a28e530490275498e07d600be2da53b82c81b3953,30,-0.012246119789779186,26.93,0.8087500384185745,0.8087500384185745,0.8714632312278853,0.9133103265461511,0.9434416735624856,0.9694900870629,0.9971198087691822,1.0167002289324438,1.034213451916204,1.0436403777713583,1.0603272036152687,1.0758202597069813,1.0867920074435666,1.1024487315463043,1.1226798173069685
plus_di_30 <= plus_di_20_sft_1,-0.022563547,98878,41073,57805,11.54,-5454.073091786071,-772.8940241357632,bd972efc927c87708f479b3c989a305bfeb89b6aa0381d01606955fa59f6baca,28,-0.020863769575953484,25.87,0.8348677524800414,0.8348677524800414,0.895996894810935,0.9444515239359841,0.9704846487325026,0.9993515966510649,1.017471248899949,1.0389404756019596,1.0521220473488448,1.0571283097713304,1.0618611779205493,1.0622452414922603,1.0766635938879792,1.0873981061309133,1.0852253306157236
rsi_5 >= 5,-0.022566019,98878,98628,250,12.38,-11753.297126209236,-1882.2064416518988,2aff2363e2a1ac18e5b09edc627fed21347731d4e6d91b606bf5ebf4ed170990,30,-0.008298346772789955,27.43,0.8563291743920356,0.8563291743920356,0.9145785506947528,0.9516788327680529,0.9807682434486786,1.00588009992546,1.0279224231835413,1.0452666278689635,1.059669343346263,1.074765702194271,1.0889486222290643,1.1017680409032353,1.1148992880090092,1.1269424816868623,1.1393711497576555
aarou_20 <= aarou_5_sft_3,-0.022591177,98878,56781,42097,11.78,-8872.218101306156,-1164.8493936638915,11ecda3140789fc7bb03c4e9ce6db1e36d26d05f5895e9047d4b04d8e05db454,30,-0.007861239835619926,27.14,0.8077046964794811,0.8077046964794811,0.8712264574703243,0.9204057595097669,0.9493783662967475,0.9810995204111769,1.0057433514190048,1.026028663548701,1.043529078749039,1.0646208745057872,1.0901733105856353,1.1069489938253592,1.1226421182373436,1.1405043509303354,1.149672043089869
sma_200 <= High_sft_3,-0.022603204,98878,43564,55314,11.58,-5328.6723610348745,-783.4607506532411,96dbcbed1df94b1ba010b345e5b1a9039b5cdd6019405ebbb50c28754007bf82,30,-0.010185264982283115,26.93,0.8449681963056986,0.8449681963056986,0.9102878352367331,0.9595550449173877,0.9971724560251556,1.035003476429669,1.0628749764719618,1.0862387914480465,1.1060897724823393,1.1249143543228983,1.1464305862733206,1.1696983555076992,1.192052976606055,1.2129367055355524,1.2297875630119026
willr_5 >= -22,-0.022640528,98878,24285,74593,11.11,-4050.4918280011625,-502.2631225597215,69dfb876a37c1daf9322a675d7db45858b16e638e7217cc78e1177c12ffb23dc,30,-0.01147824339568615,26.55,0.8081763236423515,0.8081763236423515,0.8894975227780185,0.9398673278263101,0.9980944987396011,1.0497425295747418,1.0783237190452326,1.1115009569817291,1.1319232726887705,1.1530099869218746,1.160463011520737,1.1644023570985307,1.1797446324968919,1.200011974518556,1.2193618285266057
willr_14 >= 0,-0.022669084,98878,3736,95142,8.65,-248.37149875576142,-58.48672195005929,626469ba46e82766ce5b3089ecf6b9c8cc864cc725a917d504c11f3428566108,30,-0.01133268978446722,24.89,0.9043268015536566,0.9043268015536566,1.0784972911048256,1.1236818576713101,1.2112004764015551,1.2569707972302107,1.3042483532750337,1.3388532577074184,1.3713347229815673,1.411926967021564,1.4348265491283139,1.4245710224984522,1.437591104597833,1.5111018752343637,1.5849360237379304
willr_14 >= willr_20_sft_3,-0.022674778,98878,50527,48351,11.69,-9080.645628281745,-1088.3185623869358,c76b2a6e6a9f1e35b75e815a28e530490275498e07d600be2da53b82c81b3953,30,-0.009707094170153141,27.02,0.7863053631116471,0.7863053631116471,0.8373042948756081,0.8797404214502572,0.9057032722951227,0.9370435545875935,0.968455457040349,0.9937119295511304,1.0187637118010546,1.0377985978659914,1.0587639533393043,1.0759664209859754,1.0903770324090654,1.1063602067284322,1.1215223745431069
minus_di_5 <= minus_di_20_sft_1,-0.022681281,98878,55059,43819,11.75,-8057.902594423662,-1056.9015421431905,6ead8d4aff114cb978d2a5e9b1dcb95b84dfa27fd6f0f40b385ac29b242b16ea,30,-0.008664141409099102,27.1,0.8259305084066625,0.8259305084066625,0.8880557006872838,0.9317796758205786,0.9688693488705176,0.9990963382556666,1.0239741612236075,1.0469654624957947,1.0623039395449059,1.0725174982720946,1.087976685815666,1.1028110541929583,1.115301249795304,1.1274456556386567,1.1391404177554287
minus_di_14 >= 10,-0.022688204,98878,91534,7344,12.21,-12701.454871024038,-1822.9864321038986,a06e18f5f366aa3040f30d3f53c74e6c3d30e6b8f15e9282eabbaa7fe9dd85a0,30,0.024854160845279694,27.76,0.8261650805022549,0.8261650805022549,0.8852309197241628,0.9260241887195513,0.9550296467066067,0.9839875470472245,1.012342110059891,1.039509994306342,1.0589760186335795,1.076070108098637,1.090875619330773,1.103374465811964,1.117596948634315,1.1311374696175016,1.1444703918400068
plus_di_30 <= plus_di_10_sft_2,-0.022736903,98878,40306,58572,11.51,-5335.623101685334,-736.3693343434861,bd972efc927c87708f479b3c989a305bfeb89b6aa0381d01606955fa59f6baca,28,-0.013974849134683609,26.22,0.8351658924374651,0.8351658924374651,0.8916586611823993,0.9459345718152061,0.9720274378910689,0.9983500043261359,1.0185047049303473,1.0379034610115374,1.0498384955440971,1.0588534940363488,1.0628668422850331,1.058784314795951,1.0760104777522217,1.0825114085140084,1.073249839617971
sma_200 <= High_sft_2,-0.02274369,98878,43550,55328,11.57,-5273.866562543935,-785.8051268916315,96dbcbed1df94b1ba010b345e5b1a9039b5cdd6019405ebbb50c28754007bf82,30,-0.011471117846667767,26.87,0.8461213896376958,0.8461213896376958,0.909104091608936,0.9608869542982907,0.9965316703875363,1.0341523907941592,1.0641176573143212,1.0894775797428469,1.1108876239051022,1.1275075872054883,1.1471045915549234,1.1684869890424119,1.1919710215067119,1.2132091676031735,1.2297746966255596
rsi_5 >= rsi_10_sft_3,-0.022763869,98878,48558,50320,11.65,-8864.114242695236,-1044.9101292608248,9c5304fe9d592b70a0c6b3286ed47e7bf2dda0b94ec7966217da111653dec0de,30,-0.01236331183463335,26.88,0.7864695152411334,0.7864695152411334,0.8562065065705149,0.9051553961371518,0.9352323368710174,0.970774510906959,1.0052860945770112,1.0281357778142575,1.0475692946542225,1.064305723737744,1.0763292967151241,1.0927382159469425,1.0971461448751751,1.1151523846209679,1.1324011897147062
aarou_20 >= 6,-0.022771237,98878,80777,18101,12.06,-10592.301882235191,-1462.3160673368257,dcb58ce780511e98834e39247d27a6ee8873b25591939e1839bb93ebed46e76d,30,-0.023512214422225952,26.95,0.8404044901209541,0.8404044901209541,0.8919085570758646,0.9323734574423971,0.9686738425390453,0.9917478855864593,1.014633398655308,1.0344807790901296,1.0513561699541976,1.0653322247777681,1.0759225782660198,1.084084867302831,1.0957238237859226,1.10865543428988,1.123402475721272
mema_50 >= Close_sft_2,-0.022778703,98878,51248,47630,11.69,-9093.01608619767,-1169.6880355091052,1e15dac9f18b8bc737934702402ffb02b545ee7fbda8772d4c0156705e9d2a44,30,-0.010204601101577282,27.01,0.7713572205164626,0.7713572205164626,0.7994601303278723,0.8186325127968838,0.8354192492923155,0.8495957116677472,0.8674039295483784,0.8773090988511554,0.8921551153680627,0.9075731534514614,0.9305689778314634,0.9442387356805413,0.9556283913853264,0.9626819757495125,0.970940777166011
aaro_5 >= aaro_30_sft_1,-0.022789283,98878,50944,47934,11.69,-8758.120979244137,-1102.846770949327,fa1fba1a54e25d7a96ab29b0d7c633f260580ef2319f10dc44e85c501c26793f,30,-0.003607346210628748,27.29,0.7919617649309039,0.7919617649309039,0.857628909188888,0.8932054780877985,0.9365921681313053,0.9727875881490552,0.997407035521548,1.0162327336093742,1.0416395574535893,1.064368378976342,1.0754930784722525,1.0910453155047093,1.0996406111601913,1.10244239363652,1.107992166463961
aarod_10 >= 21,-0.022817489,98878,67114,31764,11.9,-9518.88598013936,-1313.3312655602786,b82d31c42ba12f67088cc35b02af2c43923426c209765223c68a8f342f6f6146,30,-0.009774651378393173,27.14,0.8188168405811954,0.8188168405811954,0.8687904078990758,0.9083921092801113,0.9397238370372132,0.9592224506439793,0.9878906039309329,1.011322846539508,1.0300575571203776,1.043615631736331,1.052086730531743,1.069652558800042,1.0856508883203386,1.0937341573861,1.1061536911711347
stdev_10 <= stdev_5_sft_2,-0.022820175,98878,16376,82502,10.73,-3119.162569823966,-364.2026839730315,76cc05d7e847d59489f80a379ae9909f097acc0055c98dd465d85c99099ff3c8,30,-0.009046484716236591,26.54,0.7653912082322836,0.7653912082322836,0.8263250738793608,0.876526422121959,0.8821815037403276,0.9058175742699824,0.9183444604639975,0.9267339198641575,0.9526142777044266,0.9691930490907065,0.9734381520752444,0.9921617833311449,1.0153011054112915,1.0233739162277702,1.035303588727219
plus_di_30 <= plus_di_14_sft_2,-0.022836478,98878,40775,58103,11.52,-5473.581272130825,-764.7949478531009,bd972efc927c87708f479b3c989a305bfeb89b6aa0381d01606955fa59f6baca,28,-0.01841604895889759,25.99,0.8329612760172449,0.8329612760172449,0.8861039160106153,0.9328457964239979,0.9585796148923768,0.9783712071621645,0.9968349681822362,1.0157558409185512,1.0275599303158425,1.0365039620285925,1.0399975874252996,1.0400229037106494,1.0591874545212487,1.063334812701784,1.0580441608330327
sma_5 <= sma_50,-0.022839125,98878,50444,48434,11.68,-8925.06106461,-1171.582482274549,9620e21a74658492f7af120824bf7d2062ca3a47b721c940ad3cc1d3bc8eb349,30,-0.007540554273873568,27.12,0.7691436999791794,0.7691436999791794,0.8021735900225156,0.8220600046328708,0.8392204525631739,0.8570946116414248,0.8735737869317038,0.8912703406498194,0.9092771601340763,0.9320417084948629,0.9518339477072456,0.9691201906996817,0.9807205022901264,0.9838961438672994,0.9864126241373821
willr_10 >= willr_30_sft_3,-0.022843974,98878,50710,48168,11.68,-9629.162099576519,-1149.1965400733025,c76b2a6e6a9f1e35b75e815a28e530490275498e07d600be2da53b82c81b3953,30,-0.00658946530893445,27.16,0.77288316410047,0.77288316410047,0.8327892955015618,0.8719880914887874,0.904210355925723,0.9345660631361774,0.9661416182749145,0.9904389896973438,1.0142919432030266,1.0311533932278658,1.0579519781509625,1.0727057297415088,1.0841321671885282,1.0941452000757754,1.1059258800528784
minus_di_20 >= minus_di_10_sft_1,-0.022852179,98878,51595,47283,11.7,-6460.929653444873,-967.3646150041313,a7c5a511f18bc4bc65b530c22aedd665cbba6e43036caf921c03925c9eff7340,30,-0.013167249970138073,26.88,0.845501841762382,0.845501841762382,0.9111679957604479,0.947646568280473,0.9796772746376439,1.0134627079649121,1.036024153473181,1.0533339974098554,1.0630731960640154,1.0749636437489138,1.089951815765592,1.0973527142307362,1.1116371185819476,1.1208870160886426,1.1268948586548804
aarod_30 <= aarod_30_sft_2,-0.022856183,98878,83742,15136,12.1,-11624.010518647137,-1592.4833743779309,1c17b055d6052442bbc23e9c5f48c3b369df45790e4212d5edae44425931e847,30,-0.014787882566452026,27.16,0.829553774795287,0.829553774795287,0.8755434027954379,0.9158542606911665,0.9477016072463814,0.973365239760629,0.9974204257407158,1.0214230089935832,1.034387328964781,1.0518851586362539,1.0645075068840908,1.0787490499361123,1.0938050829277572,1.1009066750691605,1.1113031226978494
sma_200 <= Close_sft_2,-0.022857046,98878,40623,58255,11.52,-5009.486293133177,-740.1376239451347,50a0e61b02a2d5c963e9603b4bade036c42f4965c5f54e99ff926c2165cc53b8,30,-0.011191997677087784,26.85,0.8432834189602278,0.8432834189602278,0.9135611172802512,0.9656439704973911,1.0070357390626983,1.0430045331919873,1.0765708856085712,1.1047733046536412,1.1272554156280752,1.1468079487139244,1.1661893784589952,1.1885517148274274,1.212689942766879,1.2374470984416293,1.257434592989098
adx_10 <= 19,-0.022876767,98878,16867,82011,10.75,-3170.650548164078,-377.41852236683917,3c92cb65188a6807549ad02f373e5063a01a53cbce3d2b8fe4af860199995f57,26,-0.0013510712888091803,26.19,0.7486645872972264,0.7486645872972264,0.7929702771549451,0.834787708878882,0.8735744902384356,0.9203139927496552,0.9606335226723749,0.9920675970519455,1.0285747202047828,1.0551456219346305,1.0750030963930977,1.0778279585149637,1.086250812027756,1.0861722428284397,1.0846249793884368
minus_di_30 >= minus_di_5_sft_3,-0.022897558,98878,53430,45448,11.72,-6796.564549232986,-994.680866841758,a7c5a511f18bc4bc65b530c22aedd665cbba6e43036caf921c03925c9eff7340,30,-0.015454047359526157,26.81,0.8427783700300784,0.8427783700300784,0.9063454131316454,0.9492802518013801,0.9823810682513473,1.0121984323262188,1.0330069554978836,1.0476966907933039,1.0606983750755934,1.0777712518567313,1.0897081606111536,1.102438247961763,1.1162488438877294,1.1229865427982952,1.1336927722184669
sma_50 >= Close_sft_2,-0.022935366,98878,50529,48349,11.68,-9514.445507782795,-1206.4591665690605,9d05ebf4a4df1374ab70d34fd4bb0bb7068613b3ea4d9f34537ac27b7aeadf15,30,-0.0069663142785429955,27.14,0.7588892201141855,0.7588892201141855,0.7913500488760242,0.8117087399246199,0.8343886130625056,0.8548551239512241,0.873393242717833,0.8932437827479133,0.9155029404316117,0.936255264501372,0.9565727159417127,0.9688357184388371,0.9742099398124751,0.9789011902465324,0.9841992381779343
plus_di_14 <= 11,-0.022956537,98878,8077,90801,9.88,-1211.7083014620125,-200.78939101473225,14a9c3710fc1b17e882c866201c8dfd17bc6a0c5cee2921d8c0a77ac8ad2afa3,30,-0.028443211689591408,23.19,0.7758491951352089,0.7758491951352089,0.8121097154837416,0.831782388680018,0.8350068042525592,0.8297138091899221,0.8267584867256259,0.8154138999120394,0.8043419765532993,0.8090933383342401,0.8208077129221196,0.8219791648819001,0.8297617229482841,0.8425597329998966,0.8585547456308231
aaro_20 >= -89,-0.022958362,98878,91712,7166,12.21,-13372.289163748897,-1757.7306243063576,0811e6227d0d089f2d69284c6ea7ddd7761288c8d873ca997aaf34687b2f23f1,30,-0.018907418474555016,27.21,0.8249919487416256,0.8249919487416256,0.8790893022364618,0.9158543246044348,0.9488176351755968,0.9744326070629931,0.9976465711798544,1.0173931729830958,1.0354799508056145,1.0529218638531488,1.0690697513704037,1.081409547026861,1.0947928600012364,1.1086283909460977,1.12188400615479
rsi_20 >= rsi_20_sft_3,-0.022965334,98878,49068,49810,11.66,-9212.77856250517,-1049.1013877952355,9c5304fe9d592b70a0c6b3286ed47e7bf2dda0b94ec7966217da111653dec0de,30,-0.015896029770374298,26.73,0.7802488883656635,0.7802488883656635,0.8500344911787271,0.8972403485785289,0.9350065680813427,0.9705652544111718,1.0073695677236547,1.0305731021776776,1.0482043638355558,1.0624302428514536,1.0768157290523335,1.0892932865213634,1.0897459224672927,1.1093503891556242,1.125420190224445
willr_20 >= willr_14_sft_3,-0.022966634,98878,50147,48731,11.67,-8850.842901436125,-1059.8025633012585,c76b2a6e6a9f1e35b75e815a28e530490275498e07d600be2da53b82c81b3953,30,-0.014633774757385254,26.8,0.7908354741416662,0.7908354741416662,0.8471007560704525,0.8881122205496581,0.9309560433116897,0.9655951817237282,1.0009872592002245,1.0237972918161784,1.0449221573563379,1.0623163704456875,1.081388519224675,1.0908398005475952,1.0985476961827871,1.1148180196946524,1.1281056863689474
plus_di_30 <= plus_di_14_sft_1,-0.022986218,98878,39923,58955,11.5,-5424.001966531978,-745.7429145169663,bd972efc927c87708f479b3c989a305bfeb89b6aa0381d01606955fa59f6baca,28,-0.020532431080937386,25.86,0.8316896351872289,0.8316896351872289,0.8898935283097181,0.9365245683343247,0.9639658231337309,0.9951860631083203,1.0130214920652925,1.0259039302207855,1.0419312818345008,1.0427535831361148,1.0518254813298549,1.0544331692707152,1.0644555329387957,1.0742675593197437,1.0705246915335578
aarou_5 >= aarou_14_sft_3,-0.02301262,98878,54638,44240,11.74,-8462.061885285531,-1127.1778083541722,0f031b3780e6467809600593d6806420193325d9573f332c17b627db66a26893,30,-0.011958610266447067,26.96,0.8113927921464655,0.8113927921464655,0.8565531935724972,0.8969462779952604,0.9396882810966788,0.9741995541173544,1.0017732372576722,1.024320636862552,1.042008803316906,1.0656535366433832,1.0796615996856451,1.0993359657320676,1.114459967892788,1.126796239851532,1.1451032558516294
plus_di_30 <= plus_di_10_sft_1,-0.023032669,98878,39872,59006,11.49,-5540.431598179792,-728.5153253665194,bd972efc927c87708f479b3c989a305bfeb89b6aa0381d01606955fa59f6baca,28,-0.018411150202155113,25.97,0.8291866343944558,0.8291866343944558,0.8806822120752316,0.9327943531986671,0.9605936627327384,0.994668173613084,1.0167072512250932,1.0257172660549108,1.0370914351312126,1.0380898705992532,1.0456194110443413,1.0508999489383042,1.0556360347141986,1.0687100409422505,1.063092441283787
bb_upper_2_20 <= bb_upper_2_20_sft_1,-0.023037039,98878,52855,46023,11.71,-8944.301697587442,-1117.9128885720056,3aa49a56ba366f74cacb6b40add631875fca9bf88d1abae08516bfe7d1357af1,30,-0.010496699251234531,27.01,0.7839461204515518,0.7839461204515518,0.8341714066558681,0.863758574084232,0.8823429362711777,0.9073384071678083,0.932143414894644,0.9541808561768065,0.9767054958677222,0.9974434611099229,1.015532081986397,1.0379439793820247,1.055773952793095,1.0608668781352135,1.0650725543253505
willr_14 >= willr_10_sft_1,-0.023082724,98878,51336,47542,11.69,-8643.87603851717,-1092.6450130777885,c76b2a6e6a9f1e35b75e815a28e530490275498e07d600be2da53b82c81b3953,30,-0.01597306691110134,26.76,0.8000548769416955,0.8000548769416955,0.8575594786601639,0.8988477998588716,0.9230101365532376,0.9482497322475607,0.9714636040217096,0.9917844309598172,1.0145037617213948,1.0249456950764928,1.0425973963930157,1.0540020344308525,1.066055559544785,1.0835296217336816,1.0998659542687905
mema_50 >= Low,-0.023095038,98878,59355,39523,11.8,-9827.454936417289,-1324.504479754556,e7e0f1d344c8e3b4344908a65185f87340bab0bfe5216b7073401aaebfc88a19,30,-0.018180569633841515,26.78,0.785276513886071,0.785276513886071,0.8128955453888883,0.8300197740522473,0.8468106324929995,0.8613064079498854,0.8786543424409086,0.8923976532768828,0.903331101294672,0.9185458035851645,0.9353488334302946,0.9528001108867429,0.9645659252869155,0.9684966091291987,0.9778982386381095
rsi_30 <= rsi_2_sft_1,-0.023106245,98878,48345,50533,11.64,-7448.981115928,-947.9581142979368,f60792ba6ac5baece5de7ac90117c85055d233a86016db65a9b1851d8a518ee9,30,-0.00921525340527296,27.02,0.8124489974759711,0.8124489974759711,0.87910530620054,0.9169388190831311,0.9629270050884624,1.0019904411761729,1.0343286115555432,1.0570686892435601,1.0750343090088703,1.086961476713749,1.1082625688386354,1.118672027878355,1.136008611307043,1.1448348597534141,1.1532353802891915
sma_200 <= Low_sft_1,-0.023125602,98878,37819,61059,11.45,-4665.631802559776,-685.5735050954972,984863a5cb13aec2699710705080435de7dea983a917ddee35d0db64a2bad484,30,-0.010744506493210793,26.84,0.8438805847461534,0.8438805847461534,0.9169437995530291,0.9700781599203536,1.0163927400362924,1.0537874250079586,1.0834714748120187,1.1135123161786573,1.1391456451811042,1.160611564665637,1.181281300030736,1.2045816886883356,1.2312600805375717,1.2589938081797927,1.2838687623643237
aarod_10 >= 1,-0.023144806,98878,82900,15978,12.08,-11708.404360450735,-1627.7492233629164,b82d31c42ba12f67088cc35b02af2c43923426c209765223c68a8f342f6f6146,30,-0.010519778355956078,27.24,0.8244211160146434,0.8244211160146434,0.8851719382390899,0.9232410975633074,0.9489249046646002,0.9748305863470965,0.998473551444304,1.0161439448502538,1.0322703563020397,1.0422918472448006,1.0552381930504229,1.0716223907073956,1.0872683708486945,1.099622308230246,1.1132482662219827
rsi_5 >= 11,-0.02315113,98878,97504,1374,12.33,-12092.761823499215,-1880.8958568246526,2aff2363e2a1ac18e5b09edc627fed21347731d4e6d91b606bf5ebf4ed170990,30,-0.017794141545891762,27.35,0.8508664228196152,0.8508664228196152,0.9099747689433523,0.9487721394358446,0.9794516223373327,1.0062159917242,1.028525932533203,1.0449094545927176,1.0603324050802478,1.0755695518131512,1.0895144558903174,1.1024594637079959,1.1155608505167844,1.1276664813650314,1.1401956176070438
rsi_2 >= rsi_2_sft_1,-0.023205843,98878,53382,45496,11.71,-7930.554169022296,-1090.780427864709,9c5304fe9d592b70a0c6b3286ed47e7bf2dda0b94ec7966217da111653dec0de,30,-0.01494479738175869,26.83,0.8251334346252079,0.8251334346252079,0.8822066131125934,0.9302620070594992,0.9640518639436403,0.9940078646950032,1.0224430823450508,1.0427113878558165,1.0555731664809227,1.0662571842141386,1.081990274090839,1.0921339630394784,1.1013591198631059,1.1128227224381277,1.13223679057181
rsi_30 <= rsi_10_sft_3,-0.02325283,98878,46960,51918,11.61,-5637.15077729847,-841.2545282498177,f60792ba6ac5baece5de7ac90117c85055d233a86016db65a9b1851d8a518ee9,30,-0.009310280904173851,27.01,0.8474305147088105,0.8474305147088105,0.9126318170548781,0.955034414335225,0.9835828924212645,1.01840754995695,1.040227942940787,1.0590714989981589,1.067060644820132,1.0838331930176566,1.0969279290292862,1.1118393143605254,1.125600661600647,1.1286252241455093,1.129599463474184
plus_di_14 <= 20,-0.023265311,98878,39992,58886,11.49,-6747.064626218712,-921.2273221403811,14a9c3710fc1b17e882c866201c8dfd17bc6a0c5cee2921d8c0a77ac8ad2afa3,30,-0.017491474747657776,26.5,0.773038329317746,0.773038329317746,0.8143923616035988,0.8344283110028218,0.8490511945654864,0.8629218046704781,0.8688556395598912,0.8763011655549419,0.8779965190363586,0.8881760940999677,0.9003786170948435,0.9142016867556703,0.9298381865550225,0.9346451100853937,0.9475650967099921
minus_di_30 <= minus_di_30_sft_1,-0.023273828,98878,69289,29589,11.92,-11059.793944646077,-1359.296520774311,6ead8d4aff114cb978d2a5e9b1dcb95b84dfa27fd6f0f40b385ac29b242b16ea,30,-0.013032286427915096,27.06,0.8089064045268595,0.8089064045268595,0.8667806542980043,0.9119396980108596,0.949372846276461,0.9784537088322887,1.0070548952373266,1.0289142770544062,1.046334758413036,1.059230266713445,1.073683070292235,1.091887842261634,1.099712409391555,1.1144640835364599,1.1297892300482877
aarou_10 >= 21,-0.023277048,98878,66445,32433,11.88,-7956.55672199159,-1251.5953844626492,dcb58ce780511e98834e39247d27a6ee8873b25591939e1839bb93ebed46e76d,30,-0.024416085332632065,26.68,0.856173452048063,0.856173452048063,0.9165629293099509,0.9532665949039681,0.9919232210882021,1.0101715106596347,1.0280503170520234,1.0464867711791315,1.0615684107786947,1.0783006306808671,1.093025738804639,1.1038433779882881,1.1188431344834862,1.132122873223957,1.1469152084727428
sma_200 <= Close_sft_1,-0.023291104,98878,40639,58239,11.5,-5178.693885984951,-755.7752161532771,50a0e61b02a2d5c963e9603b4bade036c42f4965c5f54e99ff926c2165cc53b8,30,-0.011808231472969055,26.81,0.83890309324014,0.83890309324014,0.9090716674725516,0.9585898898745864,1.0030395535783745,1.0380901783353835,1.070399029512306,1.1019778300199257,1.1276633859305363,1.1466770173000878,1.1637493745551768,1.1857916258542969,1.2081261415082873,1.2324257851077924,1.254701143265254
plus_di_10 >= plus_di_20_sft_2,-0.023318553,98878,38416,60462,11.45,-6719.865198560117,-778.087761112598,e29890bc12ea37e8ab50982e55f5d20643af7c43a2ddc27569a065e219a2f597,30,-0.012193990871310234,26.76,0.7894007722562142,0.7894007722562142,0.8676096234216828,0.9123981397684591,0.9569028622884315,0.9842710244035608,1.0074520055380425,1.023245240693553,1.031594003352413,1.0366562366676833,1.0506255062093621,1.0557987165992069,1.0593251369162282,1.0703083008543777,1.088770001411217
plus_di_20 <= 7,-0.023353074,98878,1347,97531,5.86,-230.19226710754447,-20.667978946934454,14a9c3710fc1b17e882c866201c8dfd17bc6a0c5cee2921d8c0a77ac8ad2afa3,14,-0.023136010393500328,13.14,0.6696292201634461,0.6696292201634461,0.6452883623733177,0.6515879654570897,0.66585232658934,0.6852164916481929,0.6892668502886586,0.6651384777339551,0.6488111688209426,0.617270716542557,0.5948846678366309,0.5857220525433313,0.5771609754102028,0.5758498124769476,0.5926151628586426
minus_di_10 >= 4,-0.023362154,98878,97192,1686,12.32,-12342.297478513316,-1858.955144677042,a06e18f5f366aa3040f30d3f53c74e6c3d30e6b8f15e9282eabbaa7fe9dd85a0,30,0.007303841877728701,27.49,0.8439499361620064,0.8439499361620064,0.8970437514428669,0.9379301569635109,0.9696784875921481,0.996619225965327,1.020682513793932,1.0409145701895772,1.0581399059702705,1.0738992721371579,1.087573133301957,1.1006165059258533,1.114474174175515,1.1282572666105353,1.1417486003797062
bb_lower_2_20 <= Open,-0.02337158,98878,95659,3219,12.28,-13375.091508187299,-1854.1186134147283,dec0a2c63be1b9a8344a1dee401632076d069374da67e8df2fec8fe6da97fafd,30,-0.014883831143379211,27.32,0.8307954797405618,0.8307954797405618,0.8865689304123975,0.9243254079736176,0.9549388406089129,0.9809042687950044,1.0053474805799691,1.025328117748939,1.0453794167170063,1.06278890915114,1.078362396705874,1.0924092835670574,1.106711388231716,1.1191316648039837,1.131262464957458
willr_10 >= -6,-0.023379982,98878,8882,89996,9.96,-1162.0308123506838,-173.2640719245319,69dfb876a37c1daf9322a675d7db45858b16e638e7217cc78e1177c12ffb23dc,30,-0.012020890600979328,25.74,0.8377103657124921,0.8377103657124921,0.9670279787137921,1.027626821021952,1.1247618827078707,1.1790666331676378,1.2442244797351267,1.2807010827652032,1.3246602386722237,1.3365591444144835,1.3372610916727754,1.3483706079305846,1.328323752728005,1.3729372827894168,1.4167940312815113
aaro_5 >= aaro_30_sft_2,-0.023394657,98878,50750,48128,11.67,-8599.16167803634,-1090.772398029978,fa1fba1a54e25d7a96ab29b0d7c633f260580ef2319f10dc44e85c501c26793f,30,-0.0032331033144146204,27.3,0.7946244556365327,0.7946244556365327,0.8571431890235068,0.8929554983122524,0.9374827989186356,0.9742586270517682,0.9995737137365364,1.0175808652653635,1.0410200010352582,1.0640040113894076,1.0759143112453753,1.0881546014056758,1.0973606019825035,1.1006543890483511,1.107544777468766
minus_di_30 >= minus_di_10_sft_2,-0.023402138,98878,51964,46914,11.69,-5955.406381098372,-928.1986949231286,a7c5a511f18bc4bc65b530c22aedd665cbba6e43036caf921c03925c9eff7340,30,-0.02076391689479351,26.56,0.855236526815649,0.855236526815649,0.9169083240529907,0.964831651134013,0.9955817664417913,1.0239023722062626,1.0437735118579397,1.0591642036892308,1.0689990902617943,1.087197332610192,1.0972644652955443,1.105237933524969,1.1180929183828532,1.126621893354549,1.1287717611492833
adx_14 <= adx_14_sft_1,-0.02340689,98878,52799,46079,11.7,-9935.883290161793,-1108.8914591055,234f8ad1c2baf91b95c9f1aef2798b533888ce55558d2a8e51c247014080fabc,30,-0.009252412244677544,27.06,0.7689590272572139,0.7689590272572139,0.8295337834304339,0.8574528330002753,0.8782420399774652,0.9157962155231384,0.9538271126266681,0.9893863842078386,1.0082236536410227,1.0322744114536597,1.0468711349051043,1.0636304304389312,1.0745308773060689,1.083424818621916,1.094071162558485
minus_di_14 >= 12,-0.02341326,98878,87002,11876,12.13,-12805.818749543385,-1768.141332031555,a06e18f5f366aa3040f30d3f53c74e6c3d30e6b8f15e9282eabbaa7fe9dd85a0,30,0.022892091423273087,27.82,0.8142393439434928,0.8142393439434928,0.870757010315008,0.9091617804623103,0.9365831067965404,0.9642342345972238,0.9913673354580248,1.0196402243019744,1.0433995735499957,1.0621662421769134,1.0779451833141622,1.0932148018274708,1.1075773632132,1.120237373057825,1.1328624247426817
sma_50 >= sma_200,-0.023417031,98878,40973,57905,11.5,-4304.859815440778,-679.3172616584852,724f0edc848b1caa180dcda4bf9f5a94c2dcd0eddd874575510f7c410089d747,30,-0.011548377573490143,26.83,0.8628782148888373,0.8628782148888373,0.9317852662340311,0.9841273384966392,1.0240071723400408,1.060765065505137,1.0948657894655491,1.1266981909184972,1.1566686600678002,1.1848343605303724,1.2086018137393375,1.2340665010944158,1.2578554944512719,1.279980941494353,1.3001529883503633
plus_di_10 >= plus_di_30_sft_3,-0.02341858,98878,38723,60155,11.46,-5899.55179676447,-720.1832091416072,e29890bc12ea37e8ab50982e55f5d20643af7c43a2ddc27569a065e219a2f597,30,-0.01947813108563423,26.36,0.8146398295231166,0.8146398295231166,0.8822102858082517,0.9285003716106263,0.9744099562954097,0.9967015557048342,1.016314296206945,1.030548012076944,1.0366682882562808,1.0395100498718235,1.0469693850890953,1.0512259153038161,1.0528486779363075,1.0669923886614983,1.0752644797021544
minus_di_20 >= 10,-0.023443278,98878,93831,5047,12.24,-12434.6432620288,-1833.5993687833688,a06e18f5f366aa3040f30d3f53c74e6c3d30e6b8f15e9282eabbaa7fe9dd85a0,30,0.021640431135892868,27.67,0.8339703718317898,0.8339703718317898,0.8925109880948757,0.9328759338639633,0.9645259592615093,0.9947315174325535,1.020491439279515,1.0451774349966614,1.06460491707979,1.0801956676180182,1.0940909394936151,1.1047202568060894,1.117015942353552,1.1287434042414362,1.1412095886383615
rsi_30 <= rsi_20_sft_1,-0.023464235,98878,46802,52076,11.6,-5195.227603419866,-809.3593616206781,f60792ba6ac5baece5de7ac90117c85055d233a86016db65a9b1851d8a518ee9,30,-0.009703874588012695,26.99,0.8558994158368592,0.8558994158368592,0.9245648053419341,0.9656877858702455,0.9995693460301847,1.0322960835685557,1.0606654064327905,1.0760503067109204,1.0902043040246616,1.100068984273529,1.1053870290434833,1.112952928258153,1.1328453959797136,1.1403492874888006,1.1419591773857365
plus_di_10 >= 1,-0.023477681,98878,98501,377,12.37,-12818.223496647075,-1914.9280000575236,4f583626fd6f59b1b2e0825c720b1d1aad3858951a5b50964ea86a5c13485b5d,30,-0.013802340254187584,27.41,0.8433287286575986,0.8433287286575986,0.8969641848692258,0.9355559035689923,0.965788519814643,0.9902710834689414,1.0114504831408335,1.030179166862196,1.0466738000750222,1.0630258046860601,1.0781852314148639,1.0921985151412739,1.1062914991216144,1.119266533119842,1.1315257643234815
minus_di_5 <= minus_di_20_sft_2,-0.023491452,98878,55036,43842,11.73,-8386.916983016241,-1078.6891054925727,6ead8d4aff114cb978d2a5e9b1dcb95b84dfa27fd6f0f40b385ac29b242b16ea,30,-0.010611157864332199,27.02,0.8190979974101602,0.8190979974101602,0.8824382699718918,0.9223435111608113,0.9602362277844594,0.9894859842860421,1.0162635091768681,1.0396478305039998,1.0530536091898612,1.0629060017954133,1.0781083610015183,1.0913538668467988,1.102919348326407,1.117238383803412,1.1313911754136505
rsi_5 >= 14,-0.023499174,98878,96444,2434,12.3,-12148.876394411087,-1866.5552577495837,2aff2363e2a1ac18e5b09edc627fed21347731d4e6d91b606bf5ebf4ed170990,30,-0.02076803706586361,27.3,0.848688261443981,0.848688261443981,0.9078261917010287,0.9476498939041027,0.9785328590750902,1.0051109343027005,1.0276793187863014,1.044272219900127,1.05928735396076,1.075158519938182,1.0892451400690852,1.102596184751585,1.115775448002897,1.1277487607910255,1.1407060253293844
plus_di_14 >= plus_di_20,-0.023506489,98878,40325,58553,11.48,-6053.571102403206,-768.871489686011,e29890bc12ea37e8ab50982e55f5d20643af7c43a2ddc27569a065e219a2f597,30,-0.017117686569690704,26.52,0.8178384761993144,0.8178384761993144,0.8853366390621936,0.9262318694870749,0.9669638880402918,0.9948944694673428,1.0155648906977848,1.0304399106346063,1.0350390602090855,1.0381232678279184,1.0439578588187899,1.0512417743286961,1.054634462588694,1.0651444938267172,1.0699437516663008
rsi_30 <= rsi_5_sft_1,-0.023519533,98878,47415,51463,11.61,-6644.368159377387,-887.8729143515156,f60792ba6ac5baece5de7ac90117c85055d233a86016db65a9b1851d8a518ee9,30,-0.00848409254103899,27.05,0.8264254856799629,0.8264254856799629,0.8886990426146207,0.9328432930107862,0.9708463855193293,1.005109738707177,1.0353401438127312,1.0611518309716028,1.0811283467981783,1.0923642531072324,1.1087420122663147,1.118516595106334,1.1332519388023579,1.1447791780551833,1.1468224380147682
minus_di_14 >= 11,-0.02353407,98878,89444,9434,12.17,-12956.644410423967,-1813.5788947596375,a06e18f5f366aa3040f30d3f53c74e6c3d30e6b8f15e9282eabbaa7fe9dd85a0,30,0.024389998987317085,27.8,0.8179548789655563,0.8179548789655563,0.8748272474930697,0.9149206833784131,0.9435346444092864,0.9717139818576958,0.9994835452702542,1.027513164601411,1.0499716554225986,1.0668833016440629,1.0830682574837789,1.0976157492638907,1.11158172914255,1.1238544670550912,1.1369275929312634
adx_10 >= adx_14,-0.02357196,98878,81520,17358,12.06,-10417.356313913919,-1571.0118317803572,fd7b69234972b511c2e03a174ce4b77d38140d5e70cabc298bd88fa9bb05adbf,30,-0.006082944571971893,27.32,0.8400153979171533,0.8400153979171533,0.8971265676231313,0.9374394910754482,0.9671292773881789,0.990185081955478,1.0137116056742108,1.0339809753300426,1.0487195451177513,1.0646145545708012,1.0815184562125508,1.0945447613386639,1.1071235177430088,1.1202115138275635,1.130634057151149
aarod_30 <= aarod_30_sft_3,-0.023580916,98878,79336,19542,12.03,-11277.17644765081,-1504.453931074684,1c17b055d6052442bbc23e9c5f48c3b369df45790e4212d5edae44425931e847,30,-0.015065629966557026,27.11,0.8255598322491211,0.8255598322491211,0.8722950523159472,0.911680050151289,0.9426141820432637,0.9665817194507619,0.992386412402097,1.0130771450609926,1.024304514995207,1.0402316536087488,1.0533989547048928,1.0685642414645538,1.0820581678849748,1.087392256684388,1.0991441773203445
rsi_5 >= rsi_10_sft_2,-0.023588374,98878,48489,50389,11.63,-8883.258332143865,-1033.9239476262374,9c5304fe9d592b70a0c6b3286ed47e7bf2dda0b94ec7966217da111653dec0de,30,-0.012139826081693172,26.89,0.7866963521439417,0.7866963521439417,0.8499726187764659,0.8987920204540985,0.9369502810751367,0.9741574868085477,1.004411817403697,1.0264201783920286,1.0460102971682892,1.0611917486047342,1.0795335143151796,1.0943123594012905,1.1026445797288325,1.118021078982384,1.1336144889385025
rsi_5 >= 13,-0.023596125,98878,96856,2022,12.31,-12132.870213104517,-1873.2375667453234,2aff2363e2a1ac18e5b09edc627fed21347731d4e6d91b606bf5ebf4ed170990,30,-0.0205072071403265,27.31,0.8494111172291855,0.8494111172291855,0.9089980775321118,0.9484519085649243,0.979310177528705,1.0058150473802585,1.0280570118364012,1.0445615927889693,1.059810863434457,1.0755732087420078,1.0896260067917067,1.1026595733910378,1.115766973273,1.1276037647991037,1.1404373074054766
willr_14 >= -2,-0.023601923,98878,5274,93604,9.14,-491.7398458215757,-95.75883071255521,69dfb876a37c1daf9322a675d7db45858b16e638e7217cc78e1177c12ffb23dc,30,-0.012450686655938625,25.1,0.8732143991831386,0.8732143991831386,1.0439979359958758,1.1107852823266726,1.2271222291416939,1.2287621924400907,1.29922779697495,1.3394213747737442,1.390229273004607,1.405406894184,1.4140616107377064,1.3888983921013751,1.3938088656837289,1.4500099568865472,1.5162889374280837
sma_200 <= High_sft_1,-0.023633089,98878,43537,55341,11.54,-5755.436286389424,-821.4420430474056,96dbcbed1df94b1ba010b345e5b1a9039b5cdd6019405ebbb50c28754007bf82,30,-0.01213039644062519,26.83,0.8332624866138468,0.8332624866138468,0.9027235754131553,0.9512736746029956,0.9905518857525659,1.0250304981299632,1.0580724600235003,1.085148572577414,1.1068055722710337,1.125540685686258,1.1415537759376542,1.1628565121379832,1.1857336528461553,1.2072658044941942,1.2274514630143585
willr_10 >= willr_30_sft_1,-0.023638505,98878,51232,47646,11.67,-9832.897377762063,-1149.7867346762723,c76b2a6e6a9f1e35b75e815a28e530490275498e07d600be2da53b82c81b3953,30,-0.0070570968091487885,27.14,0.7689962526165744,0.7689962526165744,0.8291875662845083,0.8623935466753004,0.8996501435118351,0.9250975850828064,0.9530542215844929,0.9798755242974049,1.001886100153049,1.0165403845211978,1.0461571900528785,1.0626415454973983,1.0723702267308661,1.0828231387968317,1.0921620099193576
aaro_5 >= aaro_30_sft_3,-0.023652868,98878,50615,48263,11.66,-8325.306388939338,-1060.4950880189572,fa1fba1a54e25d7a96ab29b0d7c633f260580ef2319f10dc44e85c501c26793f,30,-0.003820075886324048,27.28,0.8004110305503199,0.8004110305503199,0.8582984720685319,0.8931830244036856,0.9379746427845496,0.9724765158957547,0.999646161737067,1.0169884747289508,1.040008574332309,1.0657248160325756,1.0771593700670234,1.0862305449055187,1.095896619676472,1.101885126991611,1.1096090958243952
adx_14 <= 14,-0.023660302,98878,9188,89690,9.98,-1971.6724283234798,-209.18003603884426,3c92cb65188a6807549ad02f373e5063a01a53cbce3d2b8fe4af860199995f57,30,-0.0026261224411427975,27.08,0.7049705678932698,0.7049705678932698,0.7333170505011027,0.7574602352983534,0.7878460474767206,0.8411472265299693,0.8718679136029693,0.9082178966905478,0.9546004357085082,0.9855237676040747,1.0206900371555463,1.0277414948866734,1.0357294876330436,1.0251689227518443,1.0393631391934477
bb_lower_2_10 <= Close,-0.023687486,98878,94617,4261,12.25,-12802.614121130497,-1851.3923522973419,df72ac6ad143ee2de1e2f75f64629a9e84f7c48f59b8dcd8dbbfbb16a74d883c,30,-0.01758621446788311,27.28,0.8379191813423852,0.8379191813423852,0.8911017287713017,0.9306433409535534,0.9624964438579319,0.9884711846286814,1.0100169479688579,1.0276079133807465,1.0436248574037825,1.0609431456248384,1.0762279130538246,1.0899415958039278,1.10444286570108,1.117638728103552,1.130774369160711
rsi_5 >= rsi_5_sft_1,-0.023729067,98878,53362,45516,11.7,-8295.285100840782,-1098.8414279436256,9c5304fe9d592b70a0c6b3286ed47e7bf2dda0b94ec7966217da111653dec0de,30,-0.015376775525510311,26.81,0.8169423868288934,0.8169423868288934,0.8728667604931882,0.9186282344239965,0.9526403596294942,0.9835916267684411,1.0131211788369798,1.0333714173319564,1.0464161880520755,1.0582064893771563,1.0741450100260144,1.0845839302691278,1.094378188307149,1.1064638239618065,1.1262844631352618
aarod_14 >= 22,-0.02377626,98878,66812,32066,11.88,-9505.855245162358,-1322.3532659286648,b82d31c42ba12f67088cc35b02af2c43923426c209765223c68a8f342f6f6146,30,-0.008690958842635155,27.18,0.8179051886388554,0.8179051886388554,0.8737811750190702,0.902757578664009,0.933511946826583,0.963146632857568,0.9861717657485888,1.006151997077251,1.017554775943451,1.0340730707319066,1.0554183750518242,1.0684595274914994,1.0791824578987939,1.0906092201382198,1.1033978511966072
willr_14 >= willr_20_sft_1,-0.023794817,98878,51638,47240,11.67,-9829.75593956632,-1138.4262177427663,c76b2a6e6a9f1e35b75e815a28e530490275498e07d600be2da53b82c81b3953,30,-0.011116979643702507,26.97,0.77316378937344,0.77316378937344,0.8347015178884756,0.8718851658346093,0.9046709477358529,0.9236485159291202,0.9517433671811462,0.9787062548590115,1.0051275767865941,1.0230582613006205,1.045931165374316,1.061861490992221,1.077865639988367,1.0902580819424417,1.1081673228072961
sma_5 >= sma_200,-0.023799656,98878,40624,58254,11.48,-5315.234187757804,-760.3341771550695,724f0edc848b1caa180dcda4bf9f5a94c2dcd0eddd874575510f7c410089d747,30,-0.010006895288825035,26.91,0.8350790248652179,0.8350790248652179,0.9060189797101106,0.9624254166217512,1.006889413176993,1.046930141779933,1.078800311694495,1.108742462863107,1.1332243282981493,1.1554236898665364,1.1741497287431437,1.1951925877519394,1.2180675715456228,1.243931847633738,1.2662288851390573
day_of_week == 3,-0.023812255,98878,25375,73503,11.08,-2763.299078535511,-427.992174120096,e83616e801fe2d16117c32218825ce75a39e7489ef55bd1f9d60b0ee5f6554c8,30,-0.010437669232487679,26.65,0.8404711246848072,0.8404711246848072,0.9086866435204889,0.9554825268884856,0.9918379537243676,1.0184486979905643,1.0391504408898002,1.0585507756090202,1.0765082962822958,1.0925591300395825,1.1025738217642398,1.1127435338635216,1.1227759985351435,1.1335416777266978,1.1448771817056616
stdev_14 <= stdev_5_sft_2,-0.02381514,98878,10748,88130,10.17,-2231.8872647890676,-228.00145614986104,76cc05d7e847d59489f80a379ae9909f097acc0055c98dd465d85c99099ff3c8,30,-0.011415749788284302,25.99,0.7367247134069997,0.7367247134069997,0.8248889309000622,0.87190985515566,0.8644033721949431,0.8741648990686571,0.887611267417702,0.9258442825323482,0.9571168412524659,0.9666970943040374,0.98136345219082,1.0075932845069924,1.0399352511152848,1.0637771236362286,1.0724125837594058
adx_10 >= 12,-0.023853004,98878,97238,1640,12.32,-13361.434237892787,-1877.8319253657464,4118d96628e9d7109ca1b25b71d8f7665de5864ad974c7631ea4a76d380fc96f,30,-0.016663840040564537,27.35,0.8336300711535426,0.8336300711535426,0.8871156181750641,0.9254991082200849,0.9550521581932012,0.9799833636475535,1.0032478598096122,1.0231620780358104,1.0413276159663243,1.0580596998774994,1.072010470670837,1.0860725967217775,1.099694983833384,1.1119782967442204,1.1237827202536834
aarod_20 >= 1,-0.023876952,98878,87331,11547,12.13,-12431.492596812084,-1782.6445443670382,b82d31c42ba12f67088cc35b02af2c43923426c209765223c68a8f342f6f6146,30,-0.013121244497597218,27.23,0.8239321874943374,0.8239321874943374,0.8725274118125202,0.905655883892075,0.9308739312776857,0.9531355276669543,0.9774514704586759,0.9998701467594941,1.0176839595897043,1.0357482947815395,1.0495341468209118,1.0651409113430956,1.080262255917506,1.0917698734293215,1.099245255270099
adx_10 >= adx_20_sft_2,-0.023886852,98878,79013,19865,12.02,-9613.328187873794,-1501.611233963682,fd7b69234972b511c2e03a174ce4b77d38140d5e70cabc298bd88fa9bb05adbf,30,-0.00814889557659626,27.26,0.8456249686635253,0.8456249686635253,0.9002895670340093,0.9378184070023111,0.9649693293504505,0.9881953748877245,1.0122256997067598,1.0321667395198295,1.047589689227282,1.0612796944296348,1.0762028848514733,1.091413504016478,1.1082264587656785,1.1233000956335035,1.1348855165891623
plus_di_14 <= 19,-0.023891695,98878,35707,63171,11.37,-5952.18487809321,-828.6674371483023,14a9c3710fc1b17e882c866201c8dfd17bc6a0c5cee2921d8c0a77ac8ad2afa3,30,-0.016550522297620773,26.46,0.7731357395560894,0.7731357395560894,0.8127417199577738,0.8339395803847742,0.8483822446407355,0.8580839439224074,0.8648200570829854,0.8737195458717482,0.8754343174779307,0.8862610980443001,0.8987603304946334,0.9134506134461254,0.9269938178104836,0.9309341185378153,0.9462130610896421
aarod_10 >= 11,-0.023895537,98878,74284,24594,11.96,-10603.604118449704,-1464.6551871519914,b82d31c42ba12f67088cc35b02af2c43923426c209765223c68a8f342f6f6146,30,-0.00908036157488823,27.21,0.8196542529763492,0.8196542529763492,0.8757198730050203,0.9158448259095855,0.9441328219953934,0.964965366752171,0.9932321490610874,1.01243021661285,1.0311646370499017,1.0418349521164758,1.0517456512592138,1.0698767247405445,1.0854607755025534,1.093848912615924,1.1072706820040772
minus_di_5 <= minus_di_20,-0.023931282,98878,54013,44865,11.7,-7951.842045589159,-1037.6342266464126,6ead8d4aff114cb978d2a5e9b1dcb95b84dfa27fd6f0f40b385ac29b242b16ea,30,-0.010234999470412731,27.03,0.8252704705642658,0.8252704705642658,0.887327193352783,0.9250268483547484,0.9629716935204515,0.9906590435169008,1.0177121887861904,1.0437807735716187,1.057023787433058,1.0680659962841899,1.0842273807164875,1.099839063103683,1.112654308685506,1.1235118679166365,1.1344125445922046
atr_10 <= atr_10_sft_3,-0.023972357,98878,60483,38395,11.79,-10710.04622825974,-1274.0805687632674,6c56a6e37fe7066fac040219b9e7cfe2398571a456467cde7a8327153ebc94da,30,-0.015184069983661175,26.91,0.7760874083417041,0.7760874083417041,0.8263389802735733,0.8526526639585674,0.8759344603831557,0.9057917217822231,0.926002477730766,0.9448237121749107,0.9601021353334139,0.9794559753757125,0.9978945125576234,1.0137876457266197,1.0271837222498574,1.0374995327759062,1.0478690156935788
willr_10 <= willr_14,-0.023982558,98878,68494,30384,11.89,-8048.539433223283,-1278.466652574978,1427ae29e5c4ed561613e902f1f63301f41038d7cf9fdf54aa945c6a3e2bca60,30,-0.024224208667874336,26.72,0.8581457243625711,0.8581457243625711,0.915783720198545,0.9599977596474921,0.9858669725882362,1.0066524959900882,1.0276153748885724,1.045564805857431,1.0608389126147557,1.0716676892911068,1.0823295127285222,1.0959518262817303,1.1120556177379346,1.1276996984159595,1.1410104342482519
minus_di_30 >= 21,-0.023984028,98878,54652,44226,11.71,-7665.962005508715,-1136.3301941571262,a06e18f5f366aa3040f30d3f53c74e6c3d30e6b8f15e9282eabbaa7fe9dd85a0,30,0.018770452588796616,28.2,0.8094853120175816,0.8094853120175816,0.8627522864977268,0.8995847437397982,0.9282384912993743,0.9605271919319959,0.9900083145726518,1.0141452535619275,1.0318743905076453,1.0533056886139702,1.0753900117942907,1.0984074603142933,1.1153310101773506,1.1267584271072117,1.1417386153160345
plus_di_5 >= plus_di_30_sft_2,-0.024006985,98878,38824,60054,11.43,-6830.386254634679,-760.5774238233207,e29890bc12ea37e8ab50982e55f5d20643af7c43a2ddc27569a065e219a2f597,30,-0.01319075282663107,26.71,0.7888868898538958,0.7888868898538958,0.8710915722164801,0.9201580078256372,0.9644944384388093,0.9859499434734881,1.0103112207926892,1.0268426016022494,1.0379661366459771,1.0439537777099954,1.0533857005025478,1.0572324971852949,1.0653899357561118,1.07635830969155,1.0918447921915382
mema_20 >= mema_200,-0.024028277,98878,40385,58493,11.46,-5038.70003177496,-752.8683267035958,da871536f9280a0159baee359a9496c73c67bcc656bfb6cada940a1228de3547,30,-0.010587970726191998,26.88,0.8415913499837885,0.8415913499837885,0.914456381740993,0.9702192284980687,1.015878132784579,1.055866524642486,1.0877702684297323,1.1190874446799548,1.1455127007926533,1.170263051408888,1.1915587747635052,1.213415478011765,1.2373443688685635,1.2587349937496013,1.2785917287096322
rsi_2 >= rsi_14,-0.024033066,98878,48620,50258,11.61,-9016.458835069214,-1039.6676355309683,9c5304fe9d592b70a0c6b3286ed47e7bf2dda0b94ec7966217da111653dec0de,30,-0.01304375659674406,26.85,0.7848086092245632,0.7848086092245632,0.8490195344887154,0.9016827020318338,0.9384489199604876,0.977295547815093,1.0125482603891351,1.0392775672365013,1.0594578590426926,1.0701130385400597,1.093392248968119,1.107382280930967,1.1156545208879545,1.129569665633585,1.1468323531376698
willr_5 >= -21,-0.024037039,98878,23662,75216,11.0,-4049.0257877035183,-488.8407114419533,69dfb876a37c1daf9322a675d7db45858b16e638e7217cc78e1177c12ffb23dc,30,-0.012537301518023014,26.45,0.8027980212267808,0.8027980212267808,0.8860219799377601,0.9344044482160301,0.9938051582622508,1.0470039937982378,1.0776584057132674,1.107562670670867,1.1278692998575268,1.1468521851919027,1.1538176863879184,1.1573558233372911,1.171287594284289,1.1878267789366208,1.2100919363609857
willr_14 >= willr_10_sft_2,-0.024067746,98878,50798,48080,11.65,-8771.28168742096,-1078.4895001892437,c76b2a6e6a9f1e35b75e815a28e530490275498e07d600be2da53b82c81b3953,30,-0.014713389798998833,26.81,0.7948486470571353,0.7948486470571353,0.8537246857759592,0.8845139800758148,0.9138363314584088,0.946819340521573,0.9743397313864343,0.9954272249010966,1.025868084516715,1.037358756473886,1.057626977727373,1.0719509451146956,1.0776020783149887,1.0956385499956152,1.1104123915768287
sma_50 >= Low,-0.024081118,98878,57666,41212,11.75,-10229.515609594415,-1317.1244138030524,7e47ad2f5aad8309cb5e81c51f9a75f0ebc795f902c6c62c65c20c0b4901b7f7,30,-0.01495798584073782,26.88,0.771655905062235,0.771655905062235,0.8020776611558464,0.8221553524739516,0.840746127515382,0.8587716554585537,0.8821910302700992,0.8962786918785922,0.9130842053450899,0.935334748912211,0.9505807788693791,0.966316155920977,0.9751153559600858,0.9770019600488201,0.985401841827428
plus_di_10 >= plus_di_20_sft_1,-0.024094531,98878,38337,60541,11.42,-6287.207433937627,-736.328961761632,e29890bc12ea37e8ab50982e55f5d20643af7c43a2ddc27569a065e219a2f597,30,-0.013283251784741879,26.7,0.8000940873866378,0.8000940873866378,0.8651897535116033,0.9105374210085616,0.9555162131236138,0.9843728455927007,1.0078136670697126,1.0229846513830967,1.0325654015664367,1.0320326437288432,1.0385490940809843,1.0424000337824422,1.0432883805886037,1.0546692861638396,1.072542171699668
rsi_5 >= rsi_10_sft_1,-0.024097828,98878,48306,50572,11.61,-8342.45319440592,-984.8953461120909,9c5304fe9d592b70a0c6b3286ed47e7bf2dda0b94ec7966217da111653dec0de,30,-0.011767890304327011,26.91,0.7984664085797677,0.7984664085797677,0.8635996628542189,0.9093477008810604,0.9463803271233799,0.9790222529784922,1.0124609179128385,1.0401935333352652,1.0576715028827948,1.0674140600504916,1.0845753580603041,1.1014083275457636,1.1114726958706878,1.1245639832887602,1.1406795593703383
willr_10 >= willr_10_sft_2,-0.024108944,98878,51157,47721,11.65,-9292.632942819364,-1082.5674546456212,c76b2a6e6a9f1e35b75e815a28e530490275498e07d600be2da53b82c81b3953,30,-0.013153226114809513,26.88,0.7847187622553422,0.7847187622553422,0.8475319508713102,0.8820717501737672,0.9108749434757579,0.9426510647814724,0.9734976957063023,0.9951311169344494,1.0228690030705117,1.0328437287173171,1.057417028877099,1.0734542583847564,1.0810122435912888,1.0958338239689691,1.1107723203809636
rsi_5 >= 6,-0.024151722,98878,98524,354,12.37,-11834.760279893748,-1886.379641675143,2aff2363e2a1ac18e5b09edc627fed21347731d4e6d91b606bf5ebf4ed170990,30,-0.005253563169389963,27.43,0.8552661383156086,0.8552661383156086,0.9138961974642852,0.951547177053615,0.9809820984770874,1.006329100836707,1.028152823974689,1.0454137095685214,1.059728056332315,1.0748816574721625,1.089260397235424,1.102265788356234,1.1153302779298508,1.127582905763544,1.14018687912112
minus_di_30 >= minus_di_5_sft_2,-0.024164336,98878,53691,45187,11.69,-7132.272010870327,-999.4503177927618,a7c5a511f18bc4bc65b530c22aedd665cbba6e43036caf921c03925c9eff7340,30,-0.01316932961344719,26.91,0.8378904158237186,0.8378904158237186,0.8985054302707942,0.947634878609991,0.9730705221477909,1.005816840916715,1.0333531743934208,1.0472514152035854,1.0579545456001072,1.0748313935163893,1.0896245593515963,1.1031583449984523,1.115613880196562,1.1294079847723304,1.1338307033269663
rsi_5 >= 1,-0.024174437,98878,98821,57,12.4,-11751.425290919364,-1890.567199617697,2aff2363e2a1ac18e5b09edc627fed21347731d4e6d91b606bf5ebf4ed170990,30,-0.018276682123541832,27.43,0.8567659231322982,0.8567659231322982,0.9147168030478968,0.9514516439901802,0.9801737032604237,1.0052250285691176,1.0274537825945882,1.0446445890830491,1.0590755460377073,1.0741738017437428,1.0882652902899623,1.1012347970611636,1.1144771947778984,1.1265348140608622,1.1389805653151261
willr_14 >= willr_30,-0.02418476,98878,57966,40912,11.75,-8916.56208483798,-1274.266770037255,c76b2a6e6a9f1e35b75e815a28e530490275498e07d600be2da53b82c81b3953,30,-0.002564513823017478,27.35,0.8049540906236703,0.8049540906236703,0.8511927444290023,0.8870791995572889,0.9168609125027145,0.9441581365467038,0.9703698065303225,0.9898799244704247,1.0102540236539168,1.0305662605707144,1.0501251834267489,1.0622674494789184,1.0712565142885673,1.0814400082928202,1.088012801479318
plus_di_14 >= plus_di_20_sft_1,-0.024198538,98878,35689,63189,11.36,-6028.446796276941,-694.5491146889326,e29890bc12ea37e8ab50982e55f5d20643af7c43a2ddc27569a065e219a2f597,30,-0.015139513649046421,26.55,0.7958058288237514,0.7958058288237514,0.8598560551194875,0.8984587404966986,0.9414647083352669,0.9719043973215232,0.9945408961048143,1.0111006042846915,1.0219794789374188,1.02065206959137,1.0282641878012115,1.0331412088551812,1.0329692466859877,1.0425376395578958,1.0640717105211002
sma_200 <= Open,-0.024203133,98878,40636,58242,11.46,-5232.9958547396855,-762.009299070276,659d58123c665d04b1d1e2e117e70aed112d82f8ffe31d55b35e1d954526de02,30,-0.012783780694007874,26.76,0.8373386443402784,0.8373386443402784,0.9051346029162042,0.9578540663811965,1.000026713384337,1.0359830961229068,1.0672121999090178,1.0991196025845107,1.1246493796163133,1.1448802868902672,1.1610304613571103,1.1831175573614023,1.2056516362828364,1.2298434063083055,1.252957026455911
bb_upper_2_10 <= bb_upper_2_20_sft_3,-0.024205776,98878,64966,33912,11.84,-11117.263931168669,-1379.6323749940711,3aa49a56ba366f74cacb6b40add631875fca9bf88d1abae08516bfe7d1357af1,30,-0.006200701929628849,27.25,0.7827527406588483,0.7827527406588483,0.8308060357093742,0.8589372315989224,0.8813079232230486,0.9080488855978538,0.9317093955167199,0.9503814576955746,0.9700475239106877,0.9945531683607202,1.015711590837725,1.0326323323663242,1.0472767276755728,1.0560940390561613,1.0659621791780538
adx_10 >= adx_20_sft_3,-0.024211373,98878,77722,21156,12.0,-9553.60392969297,-1482.9299889752074,fd7b69234972b511c2e03a174ce4b77d38140d5e70cabc298bd88fa9bb05adbf,30,-0.007336407899856567,27.27,0.8443154105281869,0.8443154105281869,0.8990278895407536,0.9340608266075527,0.9618112785121806,0.9859469208136229,1.0107436556122802,1.0305371989112575,1.0456530509560857,1.0601635515398513,1.0750051782179826,1.091867968891348,1.1084497790543293,1.123261058859249,1.1350482974260445
minus_di_14 >= 14,-0.024222441,98878,81131,17747,12.04,-12367.902542774846,-1679.827121340124,a06e18f5f366aa3040f30d3f53c74e6c3d30e6b8f15e9282eabbaa7fe9dd85a0,30,0.0215947013348341,27.9,0.8059403349217872,0.8059403349217872,0.8619136960727101,0.8996269104234739,0.9268952979267466,0.9543174605565776,0.9800805828571826,1.0088186433053286,1.03375455838341,1.0568476505658198,1.0738661380820431,1.089929758589166,1.1064474172248608,1.1182061059604895,1.1316096549099148
stdev_14 <= stdev_5_sft_3,-0.024223424,98878,10495,88383,10.1,-1950.9871249467978,-194.57836401932582,76cc05d7e847d59489f80a379ae9909f097acc0055c98dd465d85c99099ff3c8,30,-0.009443661198019981,26.22,0.7603677637958111,0.7603677637958111,0.845161902331356,0.8848043666926922,0.8815918611380001,0.8903696001868353,0.9275043702130663,0.9685684064871283,0.9840949545594643,0.9942941178121772,1.006540077236213,1.028491851215078,1.0529143767492442,1.0674185415483233,1.0846226290348324
willr_5 >= -19,-0.024226857,98878,21870,77008,10.92,-3473.80027886288,-435.5536914602417,69dfb876a37c1daf9322a675d7db45858b16e638e7217cc78e1177c12ffb23dc,30,-0.012952957302331924,26.36,0.8146280927235366,0.8146280927235366,0.9039364518619206,0.9462395682326281,1.0077025638672097,1.0611999771578824,1.0971299040597655,1.1313429863089852,1.1551950527873107,1.1762282314583468,1.180739695037834,1.182212346795306,1.1894638543366072,1.2059828495910343,1.2271773066188263
aarou_20 >= 1,-0.02427198,98878,86793,12085,12.12,-11594.309289094326,-1600.0832743041829,dcb58ce780511e98834e39247d27a6ee8873b25591939e1839bb93ebed46e76d,30,-0.023337792605161667,27.06,0.8371449265898607,0.8371449265898607,0.8867988287358731,0.9305210119791458,0.9634285691677467,0.9858817593076459,1.0096806281573185,1.0296948205006942,1.0474191931813936,1.0621290451861554,1.073045411644214,1.0830149324055085,1.0963276326418496,1.1088327940304645,1.1234849943453316
rsi_30 >= rsi_30_sft_3,-0.024328317,98878,48820,50058,11.61,-8992.20848908522,-1023.2383372446493,9c5304fe9d592b70a0c6b3286ed47e7bf2dda0b94ec7966217da111653dec0de,30,-0.01652856171131134,26.7,0.7827472962454434,0.7827472962454434,0.8519598900854961,0.8993728575955586,0.9355258038281721,0.9716617866847354,1.0042951538147966,1.0275885299007679,1.0462489501754553,1.061863188216882,1.0765120253595324,1.0908614405400456,1.0922547965694243,1.1117632513669247,1.1273106699098896
willr_14 >= willr_14_sft_3,-0.024340684,98878,50480,48398,11.63,-8958.110207865211,-1072.9445854874139,c76b2a6e6a9f1e35b75e815a28e530490275498e07d600be2da53b82c81b3953,30,-0.015106664970517159,26.78,0.789238870691711,0.789238870691711,0.8430583676845791,0.879416984237271,0.9100953714891444,0.9418736544076993,0.9778748185787584,1.000560089616857,1.0183513658483478,1.035704188521498,1.0571264081760738,1.067623764377007,1.0787666704837362,1.0966912641988027,1.1122588174249133
willr_14 >= -1,-0.024375215,98878,4751,94127,8.84,-354.45152594865067,-83.07744654664566,69dfb876a37c1daf9322a675d7db45858b16e638e7217cc78e1177c12ffb23dc,30,-0.012282921932637691,25.01,0.8949977092927868,0.8949977092927868,1.0592975977583527,1.1076300779824153,1.2109786334887296,1.2378197274411935,1.2928770124192714,1.330784752316302,1.3961592483773777,1.4339527343116063,1.460524867772342,1.434334290790096,1.4578557779376866,1.5148689533003659,1.5984344237706385
adx_14 <= adx_14_sft_2,-0.0244398,98878,53102,45776,11.67,-9925.087426905535,-1119.7651068751074,234f8ad1c2baf91b95c9f1aef2798b533888ce55558d2a8e51c247014080fabc,30,-0.010763592086732388,27.0,0.7696176749171397,0.7696176749171397,0.8245068465209135,0.8537059196214518,0.8777955290522226,0.9200408238807327,0.9601600551500186,0.9919014687497371,1.0102817748551696,1.030445027487669,1.0506760725666777,1.0690594553740096,1.0784646744140043,1.0882265857855242,1.0973821659960477
rsi_2 >= rsi_14_sft_2,-0.024461983,98878,48628,50250,11.6,-9146.379751972367,-1048.8721402471565,9c5304fe9d592b70a0c6b3286ed47e7bf2dda0b94ec7966217da111653dec0de,30,-0.01391399186104536,26.81,0.7816442031707033,0.7816442031707033,0.8429607228670307,0.8923950090861027,0.9306348892117408,0.9711954831503333,1.0076390857868198,1.0327927387911564,1.0533615380497954,1.065619567395466,1.0879869222371892,1.1008473747009937,1.1081124337852588,1.1216170363474496,1.1397739986458415
rsi_5 >= 15,-0.024468949,98878,95990,2888,12.28,-12169.983989678793,-1862.1648327768708,2aff2363e2a1ac18e5b09edc627fed21347731d4e6d91b606bf5ebf4ed170990,30,-0.02118370309472084,27.28,0.847873721593006,0.847873721593006,0.9067718132072755,0.9459612498712568,0.9764081112870624,1.0032957617396572,1.0260936074380722,1.0426947442466765,1.058189166499854,1.074106855454339,1.0878433974024608,1.1012988978421732,1.1141909119330813,1.1264645851872057,1.1392385852361033
rsi_2 >= rsi_14_sft_1,-0.0245148,98878,48643,50235,11.6,-9051.894083983389,-1037.7236915758913,9c5304fe9d592b70a0c6b3286ed47e7bf2dda0b94ec7966217da111653dec0de,30,-0.013193873688578606,26.85,0.7840889112500546,0.7840889112500546,0.8483516041769713,0.8979184349176685,0.9332762827926827,0.9729769291798178,1.00860999320682,1.035687453835407,1.0578613517477715,1.06869138798967,1.0903120526160408,1.1030661640249173,1.1116306542276881,1.1282005596911042,1.1436299743237799
rsi_2 >= rsi_14_sft_3,-0.024522873,98878,48636,50242,11.6,-8987.743492889313,-1036.2319015609464,9c5304fe9d592b70a0c6b3286ed47e7bf2dda0b94ec7966217da111653dec0de,30,-0.013605454005300999,26.83,0.7844623033545136,0.7844623033545136,0.8454794978518063,0.8944384580019361,0.928616006556394,0.9702863641361054,1.0056127956443353,1.0298166377699014,1.052090408919553,1.0679153456827455,1.0920147918781062,1.106360488282693,1.1140739834836058,1.1284480836704982,1.1444718626602257
minus_di_10 >= 3,-0.024585612,98878,97856,1022,12.34,-12396.146286712483,-1860.6552161963918,a06e18f5f366aa3040f30d3f53c74e6c3d30e6b8f15e9282eabbaa7fe9dd85a0,30,0.00010917952749878168,27.45,0.8453612998074502,0.8453612998074502,0.8995513970340804,0.9395297097452511,0.9702320162871575,0.9967687602956912,1.019224572934978,1.0386969706157234,1.0550613768779802,1.0701332519273785,1.0843002607004288,1.0976174809854624,1.1122274630504494,1.125810311026311,1.139338182983787
minus_di_14 >= 7,-0.024586694,98878,95769,3109,12.27,-12564.173864301632,-1853.5859666511024,a06e18f5f366aa3040f30d3f53c74e6c3d30e6b8f15e9282eabbaa7fe9dd85a0,30,0.01613815501332283,27.57,0.8375196797414254,0.8375196797414254,0.8957347286496893,0.9341214154582652,0.9642993781560465,0.9937578551549701,1.0207824675915051,1.0440180216361672,1.0633895719367592,1.0798111268055572,1.09377142501743,1.1064830588810868,1.1202477098111017,1.1333366629989927,1.146637430337242
willr_10 >= -5,-0.024602264,98878,8262,90616,9.73,-974.0402723787702,-156.40901680334355,69dfb876a37c1daf9322a675d7db45858b16e638e7217cc78e1177c12ffb23dc,30,-0.013145137578248978,25.5,0.8510140738337318,0.8510140738337318,0.9826846520945764,1.0519763050655961,1.139478983143314,1.195204483477682,1.2591423887770328,1.2859672185979474,1.3360942849885964,1.3533022479020422,1.3535966897112788,1.3589559362334627,1.333746312519026,1.3858772028503792,1.4200853659867243
sma_50 >= Close_sft_3,-0.024613429,98878,50564,48314,11.62,-10005.013037187957,-1230.690547244165,9d05ebf4a4df1374ab70d34fd4bb0bb7068613b3ea4d9f34537ac27b7aeadf15,30,-0.005951067432761192,27.19,0.7493224024447573,0.7493224024447573,0.7916184461261219,0.8167491272989493,0.8383431602884504,0.858439879874592,0.8792532189056278,0.9007019004013256,0.9251396469870588,0.9454772609569946,0.9623574092473799,0.972021715024923,0.9778364038751497,0.982152622568867,0.9865759362170595
aaro_30 >= -89,-0.024627905,98878,92459,6419,12.2,-13054.323092502822,-1805.857460511841,0811e6227d0d089f2d69284c6ea7ddd7761288c8d873ca997aaf34687b2f23f1,30,-0.01962173730134964,27.21,0.8286940778837241,0.8286940778837241,0.881981753166833,0.9224549781441383,0.9536867669424138,0.9806494462835967,1.0062160488264325,1.02635231315625,1.0445099892024918,1.0609330281844318,1.0751323290272288,1.0882927842896077,1.102501486546427,1.1141996594714982,1.1261350845894622
stdev_14 <= stdev_10_sft_1,-0.024662528,98878,23953,74925,10.98,-3421.795928291176,-447.38945607353526,76cc05d7e847d59489f80a379ae9909f097acc0055c98dd465d85c99099ff3c8,30,-0.011419961228966713,26.54,0.8153169865338924,0.8153169865338924,0.8642752209442266,0.8896016833435684,0.8853702287350154,0.897930057498862,0.9230516598536301,0.9440832332920441,0.9548748703254856,0.9690007049390806,0.9835163348502393,0.994774871927556,1.014306173635257,1.0305425677281692,1.0470559806322524
willr_5 >= -20,-0.024682106,98878,23091,75787,10.94,-3700.6062577338307,-459.1313901780304,69dfb876a37c1daf9322a675d7db45858b16e638e7217cc78e1177c12ffb23dc,30,-0.012819644063711166,26.41,0.8131746237772873,0.8131746237772873,0.8960079409548185,0.9427936743267913,1.001818399720437,1.056001696550574,1.0854077299557858,1.116358075711412,1.1391192388224776,1.157880072245217,1.165600013485573,1.1686815264965,1.1823908919561041,1.1990407739405629,1.2217508611817156
atr_14 >= atr_10_sft_1,-0.024733713,98878,57869,41009,11.73,-9786.678694878283,-1213.8051148879385,532171b4b026df3b7d23c8264137467a8cc80a53ca41565a8c760a4fc7c55907,30,-0.008285247720777988,27.13,0.787231378372699,0.787231378372699,0.8447784294418934,0.8764059687141526,0.905658893884331,0.9340942024171568,0.9604171798986313,0.9791877941505873,0.9974834864123111,1.014620924408968,1.0295305736151805,1.044973390444364,1.0599021370601116,1.0667498511491684,1.074886671089485
rsi_5 >= 20,-0.02474626,98878,93113,5765,12.22,-12264.889851790216,-1811.7455632406054,2aff2363e2a1ac18e5b09edc627fed21347731d4e6d91b606bf5ebf4ed170990,30,-0.020195772871375084,27.22,0.8428044917469044,0.8428044917469044,0.9029303876265236,0.9432409450671462,0.9741716371039415,1.0012917554949792,1.024945477977291,1.0414494370966247,1.0567881097591065,1.0740651233739735,1.0874669322505668,1.1000542392795056,1.1138774478778817,1.1264816878198434,1.1383285306746693
aarou_5 >= aarou_20,-0.024746908,98878,54495,44383,11.68,-9142.22956804808,-1179.4223033075978,0f031b3780e6467809600593d6806420193325d9573f332c17b627db66a26893,30,-0.009847652167081833,27.05,0.7947531955278112,0.7947531955278112,0.8477608086981722,0.8849074476504613,0.9283062394503288,0.9642902379008255,0.991348713722702,1.015195216800823,1.0339434893302835,1.0513725490386108,1.0667812462971498,1.0841530308605758,1.097300419111661,1.1073249246127412,1.1221901835236343
minus_di_10 <= minus_di_14,-0.02478238,98878,52802,46076,11.65,-7368.869669553487,-1013.7487116635311,6ead8d4aff114cb978d2a5e9b1dcb95b84dfa27fd6f0f40b385ac29b242b16ea,30,-0.01183407660573721,26.95,0.8343012935596177,0.8343012935596177,0.8986800908729125,0.9409779562903929,0.9756828306625592,1.0042427128518974,1.0295864960345276,1.0531356509170327,1.0609663213831702,1.0687716287287596,1.0823343153139802,1.101699491660044,1.1177547291826304,1.131201553756203,1.1407444931924136
aarod_14 >= 15,-0.024815554,98878,72131,26747,11.92,-9805.185059939427,-1416.429508342546,b82d31c42ba12f67088cc35b02af2c43923426c209765223c68a8f342f6f6146,30,-0.00868882518261671,27.21,0.8271206154753658,0.8271206154753658,0.8784944678268579,0.9076358308991747,0.9417608918354993,0.9682345062858982,0.9911543886797728,1.0074790795671316,1.0179718312133001,1.0366148285241024,1.0542888879537593,1.0664172611061173,1.0801741539266456,1.0917521165839275,1.1058495190409523
willr_14 >= willr_14_sft_2,-0.024844829,98878,51173,47705,11.63,-9290.52155423475,-1092.228464562948,c76b2a6e6a9f1e35b75e815a28e530490275498e07d600be2da53b82c81b3953,30,-0.016345981508493423,26.74,0.7836600896607425,0.7836600896607425,0.8418494533858883,0.872916926927083,0.9051631489249498,0.9338647306490429,0.9643300663855524,0.9849069299877322,1.01292681219536,1.026888346166637,1.0540005943747406,1.0735250565658643,1.0810031165321756,1.0984270083216456,1.114759616367758
aaro_20 >= -94,-0.024853876,98878,94002,4876,12.23,-13596.57269604503,-1818.9455351772995,0811e6227d0d089f2d69284c6ea7ddd7761288c8d873ca997aaf34687b2f23f1,30,-0.021226132288575172,27.23,0.8258018461170638,0.8258018461170638,0.8791497051088139,0.9179153099367963,0.9509495831741619,0.9747800108828693,0.998289867507496,1.017934982262717,1.0374537832535837,1.0543711445266426,1.0702204419301076,1.0830867429061617,1.0960295853942166,1.1086447327318865,1.122286241147452
plus_di_5 >= plus_di_30_sft_1,-0.024881106,98878,38807,60071,11.4,-6395.927244589751,-743.9736567414075,e29890bc12ea37e8ab50982e55f5d20643af7c43a2ddc27569a065e219a2f597,30,-0.014274787157773972,26.65,0.8006319478028349,0.8006319478028349,0.8791785804680162,0.924022650565401,0.9682602133398659,0.9890799618607607,1.0135304631550526,1.0303275769269689,1.0409218813635033,1.043323873817288,1.0519012651477153,1.0524411530965332,1.0600990523344855,1.0696217460163757,1.0851563791274481
bb_upper_2_10 >= High,-0.02489079,98878,84784,14094,12.08,-11184.95562383041,-1667.680061560808,73a2f8f858c13ed47c80370d7df3c9045bc14eb7544028acac21bb9dbc89635d,30,-0.0024577132426202297,27.4,0.8343017714152067,0.8343017714152067,0.8879249287546527,0.9253746143432287,0.9485529547531327,0.9756178625531026,1.000683796271044,1.0193409796511896,1.0356526131624568,1.0510846150001152,1.0659481531221828,1.0830385793966901,1.1009286681607453,1.11655366729483,1.127389514901797
aarou_5 >= aarou_20_sft_1,-0.024893362,98878,54154,44724,11.67,-9012.716541736261,-1155.8101869905659,0f031b3780e6467809600593d6806420193325d9573f332c17b627db66a26893,30,-0.011089195497334003,27.0,0.795689262179889,0.795689262179889,0.8454967440826474,0.8799030681732564,0.9255253562893366,0.962175964229018,0.9917161155178955,1.014186502013433,1.0327772032884224,1.0499307198264558,1.064841587574818,1.0795557738610113,1.097413485051664,1.105061010177656,1.1172621464288053
rsi_30 <= rsi_5_sft_2,-0.02500934,98878,47506,51372,11.56,-6119.091122116057,-865.8347331982368,f60792ba6ac5baece5de7ac90117c85055d233a86016db65a9b1851d8a518ee9,30,-0.009661718271672726,27.0,0.8403552057861584,0.8403552057861584,0.9042006535843379,0.9501134326038787,0.9863962916975003,1.0222122282529673,1.0451857711854102,1.0724366145630702,1.0862851142160352,1.1020022017256468,1.1151358410629841,1.1192887716083968,1.1347789355988012,1.1450552332765411,1.1495803544848793
adx_30 >= 9,-0.025042213,98878,90689,8189,12.17,-12536.17838249043,-1751.1377600983542,4118d96628e9d7109ca1b25b71d8f7665de5864ad974c7631ea4a76d380fc96f,30,-0.027838455513119698,27.07,0.8304670557206291,0.8304670557206291,0.8854443727072966,0.9237209486440264,0.9532744794479503,0.9783238643275232,1.000028525241229,1.0177067034549607,1.0323988104875637,1.0472185854552796,1.0604687979253586,1.0734885808417398,1.0875377842105256,1.0999414956899212,1.112180177785066
minus_di_14 >= 13,-0.02506921,98878,84188,14690,12.07,-12707.675622899947,-1739.849300189584,a06e18f5f366aa3040f30d3f53c74e6c3d30e6b8f15e9282eabbaa7fe9dd85a0,30,0.020879652351140976,27.83,0.8088061875889512,0.8088061875889512,0.8645708578045982,0.9035232223149875,0.9319065746505034,0.9579729204805583,0.9847733680431882,1.0135207805745319,1.0389874240471013,1.0599146668035573,1.0757572644319138,1.0911325084050865,1.105917737372976,1.1176033266816505,1.130714350576462
willr_10 >= willr_30_sft_2,-0.02509187,98878,50900,47978,11.61,-10160.799835609367,-1185.3326534182052,c76b2a6e6a9f1e35b75e815a28e530490275498e07d600be2da53b82c81b3953,30,-0.005417761858552694,27.21,0.7626530427681165,0.7626530427681165,0.8211291560718078,0.8605974651546047,0.8943527321240163,0.9227948666155054,0.9576067982609078,0.9815849649485126,1.0077271376625514,1.0246136651305904,1.0524188754129449,1.0707009367900842,1.0815075593139316,1.0945925111424128,1.1030293175419383
bb_lower_2_30 >= bb_lower_2_20_sft_3,-0.025093138,98878,24808,74070,10.99,-3611.6115566923036,-483.64497236203897,14f3c68ebc76bb97608c90e96e22d07d8e6617ab0d939b3b0b66c54f45811d90,26,-0.006491521839052439,25.83,0.8064897129013545,0.8064897129013545,0.8678031111909599,0.9028602013267747,0.9341085924099096,0.96328688694767,0.9879735895741629,1.0143859962778656,1.0170319502924674,1.019522330953834,1.031575462034759,1.0363775185345003,1.0470678733176615,1.033892338518383,1.03203343172534
mema_50 >= Close_sft_3,-0.025109919,98878,51280,47598,11.62,-10042.71415059598,-1213.5704551128074,1e15dac9f18b8bc737934702402ffb02b545ee7fbda8772d4c0156705e9d2a44,30,-0.0098774628713727,27.02,0.7515550276639495,0.7515550276639495,0.7885060512786798,0.8106103994185115,0.8287094662286326,0.847589737553846,0.8625438247373896,0.8780989366320486,0.8971728688006704,0.917683182771836,0.9372587265948943,0.9489255585271461,0.9578346626195119,0.9667913554233922,0.9722174235206777
rsi_5 >= 10,-0.02514628,98878,97794,1084,12.33,-11948.719738375967,-1881.0185679411006,2aff2363e2a1ac18e5b09edc627fed21347731d4e6d91b606bf5ebf4ed170990,30,-0.015126198530197144,27.37,0.8529277390028346,0.8529277390028346,0.9120103370864203,0.9508826813158922,0.9810766986087094,1.0074923251139576,1.0294840432835237,1.0461356380298208,1.0613634087723016,1.0765033347651864,1.0904453491156332,1.1034107700954385,1.1164705299330902,1.1284283093208696,1.1410444833481512
adx_10 >= adx_20_sft_1,-0.025157351,98878,80197,18681,12.02,-9804.209881263061,-1521.4120080691428,fd7b69234972b511c2e03a174ce4b77d38140d5e70cabc298bd88fa9bb05adbf,30,-0.010943221859633923,27.21,0.8449842431331703,0.8449842431331703,0.8983472206461822,0.9366559615112364,0.964144476304367,0.9852185040283766,1.0077044726750002,1.0269921612629855,1.0417627071397921,1.0559318343411404,1.0702918426025751,1.0863489499954313,1.103048079356892,1.1169440921662945,1.1288226896413922
rsi_20 >= rsi_20_sft_2,-0.025181452,98878,49826,49052,11.59,-9313.79302352375,-1057.3764773171351,9c5304fe9d592b70a0c6b3286ed47e7bf2dda0b94ec7966217da111653dec0de,30,-0.01725740358233452,26.68,0.7813420454093558,0.7813420454093558,0.8446325049379451,0.8858663854694029,0.9247225415875705,0.9671379939165521,0.9988916149999381,1.017628003657174,1.0406150829852256,1.05366607333867,1.071176300321093,1.0869217839667218,1.09233373520548,1.1072353004907618,1.1260183731319624
minus_di_20 >= 9,-0.025185961,98878,95125,3753,12.25,-12651.761552763975,-1857.194710844189,a06e18f5f366aa3040f30d3f53c74e6c3d30e6b8f15e9282eabbaa7fe9dd85a0,30,0.0214682649821043,27.64,0.834100016559889,0.834100016559889,0.8910894668232817,0.931238758528356,0.9629076203909688,0.9917594786565668,1.019716638784381,1.0440853564367576,1.0639806413262785,1.0799145517843756,1.0928446670291334,1.1043403689406004,1.11750034400228,1.1291837084283682,1.1418339076537152
aarou_14 >= 22,-0.025194937,98878,66212,32666,11.83,-8485.533487662236,-1260.0747416145387,dcb58ce780511e98834e39247d27a6ee8873b25591939e1839bb93ebed46e76d,30,-0.025145165622234344,26.66,0.8461804225884363,0.8461804225884363,0.907113333263475,0.9502579493182687,0.9791039853828957,1.0015055775463404,1.021206267461443,1.0402939987521451,1.0581379068979617,1.0677061767740776,1.0807394653882083,1.095429084950932,1.1086539373706072,1.1224320205333624,1.1357331458237079
rsi_5 >= 12,-0.025269376,98878,97173,1705,12.31,-12126.622770401289,-1875.72850674449,2aff2363e2a1ac18e5b09edc627fed21347731d4e6d91b606bf5ebf4ed170990,30,-0.019684497267007828,27.33,0.8500042154590634,0.8500042154590634,0.9093171245385612,0.9482319254370565,0.9788694416441106,1.0057474703844145,1.0279518723830052,1.0446862157500953,1.059689910889873,1.0752140246532953,1.089285518440366,1.1021852624861985,1.1153391085177788,1.1273058957260385,1.1398905982426624
rsi_5 >= 7,-0.02527284,98878,98381,497,12.36,-11887.296232282988,-1887.4516407600822,2aff2363e2a1ac18e5b09edc627fed21347731d4e6d91b606bf5ebf4ed170990,30,-0.007242437452077866,27.42,0.8544475837092365,0.8544475837092365,0.9132857719806716,0.9509724016075588,0.9808339896262412,1.0061864289020293,1.0280531705689893,1.0448163086728934,1.059540805586063,1.074821751119761,1.0890467358177518,1.1022343179691838,1.1153360466477613,1.127502106608858,1.1402162561491396
aarod_14 >= 1,-0.025297202,98878,85248,13630,12.08,-11110.253358459962,-1640.2860447035637,b82d31c42ba12f67088cc35b02af2c43923426c209765223c68a8f342f6f6146,30,-0.010404097847640514,27.26,0.8374328782868837,0.8374328782868837,0.8843745866974416,0.9201047915752718,0.9502809934656856,0.9721436928130901,0.992878404952371,1.0067029532840746,1.0211995203387496,1.0399338871139354,1.057565533214445,1.072807331328628,1.0884015934227766,1.0997083888440318,1.1134875884231983
stdev_20 <= stdev_30,-0.025311004,98878,71930,26948,11.91,-11038.45317267238,-1362.4070353655989,76cc05d7e847d59489f80a379ae9909f097acc0055c98dd465d85c99099ff3c8,30,-0.004842618480324745,27.31,0.8073208463333991,0.8073208463333991,0.858689537844022,0.9019979863950037,0.9326952007574771,0.9596006582278098,0.9825012092873018,1.0069098435275907,1.032719183709176,1.0572999617415664,1.0779920812105177,1.0931341668035712,1.1081352259086694,1.1225507128950667,1.1366974096574112
rsi_5 >= 9,-0.025333662,98878,98021,857,12.34,-11980.721356033919,-1887.8641158567698,2aff2363e2a1ac18e5b09edc627fed21347731d4e6d91b606bf5ebf4ed170990,30,-0.013642551377415657,27.39,0.852890239660433,0.852890239660433,0.9116376526290729,0.9502552334097137,0.9802611137725804,1.006628083623225,1.0285117035342382,1.0451714766699405,1.0603639562514247,1.0754757922828873,1.0893696457958562,1.1024792431430674,1.1156601764608716,1.1276809976173179,1.140081392078747
minus_di_14 <= minus_di_20_sft_3,-0.025356265,98878,54646,44232,11.67,-8319.198394303892,-1060.6113176789586,6ead8d4aff114cb978d2a5e9b1dcb95b84dfa27fd6f0f40b385ac29b242b16ea,30,-0.01597890630364418,26.8,0.8177176356033543,0.8177176356033543,0.8831207773337661,0.9268064184557069,0.9672642381050082,0.9985412270081804,1.024493007651826,1.047170338655577,1.0585776951570642,1.065459481361383,1.0800107989651015,1.0887094403821962,1.1012362400748659,1.1166634243284568,1.1297341253854254
sma_200 <= Low,-0.025366956,98878,37856,61022,11.36,-4914.257693119729,-700.570053274656,984863a5cb13aec2699710705080435de7dea983a917ddee35d0db64a2bad484,30,-0.013500617817044258,26.68,0.8363028825881512,0.8363028825881512,0.907716442132574,0.9634985447252925,1.0079199396893344,1.0480582167241927,1.078093684008355,1.109985734380917,1.1364189653564687,1.1588060928545467,1.178476296686602,1.2003184207560402,1.225606531796558,1.2514431013357306,1.2783129851012105
willr_14 >= willr_30_sft_3,-0.025368279,98878,50679,48199,11.6,-9502.697151544467,-1150.5746517116422,c76b2a6e6a9f1e35b75e815a28e530490275498e07d600be2da53b82c81b3953,30,-0.009286836721003056,27.04,0.7759967739199463,0.7759967739199463,0.8287815045645189,0.8708020463868722,0.8993116570627098,0.9319471240873834,0.964065174744876,0.9873951866601632,1.010067683251627,1.0314286997070556,1.0566381831089884,1.071649567282205,1.0845544601762145,1.0947965437547542,1.1065784528366105
stdev_5 <= stdev_14_sft_3,-0.025405755,98878,80076,18802,12.01,-11931.39082270522,-1593.207622355898,76cc05d7e847d59489f80a379ae9909f097acc0055c98dd465d85c99099ff3c8,30,-0.016044285148382187,27.1,0.8152509102637213,0.8152509102637213,0.8676860772064731,0.9020663333538131,0.9266440631889099,0.9532548994616653,0.9792499929678585,0.9973017688690674,1.0156811686125702,1.035420125151635,1.0533200722208498,1.072582109270231,1.0878665018648541,1.0984316536593823,1.1083791634553446
day_of_month == 2,-0.025406593,98878,7147,91731,9.42,-442.40682087777304,-103.58370002534502,737d6d1d85a27bd24d6381c6a37443495c3b9dd7a7d69f2f067c86100940a56f,30,-0.0030185566283762455,26.96,0.8976004274672896,0.8976004274672896,0.9969407035924267,1.0704470758324152,1.1338812939395404,1.1942089992439995,1.2524409761030926,1.3033308584039518,1.3428740681575955,1.3755198494666847,1.408011119154967,1.4375928311060695,1.465986918568491,1.4981986319318321,1.528196095882054
minus_di_20 >= minus_di_14_sft_1,-0.025413474,98878,48487,50391,11.56,-5813.71489127016,-904.2480773928837,a7c5a511f18bc4bc65b530c22aedd665cbba6e43036caf921c03925c9eff7340,30,-0.01950475573539734,26.56,0.8469740576072815,0.8469740576072815,0.9115576064001881,0.9448517789248734,0.9741813953207678,1.004486244225996,1.0197509687663935,1.032254877210709,1.040769534463892,1.0565126599579402,1.0711482753325596,1.0761978989663268,1.0913081665947908,1.0994646183518542,1.0997713944809488
aarou_30 >= 1,-0.025421232,98878,88684,10194,12.13,-12241.997654069539,-1707.1053244320428,dcb58ce780511e98834e39247d27a6ee8873b25591939e1839bb93ebed46e76d,30,-0.02163378708064556,27.12,0.8313109873045504,0.8313109873045504,0.8870415966740447,0.9293439199968918,0.9591957671765026,0.9848222592474786,1.0056222272865691,1.0247316100788417,1.0398397912398238,1.0547282096097892,1.0688249633504807,1.0838846647288818,1.0975304277909903,1.1107612246098475,1.1231772778833793
rsi_5 >= 19,-0.02543038,98878,93847,5031,12.22,-12274.530308971476,-1823.766679051514,2aff2363e2a1ac18e5b09edc627fed21347731d4e6d91b606bf5ebf4ed170990,30,-0.02085817977786064,27.23,0.8436349301327385,0.8436349301327385,0.9033122468405093,0.9432492916830543,0.9739950199511751,1.0004677399012152,1.0244339886258351,1.0414050939835737,1.0566331590926867,1.0741048010322123,1.0871317216824061,1.1005371139484046,1.1140445434800015,1.1258840320488612,1.1376447502424885
rsi_5 >= 17,-0.025450744,98878,94977,3901,12.25,-12315.892454748628,-1848.7763119277224,2aff2363e2a1ac18e5b09edc627fed21347731d4e6d91b606bf5ebf4ed170990,30,-0.019718870520591736,27.27,0.8447759384328042,0.8447759384328042,0.9042290539011798,0.943712936507087,0.9742370086298588,1.0015846285169874,1.025086183796156,1.041685516812862,1.0566446484679783,1.073868423683944,1.0878714770923716,1.1010582665247428,1.114394064416135,1.1261204968188734,1.1377603515856374
sma_200 <= High,-0.02545585,98878,43533,55345,11.47,-6362.386015646745,-862.9090843110971,96dbcbed1df94b1ba010b345e5b1a9039b5cdd6019405ebbb50c28754007bf82,30,-0.012673908844590187,26.81,0.8185973305030305,0.8185973305030305,0.8892290581029275,0.9380141988803905,0.9793852906998036,1.012939001326336,1.0458085429958142,1.0757144541168469,1.0994278584344273,1.119493952551403,1.1338488484021043,1.1536391516239881,1.1752452939709281,1.1984797039024166,1.2188375271748852
aarou_14 >= 1,-0.02546289,98878,84690,14188,12.07,-11239.364655502692,-1628.2492196655803,dcb58ce780511e98834e39247d27a6ee8873b25591939e1839bb93ebed46e76d,30,-0.023086823523044586,27.02,0.8390524936288839,0.8390524936288839,0.8974642570832031,0.9370277722018815,0.9674029868007208,0.9867945320390904,1.0110517641219128,1.0333030411918727,1.048319509072792,1.0634370846349246,1.0788187738957293,1.0941542779066036,1.1068231427752475,1.1173809634319523,1.1260166320480838
aarou_20 <= aarou_5_sft_1,-0.025463257,98878,54236,44642,11.66,-8756.224646427296,-1170.2980733310978,11ecda3140789fc7bb03c4e9ce6db1e36d26d05f5895e9047d4b04d8e05db454,30,-0.009611050598323345,27.06,0.8005600978632784,0.8005600978632784,0.8551735571613707,0.8987611399412718,0.9447785473086845,0.9785949158636481,1.0008856004999311,1.0221332267618268,1.0397989318307956,1.0580539304388734,1.0760893914588718,1.0950408242916398,1.1085051815831648,1.1236844748299804,1.1360408222263827
willr_20 >= willr_20_sft_3,-0.025463453,98878,50595,48283,11.6,-9417.222148073088,-1119.7546535625588,c76b2a6e6a9f1e35b75e815a28e530490275498e07d600be2da53b82c81b3953,30,-0.013636695221066475,26.85,0.7791172130854805,0.7791172130854805,0.8364227902633157,0.8784769101209137,0.9107061927823031,0.9500215417634006,0.9864808752242638,1.0166545940614151,1.0409072345465655,1.0541636697829493,1.0749701008598755,1.088646568236843,1.0933368424862269,1.111076913372098,1.1221487121181637
rsi_10 >= rsi_14_sft_1,-0.025496202,98878,48022,50856,11.55,-8366.171312586746,-986.9513645536572,9c5304fe9d592b70a0c6b3286ed47e7bf2dda0b94ec7966217da111653dec0de,30,-0.012724477797746658,26.86,0.7961602761907731,0.7961602761907731,0.859850458265997,0.9054125045490863,0.9411302777013388,0.9729160106042317,1.0028025155965234,1.0316884569567377,1.0501707008369983,1.0597609604794482,1.0782745136741194,1.0917534902359927,1.1017931049015204,1.1115452063745843,1.1280535710946717
bb_upper_2_30 >= bb_upper_2_10_sft_3,-0.025509324,98878,79321,19557,12.0,-12107.696686042535,-1617.7440905857438,2b12f1a24b5e2be255bd7327d40ce3105a7cd48cdc1cc2d1ac037ab6015a19a3,30,-0.0051545980386435986,27.33,0.8123496390114511,0.8123496390114511,0.8624618464971078,0.9024891110170201,0.9340231190507632,0.9588814249225066,0.9835768837234085,1.001448154569675,1.023361425966358,1.044451201253469,1.0620565588399233,1.0754623868218385,1.0856681752999529,1.100872572954987,1.1171011137216225
willr_10 >= willr_10_sft_1,-0.025515469,98878,52609,46269,11.63,-9457.519533247985,-1131.9157828499956,c76b2a6e6a9f1e35b75e815a28e530490275498e07d600be2da53b82c81b3953,30,-0.0158749520778656,26.78,0.7856734754249299,0.7856734754249299,0.8456151677983595,0.8881054911535198,0.9211431725984103,0.9433065731141657,0.9704756554082369,0.9911612697252896,1.0123002259725846,1.0216552502887641,1.0387325330933537,1.0511618862013237,1.0651412261219282,1.0778956017867776,1.0945563096103987
plus_di_30 <= 8,-0.025529023,98878,1073,97805,4.38,-184.98337375349365,-16.828469964893884,14a9c3710fc1b17e882c866201c8dfd17bc6a0c5cee2921d8c0a77ac8ad2afa3,10,-0.025644056499004364,9.13,0.6480972908048628,0.6480972908048628,0.6365260090070735,0.6520806922270711,0.6609631382950438,0.6591488364915826,0.6583410213614995,0.6354435232102884,0.6030662285839417,0.5750814661554169,0.5608588577871914,0.5514179493385083,0.5496207449439341,0.5422431847722329,0.5535001717560998
aarou_10 >= 1,-0.025564827,98878,82301,16577,12.04,-9925.709345882153,-1538.1932883351474,dcb58ce780511e98834e39247d27a6ee8873b25591939e1839bb93ebed46e76d,30,-0.023325100541114807,26.98,0.8536878144881392,0.8536878144881392,0.9108230338744154,0.9477966440468409,0.9799789699685092,1.0008200068191404,1.0211188585673456,1.035871690893573,1.0545205045376285,1.0723504623210935,1.0843828623444507,1.0975161562631268,1.112005519737775,1.126413017376702,1.1392682857090393
rsi_10 >= rsi_14_sft_2,-0.025591452,98878,48091,50787,11.55,-8700.568652606067,-1011.8225053057031,9c5304fe9d592b70a0c6b3286ed47e7bf2dda0b94ec7966217da111653dec0de,30,-0.011406107805669308,26.92,0.7882930480233504,0.7882930480233504,0.8502435420982261,0.8947075281318618,0.9347297019768886,0.9741738265212927,1.004865753737381,1.0279849761110336,1.0551945964423135,1.0673007377442887,1.0878387491836368,1.1014327011814353,1.1075212849445741,1.1246852671325474,1.1401783413569555
atr_20 <= atr_20_sft_1,-0.025624847,98878,63736,35142,11.79,-10856.095874054055,-1343.1724459907127,6c56a6e37fe7066fac040219b9e7cfe2398571a456467cde7a8327153ebc94da,30,-0.015734810382127762,26.92,0.7828418912325065,0.7828418912325065,0.8242506637745537,0.861944402891963,0.8868384806395708,0.9084099776683695,0.9313482807174059,0.9538917057754304,0.9720725112049555,0.9906732444956551,1.0078297321093785,1.0202064024435598,1.033288255668207,1.0431358490415017,1.0520380661113504
bb_lower_2_30 <= Low_sft_1,-0.025638264,98878,89945,8933,12.15,-12574.733395473533,-1704.1103588990372,b7ad82b511400bed7e0b17748ce288ee8f3f2ede56b33dfde9aebcf2610f7a03,30,-0.014257718808948994,27.24,0.8294487828362795,0.8294487828362795,0.883883619509,0.921964079537007,0.9556317420035069,0.9846345102866751,1.0100225909693927,1.0331828989856902,1.0518885626055532,1.069514174002388,1.0844524240843518,1.0979626927277708,1.11034965113169,1.1222740745345132,1.1339456556206324
adx_14 >= adx_20_sft_2,-0.025656398,98878,75389,23489,11.95,-9476.64277913966,-1399.4411036448291,fd7b69234972b511c2e03a174ce4b77d38140d5e70cabc298bd88fa9bb05adbf,30,-0.009290638379752636,27.21,0.8408264460283672,0.8408264460283672,0.8967083750196254,0.9371880412094811,0.9697046024553281,0.9928408055314183,1.0121334180079222,1.0297573597906224,1.0438751555511812,1.0594053488385125,1.0768687168324724,1.0928042464480288,1.1102297847138487,1.1236759205955407,1.1358756558205647
minus_di_10 <= minus_di_20_sft_2,-0.025665553,98878,54798,44080,11.66,-8284.168738026388,-1055.4876253045368,6ead8d4aff114cb978d2a5e9b1dcb95b84dfa27fd6f0f40b385ac29b242b16ea,30,-0.015241734683513641,26.83,0.8188666692104346,0.8188666692104346,0.8863942728037523,0.9287003587731029,0.9690057567558681,0.998937276250959,1.02638031554025,1.051223045496257,1.066828907463605,1.0690278225427932,1.0803006082666313,1.0968471000827,1.1071673609136423,1.1186698097591414,1.1337606692413218
rsi_5 >= 18,-0.02571052,98878,94452,4426,12.23,-12273.495991694861,-1834.0676048373716,2aff2363e2a1ac18e5b09edc627fed21347731d4e6d91b606bf5ebf4ed170990,30,-0.019102495163679123,27.26,0.844464955718831,0.844464955718831,0.9042233092591113,0.9437050226116872,0.9745480526292961,1.0019943619345386,1.0261591296975423,1.0426557737888553,1.0573705569355778,1.0751664881735143,1.0891729448978638,1.1022477144903744,1.1153723825373585,1.1272374742746505,1.1390261804251816
day_of_month <= 2,-0.025730379,98878,7913,90965,9.54,-592.2131514275366,-120.53139994859521,49cbc20e8e123e9500d17c94d10e8476c9be751f3936e646ba3355acc5fd09d7,30,-0.006575035396963358,26.45,0.8799652150684272,0.8799652150684272,0.9713703903815304,1.0387529119695014,1.096261240108544,1.150183261280918,1.2015767014038876,1.2453277685965034,1.2789671261358133,1.3069329630190132,1.333382137089218,1.3572114017590582,1.3804151586754636,1.4040160964204491,1.4284620087864004
minus_di_20 >= 17,-0.02574136,98878,73253,25625,11.92,-10838.684118170793,-1538.0045395725756,a06e18f5f366aa3040f30d3f53c74e6c3d30e6b8f15e9282eabbaa7fe9dd85a0,30,0.0269875917583704,28.16,0.806887760979357,0.806887760979357,0.8622876209081258,0.8954481702595964,0.924094460410904,0.9533530412871535,0.9802464046323971,1.0102377567232472,1.0381333649720437,1.0671840092924747,1.0936619510255283,1.114869884580613,1.134418488930203,1.1497560722749238,1.1650796156354686
minus_di_30 >= 20,-0.025759734,98878,60510,38368,11.74,-8623.19189588938,-1259.5327122518647,a06e18f5f366aa3040f30d3f53c74e6c3d30e6b8f15e9282eabbaa7fe9dd85a0,30,0.025025179609656334,28.33,0.8073048726508223,0.8073048726508223,0.8566007516338993,0.8931505537219353,0.9259891387077899,0.9616285148543027,0.9926748833674871,1.0217110576782458,1.0448175960615433,1.0707628034556698,1.0958522541402393,1.1222790201405792,1.1431502367137194,1.1594062823431648,1.1737901723079203
mema_200 <= High_sft_3,-0.02576561,98878,43257,55621,11.45,-5257.798995991686,-775.702003233062,272a901e1625028460b95370368ae350ea9835e10fc1933b41122586149e5de3,30,-0.01406478974968195,26.73,0.8461546075128688,0.8461546075128688,0.9089609707097132,0.9593090229057315,0.9985953678121643,1.0343512716140335,1.0634582724805288,1.0867626372347965,1.107927564802959,1.128702980849073,1.1510842813732607,1.1714039447242652,1.1933295507925534,1.2126386204995714,1.225608246666177
rsi_10 >= rsi_10_sft_1,-0.025767732,98878,53299,45579,11.63,-9336.488337383424,-1124.5980282616656,9c5304fe9d592b70a0c6b3286ed47e7bf2dda0b94ec7966217da111653dec0de,30,-0.016271354630589485,26.77,0.7936034837895926,0.7936034837895926,0.8502698855158936,0.9001313335562411,0.934135467283182,0.9640686491565678,0.9928392335394767,1.0158250366415966,1.0323201002643845,1.0452211094427148,1.063322024254239,1.074505311564456,1.0852447754510302,1.0977814438465818,1.1181612884601249
rsi_5 >= 16,-0.025799923,98878,95509,3369,12.26,-12274.19270349632,-1858.6289770440053,2aff2363e2a1ac18e5b09edc627fed21347731d4e6d91b606bf5ebf4ed170990,30,-0.019161580130457878,27.28,0.845951879460174,0.845951879460174,0.90533991834054,0.9439518844096367,0.9745867415803356,1.0018231755633167,1.0250814877297072,1.0416135210864461,1.0574787020189018,1.0738360969704546,1.0879594681664166,1.1011612341960746,1.1141674947768294,1.126548782541094,1.1389804735263844
rsi_5 >= 23,-0.025804892,98878,90739,8139,12.16,-12184.68890291109,-1787.878385466247,2aff2363e2a1ac18e5b09edc627fed21347731d4e6d91b606bf5ebf4ed170990,30,-0.02055417187511921,27.17,0.8403794355730689,0.8403794355730689,0.9016197601784958,0.9427241798140195,0.9735692858453884,1.0019160251930508,1.0267296802803494,1.043127778237781,1.0585262530050925,1.0761839212326187,1.091064730222261,1.103751887653968,1.1179352431469722,1.130787871520633,1.142398375726723
mema_200 <= High_sft_2,-0.025829306,98878,43241,55637,11.45,-5203.146951596672,-774.741289050151,272a901e1625028460b95370368ae350ea9835e10fc1933b41122586149e5de3,30,-0.014412998221814632,26.72,0.8473770867838916,0.8473770867838916,0.9095338228147468,0.9595409144675343,0.9985295108135912,1.0349452795616085,1.065049070860505,1.0910544592427973,1.111622845427238,1.129556653997328,1.1507555458771395,1.1705267088919167,1.1937397134930272,1.2134524165005953,1.2288657021312641
aarod_20 >= 6,-0.025874944,98878,81395,17483,12.02,-11724.927941630598,-1681.078569739424,b82d31c42ba12f67088cc35b02af2c43923426c209765223c68a8f342f6f6146,30,-0.013295131735503674,27.17,0.8204855148300862,0.8204855148300862,0.8704160667520555,0.9040898255559254,0.9289512969985767,0.9471808947242804,0.9723052573514269,0.9932963773412806,1.008556537799047,1.026035808365531,1.040981118599995,1.0562882552740034,1.0692407591583513,1.0826191329057522,1.088212014012591
aarou_5 >= aarou_20_sft_2,-0.0258829,98878,54978,43900,11.66,-8825.362747197278,-1165.4712325654837,0f031b3780e6467809600593d6806420193325d9573f332c17b627db66a26893,30,-0.011890686117112637,26.97,0.8024588728708244,0.8024588728708244,0.850589324466531,0.8862686029042219,0.9324337521657792,0.9640766445610126,0.9986477311884442,1.0184696703049845,1.0393781967644502,1.055766632003074,1.0711512303182502,1.0867959340068285,1.1043945043964551,1.1087613465481172,1.1239409234426752
mema_50 >= Low_sft_1,-0.025885675,98878,59693,39185,11.73,-10641.691416868856,-1350.2066624384825,e7e0f1d344c8e3b4344908a65185f87340bab0bfe5216b7073401aaebfc88a19,30,-0.01861308142542839,26.77,0.7712624812411084,0.7712624812411084,0.8028328672989082,0.8266106044554272,0.8452026685541918,0.8604751324990073,0.8797340130350729,0.8910853930942463,0.9048543744257045,0.9218288780469563,0.9402344613869397,0.9566465583145799,0.9640430811802002,0.9704594775973711,0.9802993514488026
minus_di_30 >= minus_di_14_sft_2,-0.02591972,98878,51145,47733,11.59,-5728.400216389673,-929.8888213984392,a7c5a511f18bc4bc65b530c22aedd665cbba6e43036caf921c03925c9eff7340,28,-0.021344490349292755,26.05,0.855936887146121,0.855936887146121,0.9112506362748418,0.954035850237442,0.9827025329337757,1.0116134368462832,1.0305451060385413,1.043253750976818,1.0515337538773182,1.0711338968416095,1.0821045882770022,1.0910481913248171,1.1042304651705528,1.1082395488585564,1.1047184679331696
bb_lower_2_30 >= bb_lower_2_20_sft_2,-0.025947947,98878,27042,71836,11.02,-4368.869863961231,-552.7745531047112,14f3c68ebc76bb97608c90e96e22d07d8e6617ab0d939b3b0b66c54f45811d90,28,-0.008985531516373158,26.31,0.7912045433969199,0.7912045433969199,0.8498296164423178,0.8938526092512797,0.9248685310510819,0.9571119491374677,0.9768305366735424,0.9924259959640165,0.9974561226450404,1.0084485083308077,1.0137840708767512,1.0196156193521089,1.0326105814991304,1.0346944528905495,1.0341171767928756
stdev_10 <= stdev_20_sft_2,-0.026048277,98878,75431,23447,11.94,-11831.516225859905,-1484.31393698381,76cc05d7e847d59489f80a379ae9909f097acc0055c98dd465d85c99099ff3c8,30,-0.014333341270685196,27.09,0.8049108826360206,0.8049108826360206,0.8541791907278617,0.8877820944254863,0.9146672029146571,0.9432681867803545,0.96719866654996,0.9905751253412719,1.0112646044152043,1.0342996598023857,1.0540990866590656,1.0713027595951126,1.0839767285451967,1.0978152736968179,1.108763949887689
day_of_week >= 1,-0.026070293,98878,94441,4437,12.23,-11444.323104875733,-1821.3573995652696,2ddfafbad88512142e74c4f2cce4050ae7d70cba96c7793650aa4df4bd1bd860,30,-0.03987782448530197,27.06,0.8536681792767656,0.8536681792767656,0.9083419604584327,0.9440019317600251,0.968617737440675,0.9905002701445135,1.0098055287908232,1.0235023364978497,1.0350195240336046,1.0469811185214908,1.057382294019964,1.0677504510927582,1.0779870080458425,1.086917576419034,1.0969441184915363
stdev_30 <= stdev_30_sft_2,-0.026077742,98878,52522,46356,11.61,-8491.692834403655,-1007.3937680981398,76cc05d7e847d59489f80a379ae9909f097acc0055c98dd465d85c99099ff3c8,30,-0.007885482162237167,27.11,0.7914317736002807,0.7914317736002807,0.8363750804843418,0.8812956413344472,0.9002051133776344,0.9365876243276069,0.9682121701253618,0.9933629018685364,1.0186503675098189,1.0453946439142219,1.059479968234125,1.0660114280775066,1.068742329136203,1.0728763597343047,1.0881548556129534
rsi_5 >= 24,-0.026089923,98878,89888,8990,12.15,-12225.278166466218,-1782.1759856461576,2aff2363e2a1ac18e5b09edc627fed21347731d4e6d91b606bf5ebf4ed170990,30,-0.02007865346968174,27.16,0.8386638708607376,0.8386638708607376,0.9005879622115911,0.9426304391017294,0.9737472230834195,1.0026385519545016,1.0277756943234264,1.0446551653432643,1.0601591913752901,1.0773733844695834,1.092126437121553,1.1054813664161627,1.1198145786043918,1.1327121647882015,1.1442259054753674
aarou_10 >= 11,-0.026091667,98878,73633,25245,11.91,-8823.862644761619,-1379.6555184756144,dcb58ce780511e98834e39247d27a6ee8873b25591939e1839bb93ebed46e76d,30,-0.023936768993735313,26.82,0.8551896593585144,0.8551896593585144,0.9118781502228591,0.9483960089918694,0.9864130308593968,1.0049639481032286,1.0246655642873699,1.0399025609739994,1.0565408406369696,1.0739623793723174,1.0876992899593205,1.1003388035294643,1.1138850594400425,1.1279650979109994,1.1418432604443334
mema_50 >= mema_200,-0.026154043,98878,40720,58158,11.39,-4929.248871898247,-738.402364674308,da871536f9280a0159baee359a9496c73c67bcc656bfb6cada940a1228de3547,30,-0.017755698412656784,26.5,0.8447871594731159,0.8447871594731159,0.9138640740675709,0.966328477528328,1.0047466319799536,1.0403641163505406,1.06991122901898,1.0980879967819104,1.124092889138546,1.1473870880336547,1.169799291143262,1.1903858438752428,1.2132042796838696,1.235050867387336,1.2550911416290542
rsi_5 >= 21,-0.026163058,98878,92404,6474,12.19,-12311.452543604832,-1808.2356381615464,2aff2363e2a1ac18e5b09edc627fed21347731d4e6d91b606bf5ebf4ed170990,30,-0.019260471686720848,27.22,0.8412516967181966,0.8412516967181966,0.901448887635861,0.9419054327182478,0.9731759898875934,1.000362917248444,1.024969361129056,1.0417995233014363,1.0572185395384743,1.0747455828310981,1.0885560556018172,1.1013585160706822,1.115269715330379,1.1279644480804525,1.1396436733462054
adx_10 <= 20,-0.026172416,98878,20239,78639,10.72,-4086.11052039107,-478.09345962006046,3c92cb65188a6807549ad02f373e5063a01a53cbce3d2b8fe4af860199995f57,30,-0.0037399206776171923,27.12,0.7339772481525467,0.7339772481525467,0.78013493515256,0.8253644585707857,0.8685537743135323,0.913313525473997,0.9530159706590134,0.9838369489243212,1.0162750481430773,1.050182251332144,1.0705751180238665,1.0895924720903247,1.1073539129038799,1.117417428180798,1.1192684668134651
stdev_5 <= stdev_20,-0.026173525,98878,89402,9476,12.14,-12231.538295196824,-1728.6768122111534,76cc05d7e847d59489f80a379ae9909f097acc0055c98dd465d85c99099ff3c8,30,-0.012497286312282085,27.26,0.8308365494090135,0.8308365494090135,0.8851806862560598,0.9187380338877075,0.9484970747497588,0.9753987239065968,1.0008469999019467,1.0187396611534805,1.0348347549803796,1.0520942619527751,1.0711047569778045,1.0894617472661312,1.1061397395690697,1.1162399680092017,1.1275469195324954
plus_di_14 >= plus_di_30_sft_3,-0.02618069,98878,38109,60769,11.33,-6003.480569599531,-720.251837267635,e29890bc12ea37e8ab50982e55f5d20643af7c43a2ddc27569a065e219a2f597,30,-0.022957120090723038,26.15,0.807941781645958,0.807941781645958,0.8749899613070111,0.9225456968245688,0.9705023336368029,0.9957074403135515,1.0174524435309569,1.0311847520336774,1.037403953310078,1.039455997865905,1.0471969709638855,1.0511735641711968,1.0510819766427524,1.064453351070804,1.07353137782118
aarou_20 <= aarou_5_sft_2,-0.026195228,98878,53851,45027,11.63,-8495.474316275759,-1106.6734626977777,11ecda3140789fc7bb03c4e9ce6db1e36d26d05f5895e9047d4b04d8e05db454,30,-0.007616920862346888,27.13,0.8045277182091564,0.8045277182091564,0.8579243163183295,0.9085150290873805,0.9456820473047016,0.980424349384961,1.004224312208317,1.024947684995464,1.0434468705850164,1.0585458389116373,1.0830148197698317,1.1005790954936696,1.1140610861536062,1.133398414401437,1.1438193514854604
willr_5 >= -18,-0.026197748,98878,21157,77721,10.76,-3397.1544321523397,-427.03322753788234,69dfb876a37c1daf9322a675d7db45858b16e638e7217cc78e1177c12ffb23dc,30,-0.013900151476264,26.26,0.8123885890817364,0.8123885890817364,0.9071254250556606,0.9534781757395642,1.0172285428493488,1.0682489948515377,1.1027051968838952,1.1377650442833667,1.1613280225034928,1.1845406847247253,1.1870613169577426,1.189807340185687,1.1989280344910163,1.215364205087662,1.2354219752727051
mema_10 <= mema_50,-0.02622688,98878,51386,47492,11.59,-8828.427592507294,-1165.7830173167022,97648559323ce4c42a3819223f880d09c20183d31e746db94faac95e3098a1b9,30,-0.012967165559530258,26.89,0.7750382655557008,0.7750382655557008,0.8060243193287946,0.8245111250955334,0.8375151785677352,0.849547861294993,0.8636073422958724,0.8747094365716704,0.8829271729994382,0.89513974592923,0.9101018720626289,0.9235258224138623,0.9330236528208643,0.9391511565094793,0.9429255095952982
willr_20 >= willr_20_sft_2,-0.026268443,98878,51279,47599,11.58,-9675.465078724905,-1122.6968843369614,c76b2a6e6a9f1e35b75e815a28e530490275498e07d600be2da53b82c81b3953,30,-0.013992737047374249,26.84,0.7760687653906556,0.7760687653906556,0.8375747895038164,0.8700525493000879,0.9050131480525297,0.9402240522261706,0.970726017497402,0.994875561643112,1.0271399608518939,1.0381184523437161,1.062137418476062,1.0775531204048148,1.0856471548282693,1.1015834156879523,1.1136214932408615
willr_14 >= willr_30_sft_2,-0.026305169,98878,50858,48020,11.58,-9741.748224085117,-1158.925636898246,c76b2a6e6a9f1e35b75e815a28e530490275498e07d600be2da53b82c81b3953,30,-0.006119243334978819,27.18,0.7718014262984677,0.7718014262984677,0.8293479811967291,0.867055826811163,0.8996964641727989,0.9286394822291795,0.9627401896101221,0.9893305846791761,1.0200669672320166,1.0379445990531921,1.0643915233575574,1.0840179008483335,1.0978019089644762,1.1145229760156838,1.1227416980249936
adx_10 >= adx_20,-0.026325846,98878,81316,17562,12.01,-10080.513219034157,-1547.5750341885723,fd7b69234972b511c2e03a174ce4b77d38140d5e70cabc298bd88fa9bb05adbf,30,-0.012638255022466183,27.18,0.8429028855410478,0.8429028855410478,0.8966496113588955,0.9351972315019598,0.9618388688740171,0.9832159845461823,1.0056522165009003,1.0246401861082544,1.0387708886443903,1.0533251794171032,1.0678416716497205,1.0828558052614856,1.0994767090342528,1.1130593723868003,1.125203841521671
rsi_5 >= rsi_14,-0.026331713,98878,48148,50730,11.53,-8412.886061544537,-998.924761686736,9c5304fe9d592b70a0c6b3286ed47e7bf2dda0b94ec7966217da111653dec0de,30,-0.01125357300043106,26.93,0.7944235927185542,0.7944235927185542,0.8627311805440591,0.9090353574752645,0.9477353925001775,0.9808011537788857,1.0130912702000014,1.0362047301271942,1.0558147148043662,1.0715722121181472,1.0925529832470515,1.1066891835609785,1.1163714907877382,1.1302014038123185,1.1464243524429805
plus_di_10 >= plus_di_30,-0.026334735,98878,39503,59375,11.35,-5933.201957993224,-745.2927189998154,e29890bc12ea37e8ab50982e55f5d20643af7c43a2ddc27569a065e219a2f597,30,-0.01973833702504635,26.37,0.8166375709245626,0.8166375709245626,0.8855135361547887,0.9296656101073083,0.9715627711646283,0.9966500860678396,1.0167750118803773,1.0332007754746466,1.03765931038564,1.037605737146512,1.0452172251409033,1.0515490753308785,1.0566658838752443,1.0667786802571408,1.0733875893667697
atr_14 >= atr_5_sft_2,-0.026360754,98878,60657,38221,11.73,-10628.397205397418,-1255.4407118249,532171b4b026df3b7d23c8264137467a8cc80a53ca41565a8c760a4fc7c55907,30,-0.01644197106361389,26.86,0.7784340461210663,0.7784340461210663,0.8380846963387167,0.8776876242751203,0.9064856152215244,0.9279553300198331,0.9528012716850985,0.9724609055146952,0.9904617382820088,1.0115439667487687,1.0266399430649744,1.0438132337725596,1.057731894627772,1.0683198017895628,1.0803371349661797
aarou_30 <= aarou_14_sft_1,-0.02636387,98878,43628,55250,11.44,-7144.474358013278,-882.0087913484749,11ecda3140789fc7bb03c4e9ce6db1e36d26d05f5895e9047d4b04d8e05db454,30,-0.005690726917237043,27.16,0.7959891822809667,0.7959891822809667,0.8605109497565187,0.9109575695473773,0.9577955176828206,0.9825238739679564,1.00386015645976,1.024333595381601,1.0427292287464045,1.0624775791997745,1.0827302426929526,1.1072186833226438,1.124593866719069,1.1428244952091469,1.1545905484931773
bb_lower_2_30 <= Low_sft_2,-0.026384892,98878,91719,7159,12.18,-12846.473621221394,-1757.3296219742042,b7ad82b511400bed7e0b17748ce288ee8f3f2ede56b33dfde9aebcf2610f7a03,30,-0.012262560427188873,27.29,0.8289812104220382,0.8289812104220382,0.883468968656447,0.9231399524118332,0.9564946667759506,0.9838451759291728,1.0086178329710696,1.0316995458536113,1.0498972431420726,1.067002705955648,1.082387791083552,1.0943142082818957,1.1081985359816735,1.1197952804006788,1.1317642867552744
aarod_20 >= 11,-0.026388643,98878,76562,22316,11.95,-11042.565050135443,-1594.5473003081715,b82d31c42ba12f67088cc35b02af2c43923426c209765223c68a8f342f6f6146,30,-0.012273693457245827,27.15,0.8193673990600429,0.8193673990600429,0.8720648995137565,0.903781801978065,0.930505249371003,0.9486227017669997,0.9711402507995728,0.9922310144892308,1.0078164703318082,1.0243799565998226,1.0393384295709571,1.0536848064108653,1.0662111072161353,1.0796991482917337,1.0854619376122088
willr_20 >= willr_30_sft_2,-0.026411207,98878,50896,47982,11.57,-9521.662664619646,-1163.062710793849,c76b2a6e6a9f1e35b75e815a28e530490275498e07d600be2da53b82c81b3953,30,-0.00949455238878727,27.03,0.7771327341406389,0.7771327341406389,0.8409751268170473,0.8750396210720455,0.9077355044371532,0.9445139206621832,0.9753560040637123,1.0022024397789882,1.0312035254539365,1.0425092966671914,1.064326647294459,1.0813227159692953,1.089503924905504,1.102411904771713,1.1093436615277386
rsi_5 >= 8,-0.026421081,98878,98213,665,12.35,-11946.50730614235,-1890.006510817002,2aff2363e2a1ac18e5b09edc627fed21347731d4e6d91b606bf5ebf4ed170990,30,-0.011227935552597046,27.4,0.8535517221989457,0.8535517221989457,0.9121353018618694,0.9502761825982204,0.9799291463312331,1.0058657583986919,1.0274911450878765,1.0444250090640739,1.059327123957378,1.0746389930505855,1.0887320173418789,1.1018066957399697,1.1148719723564262,1.126862377692251,1.1393699097528023
aarod_14 >= 8,-0.02648124,98878,78070,20808,11.97,-10278.45301806652,-1507.3056092831393,b82d31c42ba12f67088cc35b02af2c43923426c209765223c68a8f342f6f6146,30,-0.008966071531176567,27.24,0.8336689817671069,0.8336689817671069,0.8826650461666443,0.9127937579461032,0.9467834379215899,0.9693844226568045,0.992528965084284,1.0061681301308216,1.01724890935552,1.0370026793792915,1.0542831855989385,1.0668284680463171,1.0817720828911699,1.0938783347262035,1.1085459300996452
rsi_30 <= rsi_14_sft_1,-0.026488392,98878,46812,52066,11.5,-5372.695187604877,-805.2414374662258,f60792ba6ac5baece5de7ac90117c85055d233a86016db65a9b1851d8a518ee9,30,-0.012461062520742416,26.86,0.853107955698639,0.853107955698639,0.9236084455485224,0.9681515803452166,1.0059365346741544,1.0412302599288452,1.0697805003602592,1.089784852676876,1.101279452155938,1.1078867121943603,1.1201016563156194,1.131403257153673,1.1469413059348057,1.1550956661787184,1.1588721955325882
adx_14 <= 16,-0.026516957,98878,16254,82624,10.45,-3045.3740121395094,-354.2628882248682,3c92cb65188a6807549ad02f373e5063a01a53cbce3d2b8fe4af860199995f57,30,-0.004885915666818619,26.95,0.743238479998309,0.743238479998309,0.7850933533485533,0.8091414131165519,0.8348167129808238,0.8747978838698786,0.9016714337155913,0.9297615955643446,0.9516508106562157,0.9760812349551674,0.9871737985135323,1.0042655075767288,1.0173857321897208,1.0187058187787192,1.023951777001957
willr_20 >= willr_30,-0.026535586,98878,65116,33762,11.79,-9361.287499419897,-1392.7366131410017,c76b2a6e6a9f1e35b75e815a28e530490275498e07d600be2da53b82c81b3953,30,-0.011807202361524105,27.07,0.8171915631208774,0.8171915631208774,0.8735074902672498,0.9097047957336354,0.9378712699510542,0.9628287874359294,0.98240076260893,0.998219006772888,1.0125287933294747,1.0250609107768223,1.0382261847431118,1.0479190747035378,1.0522284164008469,1.057024784202615,1.0619708777469554
rsi_10 >= rsi_14_sft_3,-0.026547713,98878,48128,50750,11.52,-8626.782122682103,-1010.3521643346248,9c5304fe9d592b70a0c6b3286ed47e7bf2dda0b94ec7966217da111653dec0de,30,-0.01422426663339138,26.79,0.7886951368250011,0.7886951368250011,0.857219496104558,0.9005171567976,0.9369681591801788,0.9727703201809488,1.0058602502677398,1.0292344734815113,1.049326771573104,1.0644322371757229,1.0781469663479073,1.0910653672602808,1.0961714684747506,1.1090409688636662,1.1229313760629798
willr_10 >= -4,-0.026564904,98878,7527,91351,9.37,-869.1688966402435,-135.0882819292965,69dfb876a37c1daf9322a675d7db45858b16e638e7217cc78e1177c12ffb23dc,30,-0.013569488190114498,25.34,0.849372337248843,0.849372337248843,0.983422820290319,1.0531819465622332,1.1428308621624548,1.1785701772895387,1.2325553448610016,1.2713725177398527,1.3218383233422164,1.3636931739862266,1.368173142688889,1.3558242076499336,1.3393102599809958,1.402756731464495,1.4468938270947207
plus_di_20 <= 15,-0.026578046,98878,15131,83747,10.36,-2381.8870821898804,-350.6739110560884,14a9c3710fc1b17e882c866201c8dfd17bc6a0c5cee2921d8c0a77ac8ad2afa3,30,-0.029442675411701202,24.35,0.7680838259248279,0.7680838259248279,0.8158427049363182,0.8378585552819516,0.8464091610842136,0.8528468590975475,0.8577296235037386,0.8665614845033256,0.8776876717578835,0.8832069503372454,0.8973603739186352,0.9096821752292205,0.9084156944999883,0.9069498490970843,0.9130185143878122
aarod_30 >= 24,-0.026581157,98878,65782,33096,11.8,-10102.017376289783,-1423.9185486904898,b82d31c42ba12f67088cc35b02af2c43923426c209765223c68a8f342f6f6146,30,-0.01507239043712616,26.97,0.8055938801680652,0.8055938801680652,0.8572721423600349,0.8915566384497963,0.921571233108825,0.9463275179080016,0.9665718367792218,0.9814373023049601,1.0001554241812551,1.0125326412123714,1.0223846420109455,1.0307220950512845,1.0359128196052674,1.0381419604939002,1.0443460664159534
minus_di_10 <= minus_di_20,-0.026616974,98878,52432,46446,11.59,-7370.427990803042,-998.5381566092692,6ead8d4aff114cb978d2a5e9b1dcb95b84dfa27fd6f0f40b385ac29b242b16ea,30,-0.015391041524708271,26.8,0.8306170176529115,0.8306170176529115,0.8926364725462403,0.9372753565795903,0.9770291909606224,1.0007302399397695,1.029175929610225,1.0540568268991508,1.0642764392606043,1.0724562930558919,1.0857770540019478,1.0992436897648703,1.1142423810515973,1.1294159480632195,1.1403770231996657
plus_di_30 >= 8,-0.026628962,98878,97146,1732,12.3,-13718.481723009365,-1901.5360301974142,4f583626fd6f59b1b2e0825c720b1d1aad3858951a5b50964ea86a5c13485b5d,30,0.004378877114504576,27.47,0.8286007505878653,0.8286007505878653,0.883452482640151,0.9227552230910998,0.9534961953770147,0.9803049065058509,1.0043710433477129,1.0247296209665013,1.0430606140817174,1.0602179773887404,1.0752966796979668,1.0892632822711867,1.1030735751572147,1.1149712501417486,1.1266872391597276
plus_di_20 >= plus_di_30_sft_3,-0.026658991,98878,37360,61518,11.29,-5947.84031500807,-693.3051387771702,e29890bc12ea37e8ab50982e55f5d20643af7c43a2ddc27569a065e219a2f597,30,-0.02414010837674141,26.06,0.8069918050235617,0.8069918050235617,0.8780589478768192,0.9264717820935063,0.9689963277126348,0.9954699114258613,1.0184948691837854,1.0296453984406206,1.0417647564732548,1.0469390637418226,1.0590434396331065,1.0638069475509961,1.0608817062327822,1.0778433619901977,1.088043933325696
adx_5 >= adx_10_sft_3,-0.026664441,98878,77567,21311,11.96,-10539.261295064938,-1551.404230195767,fd7b69234972b511c2e03a174ce4b77d38140d5e70cabc298bd88fa9bb05adbf,30,-0.0029328595846891403,27.38,0.8312028786279946,0.8312028786279946,0.8839780420731633,0.9298009447056548,0.9657638750655871,0.9918436955557585,1.0127476025062003,1.027427738515339,1.0410402312128333,1.0579923180552249,1.073701139193267,1.085638748587778,1.0981141332257145,1.1081825334723014,1.11874629719743
rsi_5 >= rsi_10,-0.026673507,98878,48322,50556,11.52,-8471.360598968291,-1023.7497774903532,9c5304fe9d592b70a0c6b3286ed47e7bf2dda0b94ec7966217da111653dec0de,30,-0.01087875384837389,26.95,0.7958409539983154,0.7958409539983154,0.863802473308762,0.9132066904652915,0.954108359421795,0.9886482787716913,1.0166340450918407,1.0373952440764391,1.0522477664597785,1.071236202717201,1.0903478257851773,1.1046864688447346,1.114919196413376,1.1305731400290127,1.144490408359451
aarou_14 >= 8,-0.02672453,98878,77435,21443,11.95,-10369.060606128798,-1484.3749810573063,dcb58ce780511e98834e39247d27a6ee8873b25591939e1839bb93ebed46e76d,30,-0.024966826662421227,26.86,0.8384854413190266,0.8384854413190266,0.9016904866609082,0.9415474501357614,0.9720176463631474,0.9921374689576491,1.013568753627045,1.036278453001276,1.0515598212674986,1.0647039076359357,1.0784030237372217,1.0932801368665312,1.1063667390162104,1.117610752995447,1.125712929987858
aarod_30 <= aarod_30_sft_1,-0.026732093,98878,89544,9334,12.13,-12903.450603934867,-1755.5529370741933,1c17b055d6052442bbc23e9c5f48c3b369df45790e4212d5edae44425931e847,30,-0.016688093543052673,27.2,0.8238498458060032,0.8238498458060032,0.8730933386405834,0.9125531135092834,0.9432896440887157,0.9726873817621488,0.9938446502685944,1.0163707477820112,1.032902602475316,1.0500115163921324,1.0643169113595912,1.077840321619753,1.0920590189786976,1.1020301603293878,1.1118711913581942
willr_10 >= 0,-0.026773268,98878,4682,94196,8.46,-352.3629964599386,-78.32818167311052,626469ba46e82766ce5b3089ecf6b9c8cc864cc725a917d504c11f3428566108,30,-0.014402746222913265,24.56,0.8879962957112859,0.8879962957112859,1.0307054604047143,1.070204407245409,1.1847329381013436,1.2632301249246531,1.3064713330060373,1.3474161530060595,1.3966616224883075,1.4557282876432882,1.4705191677779559,1.4650952128249344,1.4551051664698031,1.513302946413249,1.572774828303698
willr_5 >= -16,-0.02678083,98878,19167,79711,10.62,-3285.3749419611413,-400.51669055579987,69dfb876a37c1daf9322a675d7db45858b16e638e7217cc78e1177c12ffb23dc,30,-0.013723618350923061,26.2,0.7992979091515934,0.7992979091515934,0.8892832523857102,0.9389331370609563,1.0071477861482807,1.0606258123341872,1.091837915438104,1.1234761199252126,1.1501728732158585,1.1733796029213501,1.1802756245813666,1.1861260061581727,1.1892254127526225,1.2064506469544793,1.2316631987319693
minus_di_30 >= minus_di_5_sft_1,-0.026795823,98878,53761,45117,11.61,-7422.073454257514,-1018.9027339593449,a7c5a511f18bc4bc65b530c22aedd665cbba6e43036caf921c03925c9eff7340,30,-0.015956206247210503,26.79,0.8323904640597322,0.8323904640597322,0.8896925796098842,0.9377133887695278,0.9714506305560427,1.0030804219603906,1.032227738135165,1.0533818225714366,1.0650017115059793,1.077653912541924,1.094923764365212,1.1032029204484999,1.1159314350585923,1.1279405748269202,1.137040840127859
bb_lower_2_30 <= Low_sft_3,-0.026827365,98878,93091,5787,12.2,-12971.88989817353,-1786.532425893798,b7ad82b511400bed7e0b17748ce288ee8f3f2ede56b33dfde9aebcf2610f7a03,30,-0.01204580720514059,27.31,0.8295551753103546,0.8295551753103546,0.8805107254418157,0.9224258186761947,0.9545679650774085,0.9813073677604599,1.0074481553915429,1.0292152520407858,1.0473588626720616,1.0646262332282892,1.0795072686416873,1.092755066412824,1.1064241408521238,1.1183231406834713,1.1306398113262015
plus_di_20 <= 17,-0.026847389,98878,22955,75923,10.81,-3787.2250108029243,-547.4410106728101,14a9c3710fc1b17e882c866201c8dfd17bc6a0c5cee2921d8c0a77ac8ad2afa3,30,-0.026087448000907898,25.33,0.7644069713013772,0.7644069713013772,0.7996813574274972,0.8233914431288478,0.8317907744045921,0.8407433553755819,0.8401991269377826,0.8408021419915778,0.8493851005783107,0.8594342824970058,0.869166045883234,0.8782499394478913,0.888729545610713,0.8959275507030489,0.8993510402295756
willr_10 >= willr_14,-0.026847603,98878,69245,29633,11.84,-10116.957463136121,-1357.7584116347498,c76b2a6e6a9f1e35b75e815a28e530490275498e07d600be2da53b82c81b3953,30,-0.008916857652366161,27.18,0.8135346675083424,0.8135346675083424,0.8758430053659465,0.9052874791336816,0.9334713737453754,0.9608421387885739,0.9863995362291316,1.0068266165188384,1.0206640497390358,1.0385487896586376,1.057196920619157,1.0723511652318847,1.0857529396916108,1.098997977078775,1.11409192461186
plus_di_20 <= 16,-0.026848054,98878,18893,79985,10.6,-2955.6679277677526,-439.8349078723113,14a9c3710fc1b17e882c866201c8dfd17bc6a0c5cee2921d8c0a77ac8ad2afa3,30,-0.03056306391954422,24.64,0.7728966492252186,0.7728966492252186,0.8104887392004203,0.8300510574413269,0.8347692460084937,0.8334329512863483,0.8369025396057952,0.8425119084586482,0.8513403878180975,0.858779534362832,0.8676152816479057,0.8784974443026781,0.8863219839534577,0.890203891106664,0.8909894321572466
adx_20 <= adx_20_sft_2,-0.026857466,98878,53729,45149,11.61,-9351.88479135255,-1128.4557428755506,234f8ad1c2baf91b95c9f1aef2798b533888ce55558d2a8e51c247014080fabc,30,-0.01127874106168747,26.98,0.7807389942351406,0.7807389942351406,0.8298292124198384,0.8614189215372506,0.8860275099611619,0.9231658833474449,0.9598331751206025,0.9848775030868556,1.002221805677861,1.0252546036906132,1.0433682628267498,1.0617667495775747,1.0737120132498899,1.084139076288259,1.094600374635504
atr_20 >= atr_10_sft_3,-0.0268609,98878,60300,38578,11.71,-9615.19009188543,-1258.2325444990784,532171b4b026df3b7d23c8264137467a8cc80a53ca41565a8c760a4fc7c55907,30,-0.003591302316635847,27.32,0.7987723652091869,0.7987723652091869,0.8514465427938458,0.8852954658013984,0.9161357371218651,0.9446241586089557,0.9674590499955183,0.986385068666367,1.003965624097049,1.0223259147005868,1.0335358976302695,1.0482645118547302,1.0578190344505283,1.0676330101069196,1.0761111192975337
aarou_5 >= 1,-0.026865948,98878,76081,22797,11.93,-8809.998397296838,-1447.4147508789392,dcb58ce780511e98834e39247d27a6ee8873b25591939e1839bb93ebed46e76d,30,-0.02132890745997429,26.92,0.8595001332000556,0.8595001332000556,0.9154414821541489,0.9590589719730599,0.9969309868451113,1.0218282672721686,1.0461032451133865,1.0595976554854705,1.0771830059645742,1.0905275606194968,1.1024547171302386,1.1162071702310234,1.1293693160690934,1.140478904397136,1.1526617504629206
rsi_5 >= rsi_14_sft_3,-0.026875248,98878,48284,50594,11.51,-9026.041622812125,-1049.3076223311364,9c5304fe9d592b70a0c6b3286ed47e7bf2dda0b94ec7966217da111653dec0de,30,-0.013262541964650154,26.84,0.7807388851897114,0.7807388851897114,0.8502460465145109,0.8931044076896889,0.9275411949648908,0.9633529272661651,0.9986742576058378,1.0233027320260337,1.0468165533964386,1.0610083376606017,1.0762898258085427,1.092686567409512,1.098381543503444,1.1099840536029215,1.1241687584927242
rsi_2 >= rsi_20_sft_2,-0.026909538,98878,48474,50404,11.51,-9242.243153819676,-1037.6664834272233,9c5304fe9d592b70a0c6b3286ed47e7bf2dda0b94ec7966217da111653dec0de,30,-0.01644156128168106,26.7,0.7772266157431589,0.7772266157431589,0.8388766160006883,0.8925287391175012,0.9319923463834835,0.972018993635528,1.0049935887502681,1.0312572299812182,1.0531073675396194,1.0653551048098924,1.087801267711328,1.1014449089547373,1.10862665615593,1.1243405927325938,1.1400892665399736
sma_200 <= Close,-0.026910203,98878,40664,58214,11.36,-6257.31865794861,-820.9584415041318,50a0e61b02a2d5c963e9603b4bade036c42f4965c5f54e99ff926c2165cc53b8,30,-0.014195813797414303,26.69,0.8104080273008097,0.8104080273008097,0.8823240926267972,0.9366582398022808,0.978418174445776,1.0178629147878335,1.0501735037632765,1.0835906561265165,1.1099032344133386,1.1307067464074774,1.1487899790952667,1.168104018204137,1.1902706900490663,1.213904041052338,1.237885282094111
rsi_10 >= rsi_14,-0.026927572,98878,47613,51265,11.5,-7841.750159113981,-927.923907001059,9c5304fe9d592b70a0c6b3286ed47e7bf2dda0b94ec7966217da111653dec0de,30,-0.013442323543131351,26.82,0.8060059256146457,0.8060059256146457,0.8732885668417005,0.9180066985601717,0.9597569482093274,0.9893136607050128,1.0215000969914145,1.0446799925592352,1.064740667997984,1.0745117420520884,1.0946909383133507,1.1128922976120617,1.1220484631448453,1.1375939725163526,1.1516727701378922
sma_20 <= sma_50,-0.026932882,98878,50096,48782,11.54,-9059.665003801201,-1164.4652398686594,9620e21a74658492f7af120824bf7d2062ca3a47b721c940ad3cc1d3bc8eb349,30,-0.006791310850530863,27.15,0.7684002834502324,0.7684002834502324,0.8097740362220375,0.8351280273529752,0.8617040532737459,0.8903105251517174,0.9166247829498134,0.9369662530518792,0.954784191934047,0.9686526809459698,0.982579710789066,0.9913086435826709,0.9978424091247139,1.0003644809190495,1.0052833675679447
minus_di_30 >= minus_di_10_sft_3,-0.026971996,98878,51636,47242,11.57,-5997.088309933832,-902.73177645533,a7c5a511f18bc4bc65b530c22aedd665cbba6e43036caf921c03925c9eff7340,30,-0.0206203181296587,26.56,0.8520977033191106,0.8520977033191106,0.9105712527997211,0.955588632016797,0.9875645518526813,1.0146431648205403,1.0320946980681003,1.046725184119145,1.0613802536317418,1.079268472075885,1.0895317049788544,1.1033085038748083,1.120123343752425,1.1243860901692975,1.1267357731382301
adx_20 <= adx_20_sft_3,-0.026972625,98878,53960,44918,11.61,-9457.296409712111,-1132.9137162006955,234f8ad1c2baf91b95c9f1aef2798b533888ce55558d2a8e51c247014080fabc,30,-0.012576126493513584,26.93,0.7790141614740262,0.7790141614740262,0.8263869536817124,0.8558807746503186,0.8875235604227047,0.9247780138447229,0.9588584870966004,0.9793496636596936,0.99583183379097,1.0216511184053665,1.0388832994694797,1.0567454642884626,1.067819645404689,1.0781676981851973,1.0874852658950478
rsi_2 >= rsi_20,-0.02701505,98878,48504,50374,11.51,-9209.087948746987,-1035.6353103163638,9c5304fe9d592b70a0c6b3286ed47e7bf2dda0b94ec7966217da111653dec0de,30,-0.015862608328461647,26.72,0.7782294454417341,0.7782294454417341,0.8407084372695179,0.8918324833984007,0.9292629688220099,0.9690688580593565,1.002693067104418,1.0296852903087672,1.0515596527764945,1.0625971789064312,1.085225412939099,1.0998698984089499,1.1076636236445854,1.1224992584573161,1.1389730916274068
rsi_14 >= rsi_14_sft_1,-0.02702937,98878,53239,45639,11.59,-9518.178397274394,-1123.666428293218,9c5304fe9d592b70a0c6b3286ed47e7bf2dda0b94ec7966217da111653dec0de,30,-0.016657747328281403,26.76,0.7887781953700549,0.7887781953700549,0.8454448408434307,0.8938007472813675,0.9267563365272964,0.9573699794790037,0.9871839786368006,1.0107356704679982,1.0284496451298437,1.0423192381785347,1.0609298295392275,1.0719764644719965,1.0823389582217342,1.0947974915081582,1.114630330683363
sma_10 <= sma_50,-0.027044315,98878,50368,48510,11.54,-9201.465390275254,-1180.817908139048,9620e21a74658492f7af120824bf7d2062ca3a47b721c940ad3cc1d3bc8eb349,30,-0.00899752788245678,27.05,0.7636034844546729,0.7636034844546729,0.8001742611731422,0.8228496116110647,0.8408842663666641,0.8613363983547623,0.8814042078619507,0.9032340964478245,0.9232280305603529,0.9441156122558679,0.963722433496832,0.9768617045911879,0.9825226918475736,0.9831499592029811,0.9870758833968027
aarou_14 >= aarou_30,-0.027113682,98878,44238,54640,11.42,-7470.116842275456,-925.3876467879818,0f031b3780e6467809600593d6806420193325d9573f332c17b627db66a26893,30,-0.008026305586099625,27.05,0.7907570332698988,0.7907570332698988,0.856434120787179,0.9073048027890919,0.9521972960930564,0.9773069695465413,0.9979672811530821,1.0158217695270892,1.0380898179826263,1.0517189281490809,1.071261728189036,1.0921266889601107,1.1110648492321582,1.1210677529390212,1.138147795203691
stdev_30 <= stdev_30_sft_1,-0.02714204,98878,52757,46121,11.58,-8689.965271142122,-1011.7146996633164,76cc05d7e847d59489f80a379ae9909f097acc0055c98dd465d85c99099ff3c8,30,-0.0067746867425739765,27.16,0.7886985608599048,0.7886985608599048,0.8375549123191386,0.8833666070378278,0.9081054160012425,0.9369473780655692,0.9656937919803202,0.9939555141102098,1.0145714909584813,1.0400750372471377,1.0541340549113127,1.0586863862692149,1.0660100380771742,1.0697314649493797,1.084450933268077
willr_5 <= 0,-0.02714954,98878,98843,35,12.4,-11728.506185627997,-1890.3855995236227,86253c6c7d990e2ed449f556aae30b7a3a03e17a19117fef2c52fa1a0af38369,30,-0.020957255735993385,27.43,0.8571718919233199,0.8571718919233199,0.9157286737325457,0.954812080361594,0.9826554940079303,1.0070476278749507,1.0291667024969955,1.0463370330746056,1.0607039502126492,1.0754897840806175,1.0896159386419744,1.1024653310010224,1.1155551539976338,1.1274240037379948,1.139747394087094
willr_14 >= willr_14_sft_1,-0.027152946,98878,52534,46344,11.58,-9565.597440335456,-1135.31083021823,c76b2a6e6a9f1e35b75e815a28e530490275498e07d600be2da53b82c81b3953,30,-0.015438179485499859,26.8,0.7829618804667359,0.7829618804667359,0.8431203212231195,0.8850236451958461,0.9151137723290034,0.9366273248814293,0.9652736797542876,0.9881801566241483,1.0094561020702075,1.0236983617543254,1.0476281427910155,1.0612535976390332,1.0723439273675013,1.0857928240160746,1.1039074577358334
willr_14 >= willr_30_sft_1,-0.027159197,98878,51251,47627,11.55,-9751.209432352574,-1169.222104578599,c76b2a6e6a9f1e35b75e815a28e530490275498e07d600be2da53b82c81b3953,30,-0.009108065627515316,27.05,0.7711026110268427,0.7711026110268427,0.8318392006099469,0.8650989856389208,0.9032544397754846,0.9248961609231302,0.9544981226866995,0.981316005646594,1.0075638673591145,1.02455586066487,1.052025345691932,1.0693157153817712,1.0844964802662602,1.0986195563660504,1.1099309899373295
bb_upper_2_10 >= Low,-0.027231527,98878,98631,247,12.37,-12520.414064121887,-1906.292500134492,751c4f308f1f823126a4edaf28cd7100c4916f221615f1ed76bbcc91391c46f9,30,-0.017802774906158447,27.41,0.8470505960146045,0.8470505960146045,0.9001820217689853,0.9380348809002527,0.9684075288633408,0.9937482754317296,1.0149028872659351,1.0327052364621527,1.0490394250228552,1.0652448438077096,1.0798029243358256,1.0939769172110878,1.1076646920595288,1.1206150054570774,1.1331059445047094
minus_di_10 <= minus_di_20_sft_3,-0.027242288,98878,54107,44771,11.6,-8392.269219762979,-1061.6322373607036,6ead8d4aff114cb978d2a5e9b1dcb95b84dfa27fd6f0f40b385ac29b242b16ea,30,-0.015782520174980164,26.8,0.8147277831964176,0.8147277831964176,0.8783365223293575,0.9233504768676594,0.962432488588541,0.9911482319382231,1.0165982333859822,1.0402765224543868,1.0524224471424963,1.0575918780805689,1.0662976265783277,1.0782371937981556,1.091805989267106,1.1042633444335774,1.1183754538808999
willr_20 >= willr_30_sft_3,-0.027282847,98878,50544,48334,11.54,-9534.85475963218,-1171.8347343924615,c76b2a6e6a9f1e35b75e815a28e530490275498e07d600be2da53b82c81b3953,30,-0.011913620866835117,26.93,0.774897387638867,0.774897387638867,0.8375842320668621,0.8776615560592748,0.9118404408159775,0.9496764919247138,0.9840024642092823,1.015604459358167,1.0335044270523297,1.0470391811571758,1.0672213098665368,1.0801506093561277,1.085608942008604,1.092149060265574,1.102555550729284
mema_100 >= Close,-0.027296353,98878,50393,48485,11.54,-7881.541745567055,-1060.7118657667452,1e15dac9f18b8bc737934702402ffb02b545ee7fbda8772d4c0156705e9d2a44,24,-0.02276725135743618,24.75,0.7882861966868331,0.7882861966868331,0.820878752663502,0.8293022243989426,0.8394959362355155,0.8462459655768733,0.8556552899802983,0.8595887031471428,0.8588141147155425,0.8578753305923207,0.8641704725277253,0.8683717003098627,0.8677980190860529,0.8674301771347848,0.8662284345508916
rsi_5 >= 22,-0.027300926,98878,91602,7276,12.16,-12382.33730988513,-1804.8171424411194,2aff2363e2a1ac18e5b09edc627fed21347731d4e6d91b606bf5ebf4ed170990,30,-0.01954001747071743,27.2,0.8391804485475987,0.8391804485475987,0.9001522533921842,0.940832060760607,0.9721797686832023,1.000459817084251,1.0260055325090018,1.0421101517160394,1.0579658855787237,1.0760200193036658,1.0899843230902981,1.1027142794975346,1.1169546740040006,1.129544971378475,1.1417925381112157
plus_di_14 >= plus_di_30,-0.027307652,98878,39164,59714,11.31,-6046.460142790194,-756.8067435749908,e29890bc12ea37e8ab50982e55f5d20643af7c43a2ddc27569a065e219a2f597,30,-0.021943364292383194,26.24,0.8112744461015303,0.8112744461015303,0.8790221754967308,0.9234304682051538,0.9620021695669765,0.9892804482078009,1.0126044773617682,1.027378891786917,1.0327724447543778,1.0394596833530403,1.0449540740184209,1.0515685116174076,1.0523214592409507,1.0592965485820232,1.0659271223016031
mema_50 >= Low_sft_2,-0.027311858,98878,60024,38854,11.69,-11116.307711676116,-1376.400235254543,e7e0f1d344c8e3b4344908a65185f87340bab0bfe5216b7073401aaebfc88a19,30,-0.018865350633859634,26.77,0.7643562050711943,0.7643562050711943,0.802283164004836,0.8256021245792258,0.8448525558610109,0.8642626846621865,0.8816669789131124,0.8973476800448751,0.9148174463128255,0.9302093375577192,0.9487301270616171,0.9594789539141417,0.9661046313947699,0.9746146422817921,0.983115490404942
plus_di_20 <= 8,-0.02731593,98878,2011,96867,6.17,-304.28458295366727,-29.958960828647832,14a9c3710fc1b17e882c866201c8dfd17bc6a0c5cee2921d8c0a77ac8ad2afa3,12,-0.02533106878399849,12.98,0.7171489589680382,0.7171489589680382,0.7068558449379336,0.7122499596807849,0.7269935123774757,0.7281287467993841,0.7236774609800126,0.7148341127928377,0.6952482314516433,0.6696010006506566,0.6441858231459193,0.635939898379718,0.6361059872553307,0.6234211540859502,0.6338336708357781
plus_di_14 >= 3,-0.027319549,98878,98204,674,12.34,-13409.97975933411,-1921.4091230838822,4f583626fd6f59b1b2e0825c720b1d1aad3858951a5b50964ea86a5c13485b5d,30,-0.0046884589828550816,27.43,0.8354225461707641,0.8354225461707641,0.891126803271361,0.9283333965744017,0.9564712634809192,0.9813912222529835,1.0039058473226548,1.0236192515821159,1.0412213291997516,1.0585097743207366,1.0745036048173486,1.0891911407307149,1.1033025896469484,1.116016318464554,1.1282503794135186
minus_di_20 >= 12,-0.027322697,98878,90191,8687,12.14,-12448.599202860136,-1789.7058948751583,a06e18f5f366aa3040f30d3f53c74e6c3d30e6b8f15e9282eabbaa7fe9dd85a0,30,0.025310443714261055,27.8,0.8251265488280224,0.8251265488280224,0.8843559961258202,0.9254856903999125,0.9548658095529298,0.9849603362116724,1.0140857497277878,1.0408111862936924,1.0620600050422329,1.079551517766788,1.0942313075274301,1.1066341542319789,1.1195988927879241,1.1302529585722687,1.1432104102738467
adx_30 <= 10,-0.027424285,98878,10114,88764,9.74,-1631.7698362551746,-196.59904789718712,3c92cb65188a6807549ad02f373e5063a01a53cbce3d2b8fe4af860199995f57,30,0.002409757347777486,27.76,0.7492071464519641,0.7492071464519641,0.8047502252754003,0.8556373024450004,0.8973934822002572,0.9367631921596267,0.968648468502947,1.0070506359262008,1.0468826136318754,1.0799044032793337,1.1102343952498543,1.1352626062783335,1.1618838431118352,1.1789829864710364,1.1861671470212551
rsi_2 >= rsi_20_sft_1,-0.02743686,98878,48503,50375,11.5,-9285.245484269813,-1040.5740474857375,9c5304fe9d592b70a0c6b3286ed47e7bf2dda0b94ec7966217da111653dec0de,30,-0.015442135743796825,26.74,0.7767469683552709,0.7767469683552709,0.840153890276041,0.890219721650253,0.9289729383607525,0.9690985649149593,1.005845954747483,1.034566206654892,1.0564772252121042,1.0660940416986389,1.0881555340175035,1.1021451878890587,1.109652124419176,1.124840174251319,1.1402277118542603
minus_di_14 <= minus_di_20_sft_1,-0.027437236,98878,57228,41650,11.65,-8267.060586883403,-1075.7425725449066,6ead8d4aff114cb978d2a5e9b1dcb95b84dfa27fd6f0f40b385ac29b242b16ea,30,-0.018782084807753563,26.73,0.825472274943528,0.825472274943528,0.8898432931844663,0.9364005119712113,0.9753138781373966,1.0072846326725764,1.0342333616255017,1.0578171831984582,1.0739226979296306,1.0817695304344468,1.0943453376054926,1.1054641848841429,1.1131368415816267,1.1242062729446092,1.1427382293190758
willr_5 >= -12,-0.027445687,98878,15954,82924,10.35,-2937.672319504374,-339.6603320744689,69dfb876a37c1daf9322a675d7db45858b16e638e7217cc78e1177c12ffb23dc,30,-0.015437580645084381,25.87,0.7796611161448311,0.7796611161448311,0.8778140446104579,0.9207174282699048,1.0027086308713187,1.0737260449181973,1.1085772026736713,1.1444378525043337,1.179847670846559,1.1938190532898116,1.187594656896207,1.2036153964548824,1.1951468304166604,1.2169129569650239,1.2435503315467111
aarod_20 >= 21,-0.027455475,98878,68324,30554,11.81,-10090.974257341517,-1446.631103693413,b82d31c42ba12f67088cc35b02af2c43923426c209765223c68a8f342f6f6146,30,-0.008459452539682388,27.19,0.8127810677358811,0.8127810677358811,0.8694489080244093,0.9034481587289093,0.9319146495552973,0.9520672661442471,0.9718144929480567,0.993205241146346,1.0118108549706162,1.0260985825508904,1.038750298636157,1.0516270449396543,1.064063535085855,1.0740485190285998,1.0819750072149832
atr_14 <= atr_14_sft_2,-0.027465237,98878,62077,36801,11.72,-10984.865512252993,-1300.1094163086163,6c56a6e37fe7066fac040219b9e7cfe2398571a456467cde7a8327153ebc94da,30,-0.019128909334540367,26.79,0.7750530233876898,0.7750530233876898,0.8194542940021108,0.8502051845106317,0.8758710693963409,0.9010822500150896,0.92247257857595,0.9387361856670904,0.9554852200941286,0.9704287253175858,0.9875854815506647,1.0002997462902445,1.0181825429189815,1.0310637534680347,1.0417709449982882
plus_di_10 >= plus_di_30_sft_2,-0.027552629,98878,38443,60435,11.28,-6432.783325310782,-750.3386937743926,e29890bc12ea37e8ab50982e55f5d20643af7c43a2ddc27569a065e219a2f597,30,-0.018487975001335144,26.41,0.7962577721071853,0.7962577721071853,0.8722063394169896,0.9155788363989141,0.9663675018666547,0.990137172073373,1.012405020010725,1.0243029789498024,1.0247643059597566,1.02580042495281,1.0324267073459739,1.0367209195291052,1.0386827310819111,1.0517085800115706,1.0645901538186606
aarou_30 <= aarou_10_sft_2,-0.027568292,98878,51433,47445,11.55,-7219.468924198329,-982.8643715418148,11ecda3140789fc7bb03c4e9ce6db1e36d26d05f5895e9047d4b04d8e05db454,30,-0.0085627231746912,27.08,0.8234408501375634,0.8234408501375634,0.8695879470021911,0.9252321232759061,0.9605400619449507,0.9854466541123083,1.00311644330455,1.022824695993785,1.04352500215816,1.060878254712054,1.0760071810537128,1.0914575594192346,1.1092822970607974,1.1290008848936914,1.1412308043019919
mema_200 <= High_sft_1,-0.027569832,98878,43226,55652,11.39,-5846.058617835402,-821.3197050468661,272a901e1625028460b95370368ae350ea9835e10fc1933b41122586149e5de3,30,-0.014956505969166756,26.69,0.8299651093110877,0.8299651093110877,0.9015295450282755,0.9495024339885346,0.9899700711562391,1.0264223709883415,1.0580882987580487,1.085760762517665,1.1079310921524868,1.127773198181511,1.1461756925558935,1.168207862909338,1.1887667058986702,1.21052078844857,1.2288325364132744
mema_200 <= Low_sft_3,-0.02757694,98878,37077,61801,11.24,-4425.265619149915,-652.9488520590967,f2e93f04b3d2a46ee10823902064b64ae41106b8f01252b29032fe26a3290c3e,30,-0.011458326131105423,26.78,0.8469173341170225,0.8469173341170225,0.9212973372787086,0.9777035696921018,1.018953718509051,1.0531525818348304,1.085463777723253,1.112826604137865,1.139216298201756,1.1581669373354888,1.1776172348104146,1.2016619975760867,1.2292119011839673,1.2571671625757945,1.2794572458510693
minus_di_20 >= 8,-0.027581818,98878,96124,2754,12.26,-12776.824804750144,-1870.1129798966795,a06e18f5f366aa3040f30d3f53c74e6c3d30e6b8f15e9282eabbaa7fe9dd85a0,30,0.017469102516770363,27.58,0.835000681273361,0.835000681273361,0.8912131447988996,0.932952809148645,0.9658626050593061,0.9952543691286768,1.0227737477721826,1.0462095380785943,1.0650154901633337,1.0807576380787163,1.0939509957662228,1.1062829074855862,1.1196290852736186,1.1314513619588444,1.1448885712212635
willr_5 >= -14,-0.027583998,98878,17578,81300,10.46,-3162.6927842147416,-373.96771307745803,69dfb876a37c1daf9322a675d7db45858b16e638e7217cc78e1177c12ffb23dc,30,-0.013768872246146202,26.12,0.7859861816462618,0.7859861816462618,0.8850245045493452,0.9286969833423292,1.0061918631798998,1.0629811858568616,1.0946561094629415,1.1311676152113141,1.162502549843917,1.1789526183331005,1.1776389473542894,1.1913269368124821,1.1911433139457008,1.2107662606889238,1.2395398982255081
mema_200 <= Close_sft_3,-0.027656788,98878,40272,58606,11.32,-4887.745378254663,-710.3924323201427,7bbedcb317d5c12750ad9ed3d218721554e71f07d9c51daeb72ddac27b693913,30,-0.01335967518389225,26.73,0.8449196467364573,0.8449196467364573,0.9122777898141129,0.9664279633022406,1.0068469635665471,1.046161543918568,1.0747508115790934,1.1013533283185908,1.1259268354142338,1.1473925634477258,1.1698671265772203,1.1916829990483442,1.2170708425942138,1.239220446820083,1.2568748076201364
sma_50 >= Low_sft_1,-0.027659943,98878,57885,40993,11.65,-11039.33675995209,-1364.9243139466416,7e47ad2f5aad8309cb5e81c51f9a75f0ebc795f902c6c62c65c20c0b4901b7f7,30,-0.014192207716405392,26.91,0.7570216878506538,0.7570216878506538,0.7893254196043183,0.8134681222846443,0.8349749383953614,0.8538446041654625,0.8770751638082466,0.8951086224219383,0.914343631808838,0.9352965026141387,0.952124572004009,0.9649770384656804,0.9696348772783792,0.9767280812733922,0.9836008762563401
minus_di_10 <= minus_di_20_sft_1,-0.027670037,98878,54738,44140,11.6,-8150.635294872,-1063.9857303229655,6ead8d4aff114cb978d2a5e9b1dcb95b84dfa27fd6f0f40b385ac29b242b16ea,30,-0.015537546016275883,26.82,0.8215396647945219,0.8215396647945219,0.8854199996248554,0.9329714553040552,0.9709962016132395,1.0029385863203995,1.0281231833853115,1.0533773662262613,1.064821825848198,1.0720461895048683,1.0824612445481334,1.0962421299886205,1.1055701390975052,1.117078738611823,1.1308075107863889
plus_di_20 <= 10,-0.027681826,98878,3855,95023,7.89,-514.7362144907361,-52.40963578591618,14a9c3710fc1b17e882c866201c8dfd17bc6a0c5cee2921d8c0a77ac8ad2afa3,6,-0.030704203993082047,9.7,0.7658343342974951,0.7658343342974951,0.7982380040603989,0.7850297898532158,0.7971251582684692,0.7952968677143212,0.7848720599539367,0.7749191277348265,0.748617192585455,0.7121130007810805,0.691612076268474,0.6908578279728571,0.6974026100831209,0.7043651469789242,0.7040470921750431
aarod_20 >= 16,-0.027689481,98878,72260,26618,11.86,-10583.638466866298,-1518.7934064247675,b82d31c42ba12f67088cc35b02af2c43923426c209765223c68a8f342f6f6146,30,-0.009949050843715668,27.18,0.8156426236801833,0.8156426236801833,0.8711047507326445,0.9025120537458058,0.9312819043080662,0.9499661396375189,0.9703004679628235,0.9933520239621298,1.0099144894160517,1.0238890788401227,1.038131682234198,1.0516033726906153,1.0660098270426912,1.0762497564003994,1.0834302734722436
plus_di_10 >= plus_di_30_sft_1,-0.027702244,98878,38659,60219,11.28,-6074.22801751802,-721.330192243433,e29890bc12ea37e8ab50982e55f5d20643af7c43a2ddc27569a065e219a2f597,30,-0.01964348740875721,26.35,0.8069863777127707,0.8069863777127707,0.8733182715408333,0.9178124042267107,0.9627038724351354,0.9903190291267314,1.0096909520597546,1.0231430761486766,1.0293045410351038,1.0281417485467206,1.0322477164477641,1.0382018549504621,1.0421578614443012,1.0534874302441777,1.0621599071742784
mema_10 >= mema_200,-0.02770292,98878,40425,58453,11.32,-5520.192470692765,-775.331140986731,da871536f9280a0159baee359a9496c73c67bcc656bfb6cada940a1228de3547,30,-0.01242935098707676,26.78,0.8278757468970528,0.8278757468970528,0.8967968268632576,0.9526873470659144,0.9966184861297509,1.0370468895381897,1.0697752164067065,1.1011406019838783,1.1291803403219902,1.1557407183322705,1.1773395626576764,1.1968526352142375,1.2193704738372453,1.242214622233177,1.2633597323294794
adx_20 <= 13,-0.027733315,98878,13736,85142,10.14,-2395.192286533187,-279.5515009431256,3c92cb65188a6807549ad02f373e5063a01a53cbce3d2b8fe4af860199995f57,26,-0.004907784052193165,25.79,0.7468042111461364,0.7468042111461364,0.818154398427886,0.8631869184735791,0.9190482653285689,0.9660998841068332,0.9966540779672343,1.014034667160096,1.038642746890893,1.0651421687706715,1.0796088855490273,1.0926667113045836,1.1048394778768729,1.1030135381504902,1.103864862366767
aarod_30 >= 21,-0.027747396,98878,68374,30504,11.81,-10512.14579618381,-1477.142741608266,b82d31c42ba12f67088cc35b02af2c43923426c209765223c68a8f342f6f6146,30,-0.016497045755386353,26.95,0.805388462785517,0.805388462785517,0.8564655439888944,0.8921951601978301,0.9206312009905395,0.9452513846338705,0.9655981938056704,0.9824627557764978,1.0016359203178509,1.0128505534311354,1.0235880084436813,1.0321113407946971,1.0366951435593195,1.039880514396741,1.0463180343795702
adx_20 <= adx_20_sft_1,-0.02776621,98878,53479,45399,11.57,-9400.318070217534,-1124.953302985843,234f8ad1c2baf91b95c9f1aef2798b533888ce55558d2a8e51c247014080fabc,30,-0.011337002739310265,26.98,0.7794797509436594,0.7794797509436594,0.8322235344045423,0.8634002023591413,0.8891833531543599,0.924871556587156,0.9604576730171255,0.9878040504119521,1.0033390526693498,1.0258959880382725,1.0436391408723793,1.0611009790478554,1.074825174128908,1.082606604347833,1.0939807797671668
bb_upper_2_30 >= bb_upper_2_20_sft_1,-0.027781513,98878,65770,33108,11.77,-10610.873351853992,-1336.4743772671718,2b12f1a24b5e2be255bd7327d40ce3105a7cd48cdc1cc2d1ac037ab6015a19a3,30,-0.003531276248395443,27.33,0.8002668029184778,0.8002668029184778,0.8576835562747408,0.9009798409827603,0.9363223880692311,0.9651798267937025,0.9885293676886296,1.0069551436211819,1.0251967108684492,1.0419011685077484,1.0610040189345884,1.080635963239219,1.0961968964356792,1.1083462970016644,1.1203393968112936
stdev_10 <= stdev_20_sft_3,-0.027793063,98878,74600,24278,11.9,-11839.504244801636,-1473.6187790203476,76cc05d7e847d59489f80a379ae9909f097acc0055c98dd465d85c99099ff3c8,30,-0.01373935118317604,27.1,0.8014734363298214,0.8014734363298214,0.8520322868959183,0.8855205729478944,0.9176961846601384,0.9455686330789871,0.9694740729814133,0.9934747458351366,1.015546700764351,1.0395099991109007,1.0587795387390022,1.0736760273222163,1.0878448686685815,1.0991493840973203,1.1116945376632952
aarou_14 >= aarou_30_sft_3,-0.027805392,98878,46856,52022,11.45,-7653.832143655294,-983.401051129702,0f031b3780e6467809600593d6806420193325d9573f332c17b627db66a26893,30,-0.010784528218209743,26.94,0.797534846482358,0.797534846482358,0.8621435988848178,0.9088047012357633,0.9500491541393418,0.9771270941618713,1.0028049076851147,1.0241312358393262,1.042303426944523,1.0562865568779451,1.0743911523165879,1.0898960437248248,1.1028649530055508,1.1101760984292983,1.1242569334119108
aarou_5 >= aarou_20_sft_3,-0.02783842,98878,55630,43248,11.61,-8879.604390971092,-1164.743819929703,0f031b3780e6467809600593d6806420193325d9573f332c17b627db66a26893,30,-0.015470506623387337,26.84,0.8034779322942754,0.8034779322942754,0.8511676613734651,0.891203425869122,0.9310325301051274,0.9638221982690268,0.9957241806803427,1.0157534065790117,1.0346008202414727,1.0514925081331,1.0642874518772012,1.0818681608289884,1.0961463169719463,1.1012502049807131,1.1138173884724503
willr_5 >= -15,-0.027840268,98878,18557,80321,10.51,-3414.7068004970206,-393.8712958791439,69dfb876a37c1daf9322a675d7db45858b16e638e7217cc78e1177c12ffb23dc,30,-0.014624832198023796,26.09,0.7824025762818916,0.7824025762818916,0.8727607950600438,0.9279322492979886,1.0057522064275461,1.0594910465176939,1.0911244707368775,1.1229318439380953,1.152997687158158,1.1763091067830178,1.1812975306203752,1.1890746289990515,1.1920342844869662,1.209947545389673,1.233312528746954
rsi_5 >= rsi_14_sft_2,-0.02785436,98878,48203,50675,11.48,-8993.728384348571,-1044.6461109022566,9c5304fe9d592b70a0c6b3286ed47e7bf2dda0b94ec7966217da111653dec0de,30,-0.01157495565712452,26.92,0.7817153944963056,0.7817153944963056,0.8454323763468561,0.8905599598997608,0.9296128711338539,0.9667975319710327,0.9991715390305611,1.022031385412188,1.0456042844023115,1.059713014034532,1.0771591402168788,1.0933892249540613,1.099100830269976,1.1142631475544693,1.1296851915807602
adx_5 >= 12,-0.027870378,98878,98645,233,12.37,-12478.093477565784,-1904.4262000074887,4118d96628e9d7109ca1b25b71d8f7665de5864ad974c7631ea4a76d380fc96f,30,-0.021059421822428703,27.4,0.8475001609827194,0.8475001609827194,0.900580486111403,0.9383751206166953,0.9689786578508076,0.9944756526103182,1.0157364648379994,1.0332011849160645,1.0496334128516769,1.0657480655566478,1.080548945928516,1.094466975824443,1.1082852422025529,1.1211114767206611,1.133723116230101
aarou_14 >= 15,-0.027879104,98878,71482,27396,11.85,-9464.570770260398,-1367.7501300195363,dcb58ce780511e98834e39247d27a6ee8873b25591939e1839bb93ebed46e76d,30,-0.02613965794444084,26.72,0.8408466566939197,0.8408466566939197,0.9043281001373283,0.9441095871517052,0.9742794413629249,0.9971678075503457,1.0161616756120748,1.0380848381698216,1.0548132198880458,1.0650547366504046,1.079156338517523,1.0939424586219983,1.1071086066661526,1.120337135083076,1.1303197025979614
plus_di_20 >= plus_di_30,-0.027918518,98878,38335,60543,11.26,-5972.31573512344,-737.6266759537903,e29890bc12ea37e8ab50982e55f5d20643af7c43a2ddc27569a065e219a2f597,30,-0.02488688752055168,26.05,0.8101112394081954,0.8101112394081954,0.8735881199311087,0.9199682690862367,0.9597227583533319,0.986392038980104,1.0069219489290588,1.0199385363382196,1.0201927756859897,1.0258672422803954,1.030101721817382,1.0355396529686494,1.0401982527286484,1.0497811427907535,1.0566377767920194
minus_di_20 >= 16,-0.02803189,98878,77470,21408,11.93,-11399.821821736557,-1621.8324865541,a06e18f5f366aa3040f30d3f53c74e6c3d30e6b8f15e9282eabbaa7fe9dd85a0,30,0.023684481158852577,28.0,0.8089941130606503,0.8089941130606503,0.8601240296034551,0.8961904359387888,0.923001339521848,0.9525389180463935,0.9795924985772935,1.0106411291973654,1.0384363705593413,1.0675365641685302,1.0899898560268892,1.1077790891724248,1.125095879857237,1.13846855458981,1.1523646770395806
rsi_30 <= rsi_10_sft_1,-0.02805298,98878,46929,51949,11.44,-5715.869010453251,-819.0604848210205,f60792ba6ac5baece5de7ac90117c85055d233a86016db65a9b1851d8a518ee9,30,-0.010830685496330261,26.94,0.8462496858602157,0.8462496858602157,0.9142678166268242,0.9645486554115716,0.9986464934435104,1.0307031405735976,1.06156088499051,1.0844386865142823,1.0982057520679198,1.1062000624582455,1.1222636787927152,1.132502883781967,1.1488883123850906,1.1566648855631327,1.163954565142668
minus_di_30 >= minus_di_20_sft_3,-0.028057607,98878,47689,51189,11.46,-5985.429069119382,-914.6076138404969,a7c5a511f18bc4bc65b530c22aedd665cbba6e43036caf921c03925c9eff7340,30,-0.02590814419090748,26.25,0.8346789136137437,0.8346789136137437,0.8758306748208947,0.9128222083496855,0.9453107663054352,0.9620653723328637,0.9816825972590766,0.9973914414332763,1.008494602014714,1.0294019483994143,1.037099426945488,1.0486635569255522,1.0626173524943818,1.0699971925571046,1.081741027838533
aarou_14 >= aarou_30_sft_1,-0.02807942,98878,44430,54448,11.39,-7579.692199881284,-941.5886611208043,0f031b3780e6467809600593d6806420193325d9573f332c17b627db66a26893,30,-0.009694921784102917,26.97,0.7888226477922765,0.7888226477922765,0.8522062382781131,0.8994561517297635,0.9439299145305546,0.971774849303549,0.9923834552671938,1.0110638275669506,1.0316491704327488,1.0431213161317623,1.0614973712664728,1.0847980240122042,1.102454693751747,1.1104413794771957,1.129620139149942
rsi_20 >= rsi_20_sft_1,-0.028129464,98878,53158,45720,11.56,-9903.550569588137,-1133.1497282356067,9c5304fe9d592b70a0c6b3286ed47e7bf2dda0b94ec7966217da111653dec0de,30,-0.01728159934282303,26.73,0.7793154597300244,0.7793154597300244,0.8372297392254657,0.8877723788080095,0.9225777702500477,0.9540111233067136,0.9843627544879799,1.0089414809479331,1.0265454773941485,1.040612789635874,1.0589702637327876,1.0696780805348782,1.079023631640313,1.0913677113960365,1.110797592123755
willr_20 >= willr_20_sft_1,-0.028152596,98878,52464,46414,11.55,-9924.942717882754,-1163.4991955793084,c76b2a6e6a9f1e35b75e815a28e530490275498e07d600be2da53b82c81b3953,30,-0.014655185863375664,26.83,0.7739835184634946,0.7739835184634946,0.8338107241066045,0.8738387997287297,0.9054151970046188,0.9306603145662247,0.9624214141961898,0.9869422742547561,1.0079524946229501,1.021881930520111,1.0417460203774709,1.0545908748632853,1.0641830571775956,1.0785073915078487,1.0937044120684336
minus_di_14 >= 6,-0.02815753,98878,96708,2170,12.28,-12626.228022539395,-1860.4494297079218,a06e18f5f366aa3040f30d3f53c74e6c3d30e6b8f15e9282eabbaa7fe9dd85a0,30,0.008594034239649773,27.5,0.8388645477184636,0.8388645477184636,0.8947481202446343,0.9336688299128719,0.9647922745782205,0.9934324499901572,1.0186951116702625,1.0399349817221926,1.057566001871388,1.0732598202343713,1.0871090374604666,1.1013147423141711,1.1154728080811998,1.1284713930279837,1.1420850023757063
willr_5 >= -17,-0.028170286,98878,20565,78313,10.61,-3373.3947902284563,-417.5029044680705,69dfb876a37c1daf9322a675d7db45858b16e638e7217cc78e1177c12ffb23dc,30,-0.014186432585120201,26.21,0.8073613357484348,0.8073613357484348,0.9006371457832689,0.9504731332382502,1.0156570644818106,1.0672734242610906,1.1013696758441314,1.1310920183051754,1.156024984810414,1.1793891778057273,1.1852470660307448,1.1919320351151574,1.1999496393083215,1.218688700954024,1.2427264248625725
adx_5 >= adx_10_sft_1,-0.028220968,98878,82130,16748,12.0,-10935.30617087182,-1621.151113435968,fd7b69234972b511c2e03a174ce4b77d38140d5e70cabc298bd88fa9bb05adbf,30,-0.0027506486512720585,27.39,0.8341199255985398,0.8341199255985398,0.8875337197989394,0.9282039517168897,0.9641971688803813,0.9882802807696246,1.0096733438029672,1.0255508628026806,1.0432241942888338,1.0611081376200318,1.078151915513091,1.0922119151371796,1.1055415949553848,1.11515632250355,1.1264795279820963
minus_di_14 <= minus_di_20,-0.028221183,98878,52056,46822,11.54,-6762.251309647478,-966.3637325240343,6ead8d4aff114cb978d2a5e9b1dcb95b84dfa27fd6f0f40b385ac29b242b16ea,30,-0.018598441034555435,26.66,0.8413093656694629,0.8413093656694629,0.9038028841482105,0.9484053854376083,0.9887175606979656,1.0168845918837282,1.044825719372995,1.0652956800836877,1.0764725169041838,1.084200701967187,1.0991379038764388,1.1106212806486375,1.1236352202584021,1.1369931226316639,1.1477353341851062
rsi_30 <= rsi_14_sft_2,-0.02825557,98878,46891,51987,11.44,-5829.793265653912,-848.6795638011026,f60792ba6ac5baece5de7ac90117c85055d233a86016db65a9b1851d8a518ee9,28,-0.008395169861614704,26.57,0.8396802998005198,0.8396802998005198,0.9089978528120821,0.9636676933202236,0.998538619329382,1.0295493626276162,1.051453829017299,1.0686413542651394,1.0756722281682531,1.0913607163233754,1.0998891803367805,1.105174708272782,1.1248668060050013,1.130440692608351,1.125664224116602
rsi_5 >= rsi_20,-0.02827733,98878,47839,51039,11.46,-8705.307588699397,-981.477917415672,9c5304fe9d592b70a0c6b3286ed47e7bf2dda0b94ec7966217da111653dec0de,30,-0.012307582423090935,26.88,0.7854955952267617,0.7854955952267617,0.8502228319822067,0.8960181137513019,0.9355706938469694,0.9717040665580531,1.0112162669657487,1.036984219406909,1.0584685146957438,1.0725669524405697,1.0911407404811921,1.1075942703603716,1.1159239384095123,1.129951427128843,1.145922676153723
rsi_2 >= rsi_20_sft_3,-0.028303755,98878,48496,50382,11.47,-9108.390415699112,-1027.9747733369732,9c5304fe9d592b70a0c6b3286ed47e7bf2dda0b94ec7966217da111653dec0de,30,-0.0152644207701087,26.75,0.7798228808517768,0.7798228808517768,0.8389201526080273,0.8914025377213196,0.9287421480231938,0.967920998707637,1.0027820077002099,1.0278012370556668,1.0496524612364082,1.0634323221287403,1.0856442606972125,1.1005875330094201,1.1087489001382709,1.1240100262575314,1.1388970958223439
plus_di_20 <= 9,-0.028327042,98878,2795,96083,6.94,-361.18746652815025,-39.01423081711255,14a9c3710fc1b17e882c866201c8dfd17bc6a0c5cee2921d8c0a77ac8ad2afa3,12,-0.027354344725608826,13.6,0.7602099473133723,0.7602099473133723,0.7774389601611733,0.7910291789794637,0.7979213805242312,0.8018369837401623,0.797198643465543,0.768925956566326,0.7317089782419162,0.6948805035133759,0.6661782353748532,0.6548620027300485,0.6625606488948873,0.6522518581971017,0.6571065557695732
stdev_30 >= stdev_5_sft_3,-0.028335156,98878,94270,4608,12.21,-13337.315006861758,-1841.9570266218652,a092dbfa6dbefd1d342d1a211503f33f5c7745cd5359e4d4115f2b75459bc7b9,30,-0.02240060083568096,27.22,0.8267947363536906,0.8267947363536906,0.8794766563448271,0.9183478083497383,0.9528193078472906,0.9804216083082611,1.0045464701945253,1.0243918186500782,1.0431600487144501,1.0605774738813671,1.0775584507827682,1.0902651989090497,1.1015146432711655,1.1145867798655489,1.1269551737272405
bb_lower_2_20 >= bb_lower_2_10_sft_2,-0.028338427,98878,22748,76130,10.71,-4399.22322532448,-497.2990384541481,14f3c68ebc76bb97608c90e96e22d07d8e6617ab0d939b3b0b66c54f45811d90,30,-0.007009805180132389,26.87,0.750818434192347,0.750818434192347,0.8207490587631201,0.8277971833148854,0.838159034344296,0.8650517663313231,0.888878520561617,0.9128017654228174,0.9371357175551364,0.9567383691582921,0.9785179353142616,0.9944066403233458,1.0182995392247531,1.0323152355367298,1.032635724721842
mema_5 >= mema_200,-0.028349586,98878,40379,58499,11.29,-5681.8999739928295,-778.3359661113645,da871536f9280a0159baee359a9496c73c67bcc656bfb6cada940a1228de3547,30,-0.012909933924674988,26.75,0.8237389196162817,0.8237389196162817,0.8925672248571268,0.9435505137007542,0.9891595311114781,1.0307193879503305,1.0629035247968397,1.0915356931855646,1.1178330574506414,1.144180668437801,1.1655332628301296,1.1878281998352334,1.2088755348028013,1.2324626599230142,1.2547886779345212
mema_200 <= High,-0.028366927,98878,43217,55661,11.36,-6337.34694493427,-846.879764131867,272a901e1625028460b95370368ae350ea9835e10fc1933b41122586149e5de3,30,-0.015209488570690155,26.67,0.8176154578128306,0.8176154578128306,0.8908818008564313,0.9389822408278334,0.9806808518094192,1.015375201490843,1.0475372117497768,1.0772626773859135,1.101438500404939,1.1220449537878407,1.1379300279587394,1.1584474209649438,1.1785130950244742,1.2008631505844234,1.2210969396379516
rsi_5 >= 0,-0.028368056,98878,98831,47,12.4,-11782.032904006064,-1891.6997996175924,2aff2363e2a1ac18e5b09edc627fed21347731d4e6d91b606bf5ebf4ed170990,30,-0.022979948669672012,27.42,0.856448470470201,0.856448470470201,0.9142990551367252,0.9509615507549476,0.9796850584400357,1.004762501641686,1.0269748632781088,1.0441549083156745,1.0586044991283767,1.0737361344240255,1.0878226856543556,1.1008040647386517,1.1140574848825027,1.1261679150920263,1.1386516033852085
mema_200 <= Close_sft_2,-0.02837266,98878,40284,58594,11.29,-5223.202816136534,-731.7620979048515,7bbedcb317d5c12750ad9ed3d218721554e71f07d9c51daeb72ddac27b693913,30,-0.013234203681349754,26.73,0.8352852337826067,0.8352852337826067,0.9094578386965683,0.9615655515218721,1.0037514547825617,1.04029638441933,1.0736520232468327,1.1018673194041486,1.1263007405591388,1.1484782491204963,1.1699073877488655,1.1927190235961471,1.2172323199806634,1.2428318376682428,1.2618651239493495
minus_di_20 >= 13,-0.028432827,98878,87661,11217,12.08,-12364.412855685488,-1772.5368707104353,a06e18f5f366aa3040f30d3f53c74e6c3d30e6b8f15e9282eabbaa7fe9dd85a0,30,0.023833448067307472,27.83,0.8201238846442167,0.8201238846442167,0.8761830563242702,0.9170610519031088,0.9452972589854779,0.9736506310047092,1.0040309196790649,1.032336954562196,1.0560146771950065,1.0750832451359658,1.0902119041290839,1.1038232832634738,1.1169195592829677,1.1293683577342846,1.1406595522175282
rsi_30 >= rsi_30_sft_2,-0.028437411,98878,49553,49325,11.48,-9287.611919959301,-1041.8637034672793,9c5304fe9d592b70a0c6b3286ed47e7bf2dda0b94ec7966217da111653dec0de,30,-0.01884683221578598,26.61,0.7791746148389678,0.7791746148389678,0.8489283966309072,0.8915776435289935,0.93171463428824,0.9728109156204806,1.002834170314857,1.0211866320192577,1.0431556728358256,1.0541283255398635,1.0722681085705268,1.0884602969198436,1.0944020875808327,1.1091888275435584,1.1273923469453033
adx_5 >= adx_10_sft_2,-0.028441055,98878,79687,19191,11.96,-10713.300082272897,-1579.762449375703,fd7b69234972b511c2e03a174ce4b77d38140d5e70cabc298bd88fa9bb05adbf,30,-0.005904865451157093,27.32,0.8325503239322937,0.8325503239322937,0.8856770120396427,0.9277554039918994,0.9638744747518038,0.9881472883229175,1.008860392180132,1.0232699679664066,1.0381913686529254,1.0560823871400564,1.0729305602946746,1.0856401793352053,1.098669130283093,1.1096465295950675,1.1202380725392418
minus_di_14 <= minus_di_20_sft_2,-0.028445043,98878,56346,42532,11.6,-8599.616041122832,-1078.3614799303468,6ead8d4aff114cb978d2a5e9b1dcb95b84dfa27fd6f0f40b385ac29b242b16ea,30,-0.01634788326919079,26.81,0.8167053255152066,0.8167053255152066,0.8820781554690599,0.9268397247982394,0.9669105707929045,0.99712960796832,1.0248809785340962,1.048491098427618,1.064949456042905,1.0674091608889364,1.079951273556368,1.0938187913747472,1.1025999841208265,1.114141057480197,1.1294502804193265
plus_di_20 <= 14,-0.028448407,98878,11821,87057,9.87,-1797.4488624232822,-272.00029472389724,14a9c3710fc1b17e882c866201c8dfd17bc6a0c5cee2921d8c0a77ac8ad2afa3,30,-0.033130452036857605,23.43,0.7719637799966754,0.7719637799966754,0.8111025966774672,0.841540517948773,0.8474045881401784,0.8539009036811459,0.8640073150834576,0.8630562301364826,0.8692738075525783,0.8754822379301388,0.879859714630404,0.8828013184513684,0.8805691282455063,0.8794012307745166,0.8848178053676015
aarod_30 >= 17,-0.028466774,98878,71075,27803,11.83,-10921.056319872056,-1532.1751833496455,b82d31c42ba12f67088cc35b02af2c43923426c209765223c68a8f342f6f6146,30,-0.01650909334421158,26.98,0.8057379960887606,0.8057379960887606,0.8569326299527164,0.8934377124974474,0.9211160483034971,0.9449868066023543,0.9670150761218557,0.9848424524507354,1.0038210835579668,1.0148783807611605,1.0255723865610165,1.0331323334340998,1.0385300912320934,1.0430753859771213,1.0503461131482346
stdev_30 >= stdev_10_sft_1,-0.028473273,98878,87428,11450,12.08,-13150.919248574606,-1721.8518762101303,a092dbfa6dbefd1d342d1a211503f33f5c7745cd5359e4d4115f2b75459bc7b9,30,-0.017817236483097076,27.16,0.8151060172547862,0.8151060172547862,0.8683902249997507,0.9089917116782229,0.9403718474774372,0.966912569048706,0.9900513673567388,1.0118779091316357,1.0317735634177996,1.0544633993151074,1.0733080999394307,1.0872244313940922,1.1003583503774872,1.1134283225481816,1.1266479260946327
minus_di_30 >= minus_di_14_sft_3,-0.028588822,98878,50482,48396,11.5,-5988.405682940669,-925.3623734228386,a7c5a511f18bc4bc65b530c22aedd665cbba6e43036caf921c03925c9eff7340,30,-0.023881789296865463,26.4,0.8460442740718943,0.8460442740718943,0.8913838653192774,0.9317659535245695,0.9601920334991784,0.9830510967140917,1.0017184013632026,1.0158526213000467,1.0320050988898457,1.0536249830393831,1.0627813351683146,1.0752707100261087,1.08596862979076,1.0843658527564317,1.0887710338370098
minus_di_5 <= minus_di_30,-0.028589102,98878,53842,45036,11.56,-7982.212517080201,-1036.559148484077,6ead8d4aff114cb978d2a5e9b1dcb95b84dfa27fd6f0f40b385ac29b242b16ea,30,-0.016651643440127373,26.77,0.822090520038843,0.822090520038843,0.8831623840628434,0.9281371148286908,0.9697191839274537,0.9982030041074592,1.0250296295833095,1.0474800040957182,1.0585304244238742,1.0706945689206753,1.0850891209701925,1.0970812819663847,1.1093272820091848,1.1201531235907332,1.1297684733844684
willr_5 >= -13,-0.028589789,98878,16997,81881,10.35,-3217.8968739846023,-368.3819671609672,69dfb876a37c1daf9322a675d7db45858b16e638e7217cc78e1177c12ffb23dc,30,-0.015066499821841717,25.97,0.7737069200228717,0.7737069200228717,0.8691342745065778,0.9145210133313052,0.9920471903399216,1.0544230965065358,1.0938987303201853,1.1300531704310648,1.1621545160676277,1.179564193068766,1.1734220406192613,1.1895869394049094,1.1842681067559662,1.2057721234800045,1.2318738159305482
willr_14 >= willr_20,-0.02862796,98878,67673,31205,11.78,-9557.126325128895,-1381.3292170231362,c76b2a6e6a9f1e35b75e815a28e530490275498e07d600be2da53b82c81b3953,30,-0.008085833862423897,27.2,0.8196196688413346,0.8196196688413346,0.8655692345012698,0.8998282403107178,0.9287480496271578,0.9503522129510419,0.9736770726928943,0.993692521821399,1.0121416596783641,1.03132995209316,1.048351549758844,1.0627909828462208,1.0739301687243936,1.0867395581355939,1.0989731321539913
minus_di_5 <= minus_di_30_sft_2,-0.028668059,98878,54292,44586,11.56,-8244.315814591928,-1035.3707598731562,6ead8d4aff114cb978d2a5e9b1dcb95b84dfa27fd6f0f40b385ac29b242b16ea,30,-0.01605117879807949,26.8,0.8180730313434187,0.8180730313434187,0.8814922481324654,0.9267575349268067,0.966237436503503,0.9944123335287951,1.021059787878603,1.0444397319376546,1.0597607839456313,1.0688962349495656,1.0799497383309058,1.0947594100759745,1.1054944609696498,1.1178157161789828,1.1273952252531871
willr_10 >= -3,-0.02867616,98878,6922,91956,8.97,-762.2427488917601,-131.20596970525366,69dfb876a37c1daf9322a675d7db45858b16e638e7217cc78e1177c12ffb23dc,30,-0.014899123460054398,25.02,0.8511666248449221,0.8511666248449221,0.9878290730319836,1.0590676739327054,1.1669267358654674,1.1904704621120483,1.2496884203680145,1.2886782597147624,1.3446602872598785,1.3880894838590945,1.3928098815213827,1.3770575312159958,1.3613084606734347,1.4214749607602317,1.480214755750916
adx_14 <= 17,-0.028691603,98878,20172,78706,10.55,-3543.250050619441,-419.5373870332114,3c92cb65188a6807549ad02f373e5063a01a53cbce3d2b8fe4af860199995f57,30,-0.003329053521156311,27.15,0.7579807794605454,0.7579807794605454,0.7957874711634927,0.8303843768739358,0.8638812497795462,0.9018155264127233,0.9298603179131001,0.9538793983598898,0.9755933308187787,0.9915828361169691,1.0031607114761454,1.0184884402062009,1.0311452609136256,1.0343904719488584,1.045213555344104
minus_di_30 >= minus_di_10_sft_1,-0.028701779,98878,52223,46655,11.52,-6231.906604149093,-945.650396889323,a7c5a511f18bc4bc65b530c22aedd665cbba6e43036caf921c03925c9eff7340,30,-0.01936611905694008,26.63,0.8509066726508483,0.8509066726508483,0.9132898586861219,0.9582147970107894,0.9897088877195752,1.0209276031476258,1.040539874356164,1.0561269220580942,1.0639785904214865,1.077177586477706,1.0912775155415446,1.099521942704462,1.1133508944024066,1.1239036957411177,1.1262356439199523
bb_upper_2_30 <= bb_upper_2_30_sft_2,-0.028708685,98878,52841,46037,11.53,-9160.553707820385,-1109.4342347062848,3aa49a56ba366f74cacb6b40add631875fca9bf88d1abae08516bfe7d1357af1,30,-0.010503645054996014,27.01,0.7749845846015555,0.7749845846015555,0.817030732547516,0.8478870891621572,0.8674005306230891,0.8978778177824495,0.9239279076001748,0.9547646602707109,0.9825182897683676,1.0164277158258153,1.0385157962740477,1.0533784811432902,1.0582435179006424,1.0593867587624999,1.066756929384428
adx_30 <= adx_30_sft_2,-0.028767686,98878,54217,44661,11.56,-9323.727478227327,-1155.9712011772135,234f8ad1c2baf91b95c9f1aef2798b533888ce55558d2a8e51c247014080fabc,30,-0.011604723520576954,26.97,0.780284931198442,0.780284931198442,0.8166738477974,0.8460463603547967,0.8726958924885662,0.9051643171087971,0.9403768700810785,0.9667690791511557,0.9890110049068168,1.0138495086460633,1.0311281067540021,1.0449248100355508,1.054073969986536,1.0620712219550932,1.0711796668895142
adx_14 <= adx_10_sft_1,-0.028772194,98878,83265,15613,12.01,-10850.410720359625,-1575.4349800527561,234f8ad1c2baf91b95c9f1aef2798b533888ce55558d2a8e51c247014080fabc,30,-0.009510787203907967,27.26,0.8361559626265909,0.8361559626265909,0.8930041234001301,0.9322757975552394,0.9591910712724727,0.9848884364916507,1.0118759770036232,1.0301325031405375,1.0475152967338839,1.0677240231031477,1.0833600343424077,1.0985815402338408,1.1110379731940117,1.1222549504488695,1.1306066882677834
adx_14 >= adx_20_sft_1,-0.028876293,98878,77702,21176,11.92,-10147.4287464087,-1459.7851126010937,fd7b69234972b511c2e03a174ce4b77d38140d5e70cabc298bd88fa9bb05adbf,30,-0.00951667595654726,27.22,0.8346767281837949,0.8346767281837949,0.890483299222142,0.9317104583181394,0.9643648863456511,0.9878675833829061,1.009211076101657,1.026192598269858,1.0416277585442488,1.0566215596626838,1.0747576671216554,1.091923869867351,1.108024381569323,1.1220294102112225,1.1360412573586232
mema_200 <= Close_sft_1,-0.028903792,98878,40280,58598,11.27,-5288.9448625831465,-745.035288362611,7bbedcb317d5c12750ad9ed3d218721554e71f07d9c51daeb72ddac27b693913,30,-0.01309151016175747,26.74,0.83353691677194,0.83353691677194,0.9046656033889863,0.9553050913552193,0.9992628554079285,1.0375760881024803,1.0719033139355172,1.1002362284512057,1.1257766352635312,1.149005743698807,1.1684189882138396,1.1912004481829028,1.2144449790150151,1.2396994848832528,1.2620912200183472
adx_30 <= adx_30_sft_3,-0.02890683,98878,54283,44595,11.55,-9207.601407483784,-1157.0681904594967,234f8ad1c2baf91b95c9f1aef2798b533888ce55558d2a8e51c247014080fabc,30,-0.01142921019345522,26.98,0.7830149618155968,0.7830149618155968,0.8216991566340908,0.851805086002945,0.8799248966226535,0.9144589577299708,0.9475000518870815,0.9748861141286507,1.0011839412173624,1.0239012460900379,1.0398183731984072,1.0519361468105024,1.0606437881674342,1.0662264916496793,1.0762393854910919
minus_di_20 >= 11,-0.028919607,98878,92221,6657,12.16,-12595.330022628816,-1823.6463938551533,a06e18f5f366aa3040f30d3f53c74e6c3d30e6b8f15e9282eabbaa7fe9dd85a0,30,0.025506092235445976,27.75,0.8280248104263828,0.8280248104263828,0.8878154159861718,0.9287854133271953,0.9606066792693793,0.9903478612816669,1.0181366232220799,1.0435363967764413,1.063990491016578,1.0802355734475735,1.093336851065628,1.105184806806525,1.1177461675139404,1.1287781645004507,1.1427390103086605
rsi_5 >= rsi_30_sft_3,-0.028939411,98878,47482,51396,11.43,-8582.420747323842,-959.3142797723267,9c5304fe9d592b70a0c6b3286ed47e7bf2dda0b94ec7966217da111653dec0de,30,-0.015532557852566242,26.72,0.7853099032562367,0.7853099032562367,0.8549753461026721,0.9010795749075848,0.9372920114682172,0.9731812318192252,1.0072086688971242,1.0314435434192113,1.0565002952016385,1.0667787845331602,1.0816113234098246,1.097246802172515,1.1045814606129125,1.117259910965633,1.130413765634588
bb_lower_2_20 <= Close_sft_3,-0.02894864,98878,97602,1276,12.31,-13441.425935311,-1891.878607733408,df72ac6ad143ee2de1e2f75f64629a9e84f7c48f59b8dcd8dbbfbb16a74d883c,30,-0.02225002646446228,27.33,0.8331024333181422,0.8331024333181422,0.8841841282768166,0.9223066421340933,0.9514441905696869,0.9774074012747682,1.0018794497232937,1.0222481881137209,1.0399071486424531,1.0568433684949998,1.072667062009056,1.087037007607111,1.1008437012482928,1.1129175818873265,1.1254318361039752
plus_di_20 >= plus_di_30_sft_2,-0.028981762,98878,36355,62523,11.16,-6209.959900312038,-705.3642463470678,e29890bc12ea37e8ab50982e55f5d20643af7c43a2ddc27569a065e219a2f597,30,-0.02390633337199688,26.05,0.7920444567193692,0.7920444567193692,0.8643290331373116,0.9100037466031066,0.9594087139064094,0.980829077297992,0.9985964421890376,1.009833641100899,1.0137769096988352,1.015677880536229,1.024413427913456,1.0304666858202869,1.0325662880668334,1.044240244085581,1.061000225607416
mema_200 <= Low_sft_2,-0.029008463,98878,37123,61755,11.18,-4539.375689622382,-656.1457860840528,f2e93f04b3d2a46ee10823902064b64ae41106b8f01252b29032fe26a3290c3e,30,-0.012093139812350273,26.75,0.8436001888865093,0.8436001888865093,0.9172860150610676,0.9760498371242443,1.0157539930224868,1.0523444895236773,1.0840623149494029,1.1144088343058494,1.1373470781481225,1.1610285487907748,1.1771883557907405,1.1988484184077866,1.2267784202206429,1.2519751444121474,1.2771430692725894
minus_di_30 >= minus_di_14_sft_1,-0.029020907,98878,51639,47239,11.5,-5615.518942988687,-911.3226706629139,a7c5a511f18bc4bc65b530c22aedd665cbba6e43036caf921c03925c9eff7340,30,-0.023924559354782104,26.42,0.8618390787315634,0.8618390787315634,0.9242397013542348,0.9613956539401616,0.9915741292383059,1.0212339111968045,1.0410907409416488,1.0549298148582855,1.0644610978933058,1.0794586210797743,1.0898791876549867,1.096429894722429,1.1090685177412714,1.1198479010589497,1.1198738756832805
minus_di_5 <= minus_di_30_sft_1,-0.02903839,98878,54356,44522,11.55,-8293.106407654164,-1039.8629546700831,6ead8d4aff114cb978d2a5e9b1dcb95b84dfa27fd6f0f40b385ac29b242b16ea,30,-0.01530456356704235,26.83,0.817226757579978,0.817226757579978,0.8809879688634885,0.9259327149077748,0.9663452285813369,0.9953130081892648,1.0203226078886496,1.0432089548843195,1.0573796156382032,1.0691044494423505,1.0830010664827783,1.0975108435332774,1.1100509052581884,1.1210240003227425,1.1322908912035525
willr_10 >= -2,-0.029052295,98878,6347,92531,8.76,-618.4858504399308,-116.44704448792618,69dfb876a37c1daf9322a675d7db45858b16e638e7217cc78e1177c12ffb23dc,30,-0.016360921785235405,24.66,0.861939822186012,0.861939822186012,1.0020090215981599,1.0704414931222297,1.1900519089775048,1.220353916955852,1.2805427052167773,1.3346709198485622,1.3981094118638795,1.4297704066198276,1.42953204605675,1.4088949136701128,1.4074426323034568,1.45976837641544,1.5200352734168248
rsi_30 <= rsi_10_sft_2,-0.029052578,98878,47004,51874,11.41,-5931.737710898706,-843.8483393219358,f60792ba6ac5baece5de7ac90117c85055d233a86016db65a9b1851d8a518ee9,28,-0.008506907150149345,26.57,0.8396476950569206,0.8396476950569206,0.9022209047570605,0.9557675070635352,0.9863936854439888,1.0185405049687888,1.0459652293105568,1.0665374662881377,1.0713552061921852,1.0859071144549177,1.0981357619880934,1.1074366999640481,1.1275302054981535,1.1355182869885838,1.1342888810148815
willr_30 >= willr_30_sft_3,-0.029063405,98878,50504,48374,11.48,-9215.447115051145,-1086.242243270768,c76b2a6e6a9f1e35b75e815a28e530490275498e07d600be2da53b82c81b3953,30,-0.018261777237057686,26.65,0.7815182275951219,0.7815182275951219,0.8406041721317224,0.8845674680499322,0.9228190143203683,0.9625366418644805,0.9972620579345188,1.0265455756313004,1.0456116422096928,1.0564777659913465,1.0691413597324895,1.0783638405362,1.0798954446956297,1.089618622128456,1.101129372557695
adx_14 >= 11,-0.029070212,98878,96005,2873,12.25,-13732.758849786918,-1884.5962221407826,4118d96628e9d7109ca1b25b71d8f7665de5864ad974c7631ea4a76d380fc96f,30,-0.023277025669813156,27.27,0.8264137130952252,0.8264137130952252,0.8810589871018264,0.9193999350651206,0.9499364832122739,0.975694779706016,0.9988867748426514,1.0189902557278858,1.035160543802055,1.0514994682097432,1.0661292943352225,1.0802248594002108,1.0944452049763729,1.1065367331469378,1.1197599129647684
rsi_5 >= rsi_14_sft_1,-0.029125663,98878,48112,50766,11.43,-8791.988364881698,-1030.6701461999983,9c5304fe9d592b70a0c6b3286ed47e7bf2dda0b94ec7966217da111653dec0de,30,-0.013571817427873611,26.82,0.7861118280185647,0.7861118280185647,0.8500973175823714,0.8932420987332783,0.932522997140018,0.9665057044601428,1.0006421788509463,1.026745868642944,1.0439436029307922,1.0567305734782033,1.0752513364909093,1.09009562238794,1.0990582344624262,1.111360718112292,1.1265468796943685
adx_5 >= adx_10,-0.029134424,98878,84391,14487,12.02,-11068.58065936981,-1656.3278012990777,fd7b69234972b511c2e03a174ce4b77d38140d5e70cabc298bd88fa9bb05adbf,30,-0.002502931747585535,27.4,0.8365613393874616,0.8365613393874616,0.8870142662964252,0.9292451522854077,0.9615445875915136,0.9852661514239176,1.0077336659108238,1.025692422856939,1.0440007944410699,1.0627173020111618,1.078395485835711,1.092115427790511,1.1056695374886143,1.11492439649202,1.126324048724871
minus_di_5 <= minus_di_30_sft_3,-0.029182745,98878,54079,44799,11.54,-8138.231270543545,-1034.9771286886826,6ead8d4aff114cb978d2a5e9b1dcb95b84dfa27fd6f0f40b385ac29b242b16ea,30,-0.015932602807879448,26.8,0.8192270723185543,0.8192270723185543,0.8818417527540111,0.9278854234252323,0.96835358499263,0.9955350872599887,1.0237962736863733,1.0488201933483947,1.0646073969526764,1.0743434444054107,1.0888987994944985,1.1005534070230716,1.1114239516687823,1.12172128113797,1.1324610121356664
plus_di_20 <= 18,-0.029231226,98878,27333,71545,10.86,-4914.223539473974,-667.003055810892,14a9c3710fc1b17e882c866201c8dfd17bc6a0c5cee2921d8c0a77ac8ad2afa3,30,-0.024857724085450172,25.65,0.7489785293183223,0.7489785293183223,0.7858636733719331,0.8090619705916697,0.8190945968727046,0.8303480718651558,0.8375976329297059,0.8400784291720568,0.8469855785832109,0.8575799563539098,0.8677178600044503,0.874451090052175,0.8851956748166445,0.893717384956216,0.8988722210563815
adx_5 >= adx_14_sft_3,-0.029240245,98878,82352,16526,11.99,-10743.553715349237,-1600.4892097939664,fd7b69234972b511c2e03a174ce4b77d38140d5e70cabc298bd88fa9bb05adbf,30,-0.006162669975310564,27.32,0.83611485358722,0.83611485358722,0.8913739274669995,0.9348846122223803,0.9710252959762418,0.9957965399205428,1.015705333827974,1.0307562830543127,1.0451342915020758,1.0629814951545151,1.079993099341551,1.0945553366572647,1.1082471742820634,1.1183701846060952,1.1303218027278663
mema_20 <= mema_50,-0.029247088,98878,51211,47667,11.49,-9199.720914981648,-1168.1652541857256,97648559323ce4c42a3819223f880d09c20183d31e746db94faac95e3098a1b9,30,-0.02153659611940384,26.52,0.7672787154482942,0.7672787154482942,0.7994014869542682,0.8125527542919431,0.8253533826150865,0.8381155252645585,0.8488316862706087,0.8555587347368865,0.863360644463722,0.8712671508658982,0.8805200767287095,0.891551315514559,0.8992757469181099,0.9019418232973188,0.906376825359358
mema_200 <= Open,-0.029255623,98878,40228,58650,11.25,-5268.697016868613,-745.4822853898295,3f09a8cfd91be85ac3ab2cd04a48d69ab7c7071f9e008243aa343f4a8d621b5b,30,-0.013496884144842625,26.72,0.8339415397225735,0.8339415397225735,0.9037586834988691,0.9569108814759657,1.0008765991612143,1.036397454805888,1.0701817051687046,1.1000027015318332,1.125506592886509,1.1496714824411784,1.1688457351357644,1.1927278894293334,1.2153973635563886,1.240005870744567,1.2613674809425197
rsi_5 >= rsi_20_sft_2,-0.029262356,98878,47904,50974,11.42,-8859.904599326917,-1008.6371682159952,9c5304fe9d592b70a0c6b3286ed47e7bf2dda0b94ec7966217da111653dec0de,30,-0.01270791981369257,26.86,0.7822837128701371,0.7822837128701371,0.8521328228691993,0.8958658506899745,0.9375695991162395,0.9767300361683352,1.00992385523666,1.0353930262465496,1.057323887448316,1.0724074620242443,1.0884957928865249,1.1035017697350908,1.1087418718048359,1.1222300398719447,1.1377934705788477
plus_di_20 >= 5,-0.029310947,98878,97935,943,12.32,-13796.262380306365,-1923.3690251148146,4f583626fd6f59b1b2e0825c720b1d1aad3858951a5b50964ea86a5c13485b5d,30,-0.005175498779863119,27.42,0.8296995834944698,0.8296995834944698,0.8841057574026303,0.9218338466522886,0.9514813316204928,0.9774458079503648,1.001308585223124,1.0219334621594345,1.0408511178536972,1.0582422290269922,1.074048831850869,1.088176139517124,1.101688380143333,1.114038310899487,1.126212354941949
plus_di_20 <= 11,-0.029312678,98878,5263,93615,8.34,-921.7967149992596,-108.02332078813197,14a9c3710fc1b17e882c866201c8dfd17bc6a0c5cee2921d8c0a77ac8ad2afa3,14,-0.02888105809688568,16.21,0.7175760375947924,0.7175760375947924,0.7378792972424428,0.7566530262295605,0.7551350681593623,0.7591357784221093,0.7608101858077634,0.7606311018543773,0.7537995885692776,0.7560637734974802,0.7452153579980806,0.7536496545660739,0.7512618705544549,0.7592226753177804,0.7557942494287013
aaro_20 >= -99,-0.029323239,98878,96192,2686,12.26,-13820.391816918844,-1870.3183860145946,0811e6227d0d089f2d69284c6ea7ddd7761288c8d873ca997aaf34687b2f23f1,30,-0.022003918886184692,27.28,0.8264621628525292,0.8264621628525292,0.8796342980980308,0.9189803441678218,0.9497806110164925,0.9742468007168025,0.9984998765599696,1.0172017545342187,1.036820109935139,1.0542099389514077,1.069783495185586,1.084067541285231,1.0963379724232756,1.1085581427899627,1.1216549618567058
sma_50 >= Low_sft_2,-0.02935298,98878,58109,40769,11.61,-11379.128473819179,-1401.6717460645887,7e47ad2f5aad8309cb5e81c51f9a75f0ebc795f902c6c62c65c20c0b4901b7f7,30,-0.014317745342850685,26.91,0.7519783517720723,0.7519783517720723,0.78978005733914,0.8154681658901834,0.8360926661057664,0.8616033517399092,0.8800561111200981,0.8994684701980035,0.9235743822921739,0.9394235326151782,0.95667067363432,0.9657044194217252,0.9714563449345545,0.9799770685332748,0.9834133222153845
plus_di_30 <= 9,-0.029397883,98878,1603,97275,4.87,-280.7703655611258,-27.345278971712105,14a9c3710fc1b17e882c866201c8dfd17bc6a0c5cee2921d8c0a77ac8ad2afa3,6,-0.03129277005791664,6.43,0.6421203949989825,0.6421203949989825,0.6427934933959568,0.6390157921420392,0.6347021414303147,0.64268237722845,0.627087886306429,0.610243519059986,0.5863472318522215,0.5590529897956843,0.5411798312764716,0.5249465863563663,0.5237113416262432,0.520108096803301,0.5422816604294782
willr_5 >= -11,-0.029402867,98878,15115,83763,10.14,-2751.987230769766,-322.1604502628543,69dfb876a37c1daf9322a675d7db45858b16e638e7217cc78e1177c12ffb23dc,30,-0.01576406881213188,25.79,0.7805484717897166,0.7805484717897166,0.8789338233529733,0.9255343252166074,1.0128946560729644,1.0817366399422015,1.125067799752994,1.1630153043835891,1.2049511182487296,1.2211946372151214,1.2211160720292766,1.2387503858409352,1.2300475596194036,1.255662711968381,1.2838781505790102
adx_30 <= adx_30_sft_1,-0.029413993,98878,54109,44769,11.54,-9467.601101601078,-1161.1838839044503,234f8ad1c2baf91b95c9f1aef2798b533888ce55558d2a8e51c247014080fabc,30,-0.011026737280189991,27.0,0.7771283233455942,0.7771283233455942,0.8198336719155498,0.8481261540013763,0.8736635597169344,0.9042236809524179,0.937785413643166,0.9654734917770261,0.9879893763799181,1.0148191244257965,1.0337477787618428,1.0477609663723708,1.0576528006361554,1.0646099795402542,1.0739848860991814
stdev_30 <= stdev_30_sft_3,-0.029431503,98878,52791,46087,11.51,-8770.834975499934,-1022.9467080497998,76cc05d7e847d59489f80a379ae9909f097acc0055c98dd465d85c99099ff3c8,30,-0.007289813831448555,27.14,0.7848345156386862,0.7848345156386862,0.8340784834878077,0.8758935957417433,0.8996752432229286,0.9368543608702644,0.9692267069863685,0.9955572932307424,1.022803957790398,1.0501258423456221,1.0638614000430298,1.068152640838145,1.0713547848226064,1.078548996787878,1.0961290265215364
bb_upper_2_10 >= Close,-0.029439751,98878,94060,4818,12.2,-12372.798866670626,-1841.5736382284522,c0747f5e7ce163e3c1dabc2ee26f6f6da1485e96e9d6c50c701fe20834f02f93,30,-0.011021970771253109,27.33,0.837909853982705,0.837909853982705,0.8893263347283343,0.9263101736985702,0.9510584271065298,0.9747678921802376,0.9981642592103664,1.0163365851304933,1.0331059040297015,1.0500340712232104,1.0648823435597488,1.0792825067638068,1.0939470061066172,1.1075016264076238,1.116531469821402
adx_10 <= 22,-0.029553844,98878,27297,71581,10.84,-5021.654292571482,-605.0654404237284,3c92cb65188a6807549ad02f373e5063a01a53cbce3d2b8fe4af860199995f57,30,-0.004645968787372112,27.11,0.7556490994513084,0.7556490994513084,0.8017625250296927,0.8470199781876705,0.8926482967810848,0.9367838100026061,0.9744125995439163,1.0116695895866878,1.0398860585351621,1.0631946664517917,1.085411866097454,1.1054464269578654,1.1214731398326825,1.1264409483305864,1.1291581999879268
aaro_30 >= -93,-0.029554877,98878,93941,4937,12.19,-13377.432645212382,-1842.4243192263166,0811e6227d0d089f2d69284c6ea7ddd7761288c8d873ca997aaf34687b2f23f1,30,-0.023209527134895325,27.21,0.8271799760421357,0.8271799760421357,0.8797796589588772,0.9193257920300386,0.950845592250615,0.977721063485949,1.0024451623212098,1.0228361543167142,1.0409854499574371,1.0572092842687917,1.0711752767132239,1.084438687901031,1.0983819957795662,1.1095447076810876,1.1219124752623906
adx_10 <= 21,-0.029627472,98878,23787,75091,10.68,-4688.162656784822,-549.6964537402237,3c92cb65188a6807549ad02f373e5063a01a53cbce3d2b8fe4af860199995f57,30,-0.006061999127268791,26.96,0.7387046791356348,0.7387046791356348,0.796780078866613,0.8411640626385862,0.8806941911413454,0.9293930280701039,0.9689617622002805,1.0009666354890479,1.0298488929251355,1.0598646581692137,1.0892186112030546,1.1116453621646247,1.1286426667035212,1.130329252724181,1.1305369655950765
adx_10 <= adx_5_sft_1,-0.029645162,98878,85730,13148,12.04,-11894.82860857806,-1740.4743422438623,234f8ad1c2baf91b95c9f1aef2798b533888ce55558d2a8e51c247014080fabc,30,-0.004107694607228041,27.37,0.827927398359432,0.827927398359432,0.8819636123352189,0.9250962904989176,0.9540485657515081,0.9793569663694103,1.0032228728274342,1.0218355017892655,1.0436703597347328,1.0634700119021743,1.0783701076041436,1.0933093548786037,1.1043012614153265,1.1169167010116177,1.1260949652857266
bb_lower_2_20 <= Close_sft_2,-0.029688615,98878,97084,1794,12.29,-13403.396749814146,-1882.9198025348014,df72ac6ad143ee2de1e2f75f64629a9e84f7c48f59b8dcd8dbbfbb16a74d883c,30,-0.0196358822286129,27.33,0.8327533404002063,0.8327533404002063,0.8849178596808683,0.9213542811586534,0.9515005785685882,0.9776302376231707,1.0006889489122437,1.0219525789525779,1.0400200840455245,1.0567236428493247,1.073261511277235,1.0874222643268543,1.1013809287131584,1.1137813578316187,1.1264020427785095
mema_50 >= Low_sft_3,-0.029731644,98878,60416,38462,11.64,-11504.314579884365,-1388.4976810451335,e7e0f1d344c8e3b4344908a65185f87340bab0bfe5216b7073401aaebfc88a19,30,-0.019856516271829605,26.74,0.7595908605713261,0.7595908605713261,0.8038270916269293,0.8272669422531124,0.8449404123238655,0.8674552908880605,0.8857690300391032,0.9056130316294781,0.9234965707490017,0.9413572322542555,0.9562794647452059,0.9643189835144046,0.9728913919553871,0.9830632531517158,0.9841976316059726
plus_di_14 >= plus_di_30_sft_1,-0.02973584,98878,38014,60864,11.18,-6068.840668917139,-700.5684944032982,e29890bc12ea37e8ab50982e55f5d20643af7c43a2ddc27569a065e219a2f597,30,-0.023942843079566956,26.09,0.8034018909227195,0.8034018909227195,0.8734372255251869,0.915020965892467,0.9587300727147795,0.9882891806271962,1.0078231964104865,1.0189727101487238,1.019518433339225,1.02021413827517,1.0228041399399508,1.0273865931868165,1.0276726918849133,1.037024887309921,1.0491196723107283
willr_20 >= willr_30_sft_1,-0.02974,98878,51420,47458,11.48,-9883.743428473877,-1185.706760221925,c76b2a6e6a9f1e35b75e815a28e530490275498e07d600be2da53b82c81b3953,30,-0.013526921160519123,26.87,0.7686999286364918,0.7686999286364918,0.8339481291531791,0.8662404970861833,0.9061346689021116,0.9297704740990611,0.9605297273892668,0.9856047529134068,1.0088735865387917,1.0202586427656655,1.038692835566476,1.0509926452289546,1.0594057120142757,1.067340940708078,1.0761648865701212
willr_10 >= -1,-0.029764269,98878,5836,93042,8.5,-513.9124576482573,-106.74823032246786,69dfb876a37c1daf9322a675d7db45858b16e638e7217cc78e1177c12ffb23dc,30,-0.01689567044377327,24.43,0.8723327030038427,0.8723327030038427,1.0046383043291223,1.0508375386178554,1.1670604155663111,1.228605823763242,1.2761374108328918,1.3228211867513076,1.3952072545714882,1.4432173484530364,1.4629980291426348,1.4442803008749097,1.4515747476647631,1.4986976591572645,1.5672416405189016
aarou_14 >= aarou_30_sft_2,-0.02980029,98878,45662,53216,11.36,-7777.380186135685,-972.4702356492489,0f031b3780e6467809600593d6806420193325d9573f332c17b627db66a26893,30,-0.011406274512410164,26.9,0.7886968642161704,0.7886968642161704,0.8541482582535411,0.8997908045938259,0.943647238768868,0.9712165454890933,0.9927954347466774,1.014385148179547,1.0328720734864236,1.0453055768592494,1.0624842728232757,1.084805271173569,1.1013444824090979,1.1064005032440023,1.1240036539869547
bb_lower_2_20 <= Close_sft_1,-0.029853372,98878,95855,3023,12.24,-13549.914195668363,-1867.9850140916897,df72ac6ad143ee2de1e2f75f64629a9e84f7c48f59b8dcd8dbbfbb16a74d883c,30,-0.018343545496463776,27.3,0.8290999797785483,0.8290999797785483,0.8856225027966083,0.9230006871530892,0.9531027284411002,0.9782111745395587,1.002132156878603,1.0218401683458296,1.0420616264970635,1.0598873581410957,1.0756959898151501,1.0897013544751477,1.103426377813703,1.1164467961030442,1.1279777252277257
rsi_5 >= rsi_20_sft_3,-0.029854827,98878,47877,51001,11.4,-8865.871579476305,-999.6676787375691,9c5304fe9d592b70a0c6b3286ed47e7bf2dda0b94ec7966217da111653dec0de,30,-0.013732603751122952,26.81,0.7810415028644128,0.7810415028644128,0.8525707900368257,0.8972341330121965,0.9366117058969154,0.9721970918087844,1.0093500531878032,1.0342576092595162,1.056616246109928,1.0709553225690467,1.0847411654562693,1.097187843373581,1.1044306084128956,1.11741557687792,1.1294302367653744
plus_di_14 >= plus_di_30_sft_2,-0.029857174,98878,37685,61193,11.16,-6244.093589242839,-743.8049310021597,e29890bc12ea37e8ab50982e55f5d20643af7c43a2ddc27569a065e219a2f597,30,-0.022195380181074142,26.18,0.7972448138398092,0.7972448138398092,0.870392809142673,0.9162839148864271,0.9659781621073297,0.988204215898782,1.0123702245117183,1.0244018905197212,1.0265871937528366,1.0275380450396083,1.0326713980110493,1.0354414049050649,1.0362267968626913,1.049449539495242,1.0602365621656384
rsi_10 >= rsi_20,-0.029868465,98878,47370,51508,11.39,-8011.66666149781,-930.6079148789213,9c5304fe9d592b70a0c6b3286ed47e7bf2dda0b94ec7966217da111653dec0de,30,-0.014184858649969101,26.78,0.7987746144921788,0.7987746144921788,0.8645996050612829,0.9139254780457647,0.9575750720251777,0.9914837361690401,1.0227305638786377,1.049495519106869,1.0661527746631214,1.0761705401469905,1.0950872366176192,1.1112220397913226,1.1184419466220208,1.134687931183291,1.146390823643404
plus_di_20 <= 13,-0.029870475,98878,9168,89710,9.34,-1381.5401927546604,-207.3159519814435,14a9c3710fc1b17e882c866201c8dfd17bc6a0c5cee2921d8c0a77ac8ad2afa3,30,-0.036347247660160065,22.37,0.768432658516824,0.768432658516824,0.8021267827379462,0.8343867486856241,0.8406749132705549,0.8354919574489107,0.8311947927674266,0.8279659828338131,0.8298290882553871,0.8374826672423428,0.8406682989047298,0.8500666381515474,0.8524015135702439,0.8556682658389844,0.8626532687245774
rsi_30 >= rsi_30_sft_1,-0.029906392,98878,52989,45889,11.5,-9849.138242367473,-1121.2736282472542,9c5304fe9d592b70a0c6b3286ed47e7bf2dda0b94ec7966217da111653dec0de,30,-0.018305091187357903,26.68,0.7781718978078463,0.7781718978078463,0.8364909022807063,0.8884319146705061,0.924612722136746,0.9560854698420823,0.9860786887909666,1.009947547403715,1.0272726130956917,1.0405320423707751,1.058061171861363,1.0693439113004513,1.0784920123874309,1.089591102715019,1.1087354140234889
aarou_5 >= 21,-0.029963873,98878,63490,35388,11.68,-7843.252233519981,-1191.4464787731122,dcb58ce780511e98834e39247d27a6ee8873b25591939e1839bb93ebed46e76d,30,-0.025094281882047653,26.61,0.8504289911907171,0.8504289911907171,0.9043694884398565,0.9552309530380142,0.9959445622731503,1.0262510970938001,1.0501420788793157,1.063382062007728,1.0782053999098307,1.094621815130497,1.103569142312726,1.1158200707059438,1.1266664900093462,1.138206297012044,1.1525651845532607
mema_100 >= High,-0.029968113,98878,45441,53437,11.35,-7790.0751744352465,-978.7993879801434,b49daa998de516ee8744d85f0961964bee1fbf801ca0904e585341376b8b86ae,26,-0.024885689839720726,25.14,0.7675295804673419,0.7675295804673419,0.8023892303409905,0.8183498083036438,0.8296291564061019,0.8418928303066364,0.848078422083666,0.8522409190080265,0.8521330346702475,0.8505425547841363,0.8559508717994521,0.8577430147397059,0.8580916736092375,0.856405920089396,0.8568605422439385
mema_100 >= Open,-0.030052014,98878,50521,48357,11.45,-9051.934490978572,-1134.4273195114292,e056f67ffdc4fcdd46304a8987eda83c67de4a08c6d89f02fc25cc7938d2eaf8,26,-0.026890218257904053,25.17,0.7636122423711107,0.7636122423711107,0.7919030690752233,0.8086513410306398,0.8232410541555266,0.8324606856820783,0.8432820981283778,0.8468637341556086,0.8472954837025996,0.8482064383053779,0.8564161355716996,0.8607149471211947,0.8624511406040306,0.8592908231153221,0.8615549538098676
aarou_30 <= aarou_10_sft_3,-0.030055325,98878,50642,48236,11.45,-7560.473144567979,-997.0471914394948,11ecda3140789fc7bb03c4e9ce6db1e36d26d05f5895e9047d4b04d8e05db454,30,-0.010005109012126923,27.01,0.8127805068666181,0.8127805068666181,0.8716729598504228,0.9186973598124683,0.9551835370905948,0.9790147488826584,0.9953585358780674,1.0181273748507216,1.0406782542767545,1.0559964192006261,1.0789577302899191,1.0928120157329364,1.1176670773588187,1.1320552008334894,1.1426931177520103
sma_50 >= Low_sft_3,-0.030077362,98878,58368,40510,11.59,-11515.953074364636,-1408.4408967084237,7e47ad2f5aad8309cb5e81c51f9a75f0ebc795f902c6c62c65c20c0b4901b7f7,30,-0.014381395652890205,26.91,0.7517989585207007,0.7517989585207007,0.796147303809782,0.8210803617373955,0.8425838970042463,0.8681521478128642,0.8880422386230404,0.910308943587738,0.9329170772902945,0.9490920262527665,0.9625312286950485,0.9696849998293818,0.9795737326766993,0.9867993231958171,0.9881263250171278
adx_5 >= adx_14_sft_2,-0.03009724,98878,83383,15495,11.99,-10831.996195587042,-1618.257691893552,fd7b69234972b511c2e03a174ce4b77d38140d5e70cabc298bd88fa9bb05adbf,30,-0.004825987853109837,27.35,0.8367992279444337,0.8367992279444337,0.891541230641836,0.9331891462111909,0.9692029668474145,0.9941970586421118,1.0150030833573622,1.0314077845318823,1.0470353178152094,1.0660738216806136,1.0826158000539694,1.0968479742560895,1.1105473945432884,1.1202002812432315,1.1313366727559047
adx_10 <= adx_5_sft_3,-0.03010974,98878,86301,12577,12.04,-11675.445891998828,-1703.1843139810808,234f8ad1c2baf91b95c9f1aef2798b533888ce55558d2a8e51c247014080fabc,30,-0.0018536101561039686,27.41,0.8324168938215061,0.8324168938215061,0.8885473155421042,0.9257621791944464,0.9527227003701779,0.9795198107232252,1.0069447224493908,1.0310166475515483,1.0531885170048587,1.0687965720379107,1.0819159108877043,1.0949028025589176,1.1089137403390823,1.1162746238134458,1.1239889018098574
rsi_2 >= rsi_30_sft_2,-0.030111026,98878,48290,50588,11.4,-9160.427538965021,-1013.6775963367108,9c5304fe9d592b70a0c6b3286ed47e7bf2dda0b94ec7966217da111653dec0de,30,-0.017191089689731598,26.66,0.7766495808597984,0.7766495808597984,0.8387727448590638,0.8912035393585133,0.930416186861485,0.9696302894153372,1.0052043374096398,1.0332375652082761,1.0551826389448808,1.0670310467360855,1.0891305710542543,1.1049539940070072,1.112082371906185,1.1278797458375331,1.141668919911958
rsi_14 >= rsi_20,-0.030203452,98878,47107,51771,11.37,-7661.818443419834,-908.6562709944992,9c5304fe9d592b70a0c6b3286ed47e7bf2dda0b94ec7966217da111653dec0de,30,-0.015632113441824913,26.71,0.8055329077547807,0.8055329077547807,0.8737656788501822,0.9223639102819382,0.9660785437944093,1.000237754794618,1.0298246231323822,1.0561261885729978,1.0727076084149523,1.080345165031992,1.096148568919489,1.1133768373006732,1.1213308895779512,1.1355381169495318,1.1451726024970725
plus_di_20 <= 24,-0.030210478,98878,55888,42990,11.54,-9702.766693319372,-1249.2734102713148,14a9c3710fc1b17e882c866201c8dfd17bc6a0c5cee2921d8c0a77ac8ad2afa3,30,-0.02045552432537079,26.64,0.7702479704662225,0.7702479704662225,0.8039720607340546,0.8258563525892212,0.8403531069699646,0.8576687237932172,0.8733426945518736,0.8821061716249431,0.8908431564100819,0.9008991088735249,0.9131009285997767,0.9237010971143648,0.9327200792722667,0.9367788987550227,0.9416124117214304
rsi_2 >= rsi_30_sft_1,-0.030346261,98878,48329,50549,11.39,-9076.330681492058,-1015.4135334020611,9c5304fe9d592b70a0c6b3286ed47e7bf2dda0b94ec7966217da111653dec0de,30,-0.016859933733940125,26.68,0.7791340841296369,0.7791340841296369,0.8415148373640751,0.8956789633580474,0.9348377340619929,0.9730898117647718,1.0082642415359677,1.0359970812486072,1.055616489539763,1.067978603604298,1.0889189500950371,1.1039858383727217,1.1132957252733173,1.1280712304576326,1.1432353469981107
rsi_2 >= rsi_30,-0.030419784,98878,48379,50499,11.39,-9272.998898153084,-1028.6481425972888,9c5304fe9d592b70a0c6b3286ed47e7bf2dda0b94ec7966217da111653dec0de,30,-0.017073655501008034,26.67,0.7750745130494917,0.7750745130494917,0.8377327215477506,0.8923571697830083,0.9322125500279049,0.9707153437807681,1.0045390716203584,1.030699135616875,1.0499283621923088,1.0620125584689992,1.0844152605994581,1.0996898150405714,1.1085041322002485,1.1242941514074622,1.1388752678602014
bb_upper_2_30 >= bb_upper_2_10_sft_2,-0.030424047,98878,77532,21346,11.89,-12672.469770886793,-1615.9456345152284,2b12f1a24b5e2be255bd7327d40ce3105a7cd48cdc1cc2d1ac037ab6015a19a3,30,-0.010719871148467064,27.19,0.7976157555615078,0.7976157555615078,0.8480657917305947,0.8845588440061197,0.9176121366764342,0.9417894591512044,0.964166740297426,0.9840414865751773,1.0053623207957287,1.0270027305734921,1.0462309368771445,1.0585269239290436,1.0686575734196635,1.081991079813299,1.097114008233208
willr_5 >= -10,-0.030437088,98878,14574,84304,10.0,-2665.8321361446287,-305.8992931865141,69dfb876a37c1daf9322a675d7db45858b16e638e7217cc78e1177c12ffb23dc,30,-0.015588308684527874,25.77,0.7779125264236746,0.7779125264236746,0.8853911637174242,0.9320994947560176,1.0179426456793408,1.0781625663266925,1.1229948193613932,1.158278665781504,1.2031090194758771,1.2102947419614714,1.210900666859856,1.2296302049564858,1.2232134695434882,1.253736551536449,1.2868118661009031
adx_20 <= adx_10_sft_1,-0.030529795,98878,82237,16641,11.97,-10433.229165000816,-1557.0757504112262,234f8ad1c2baf91b95c9f1aef2798b533888ce55558d2a8e51c247014080fabc,30,-0.015501115471124649,27.13,0.8390362286322847,0.8390362286322847,0.8957364349521069,0.933068438365558,0.958566230172072,0.9824831970273393,1.0046858953593187,1.0241402428261472,1.0396977775548504,1.0534831526323523,1.0696721968481449,1.08579649180384,1.1007812296798285,1.1137475737911224,1.124409057495212
mema_200 <= Low_sft_1,-0.030533379,98878,37173,61705,11.12,-4820.346213066212,-673.2822288824464,f2e93f04b3d2a46ee10823902064b64ae41106b8f01252b29032fe26a3290c3e,30,-0.011796221137046814,26.77,0.8350507873344462,0.8350507873344462,0.9073112012728054,0.9643587953902902,1.0100708457301313,1.0478369362668887,1.0781060575298982,1.1112114459900555,1.1373581316145536,1.1630207552417204,1.1797712656500734,1.1989828624321892,1.2260694002216506,1.254843627568873,1.2803532466399006
rsi_5 >= rsi_30_sft_2,-0.030535309,98878,47482,51396,11.37,-8618.492414478394,-955.9073066708515,9c5304fe9d592b70a0c6b3286ed47e7bf2dda0b94ec7966217da111653dec0de,30,-0.01598617248237133,26.7,0.7844503904409704,0.7844503904409704,0.8528640861586493,0.9000136040416619,0.9398674327346435,0.9781174362742301,1.0124380817712475,1.0355640422784445,1.0591558082745436,1.0701638089237935,1.0855296211324081,1.1033508958215072,1.1089453458563758,1.1225574330366073,1.1350868099151155
bb_upper_2_30 <= bb_upper_2_30_sft_3,-0.030582633,98878,53021,45857,11.48,-9437.646267961187,-1114.9010186990417,3aa49a56ba366f74cacb6b40add631875fca9bf88d1abae08516bfe7d1357af1,30,-0.01084273960441351,26.99,0.7692491471402166,0.7692491471402166,0.8088355182274638,0.8396382918641224,0.8614087657780461,0.8894071659711803,0.9202372240935341,0.9534982804261122,0.9832270266458603,1.0140768086233998,1.0353748940675689,1.0496432138856175,1.0550322878904592,1.060692279560656,1.0697068605785156
plus_di_20 <= 12,-0.0305914,98878,6996,91882,8.76,-1266.669529385877,-159.49074538343848,14a9c3710fc1b17e882c866201c8dfd17bc6a0c5cee2921d8c0a77ac8ad2afa3,28,-0.038079023361206055,20.84,0.7214780246822083,0.7214780246822083,0.7392904854289077,0.7571154203512545,0.7561139156697215,0.7533108279214706,0.7446772869461346,0.7445565658157002,0.7451835764050079,0.7538692557047558,0.7730493084675575,0.7809519275303599,0.7839149678978283,0.7931696542229276,0.7903820306719508
bb_lower_2_30 <= Low,-0.030625287,98878,88083,10795,12.06,-13018.613442766971,-1697.6911844856513,b7ad82b511400bed7e0b17748ce288ee8f3f2ede56b33dfde9aebcf2610f7a03,30,-0.01811898499727249,27.16,0.8205079391558765,0.8205079391558765,0.877669276285895,0.9177946691917214,0.9508310881416465,0.9800493953131482,1.006003398037226,1.0293227813616672,1.0507021032200383,1.0680055786843876,1.0842938326884441,1.0978354545449855,1.1103737139885685,1.1230943390949333,1.1336775260221736
bb_lower_2_20 >= bb_lower_2_10_sft_3,-0.030638495,98878,21092,77786,10.48,-3940.2401883980856,-449.78497016077745,14f3c68ebc76bb97608c90e96e22d07d8e6617ab0d939b3b0b66c54f45811d90,30,-0.008336713537573814,26.73,0.7564547716971773,0.7564547716971773,0.804738790398529,0.8248936665081125,0.8430722911376395,0.8759368942258859,0.8989229886908067,0.9303877885529024,0.9551087467234094,0.9733565621718437,0.991653262169792,1.00915794914699,1.0335666748582797,1.0373185052973286,1.0381950903787815
plus_di_20 <= 21,-0.030655297,98878,41767,57111,11.24,-7298.6980643907345,-963.0276044772982,14a9c3710fc1b17e882c866201c8dfd17bc6a0c5cee2921d8c0a77ac8ad2afa3,30,-0.021837204694747925,26.31,0.7617342551511025,0.7617342551511025,0.7947450706618185,0.8177850210287632,0.8374267585181071,0.8486374463968871,0.856356566897676,0.8616427685768515,0.8648433387188786,0.8707884459416175,0.8771012833852332,0.8866268112236616,0.8951236926228872,0.8954496037149403,0.903964737491446
aarod_30 >= 14,-0.030694198,98878,73952,24926,11.83,-11447.780464747128,-1590.8566043876563,b82d31c42ba12f67088cc35b02af2c43923426c209765223c68a8f342f6f6146,30,-0.017280731350183487,27.0,0.8046881530494204,0.8046881530494204,0.8585314383193275,0.8929535746375671,0.9200008094573737,0.9456675491855012,0.9688341447391281,0.9870701071910696,1.0045326137856856,1.0168038182518078,1.0266882200161567,1.0338499590421923,1.0406027979565362,1.0454352329556658,1.0536803369719472
rsi_5 >= rsi_30,-0.030745216,98878,47445,51433,11.36,-8736.945540850189,-961.3748968970467,9c5304fe9d592b70a0c6b3286ed47e7bf2dda0b94ec7966217da111653dec0de,30,-0.016750825569033623,26.67,0.7816088537591682,0.7816088537591682,0.8460769051541199,0.8932867815155826,0.9325250669888773,0.9703466195888456,1.0024932301017575,1.0254240284761693,1.0482395512498432,1.060059836306618,1.0757878132895742,1.0937342171847562,1.102856216185735,1.1156169528203912,1.1300361730403612
sma_100 >= sma_200,-0.030751606,98878,41339,57539,11.22,-5224.5632392305415,-762.244190642261,724f0edc848b1caa180dcda4bf9f5a94c2dcd0eddd874575510f7c410089d747,30,-0.023409148678183556,26.21,0.8351135193174133,0.8351135193174133,0.8982077768993745,0.9478140643258267,0.9870280068582431,1.021690701769376,1.0487179940028695,1.0736403932392458,1.096718596201963,1.117970185823312,1.13523967575595,1.1494858569300348,1.1636138529396718,1.1735374352962658,1.1818176100104654
plus_di_20 <= 19,-0.030760206,98878,31962,66916,10.95,-5722.594414684941,-763.5806256821088,14a9c3710fc1b17e882c866201c8dfd17bc6a0c5cee2921d8c0a77ac8ad2afa3,30,-0.023208215832710266,25.95,0.7515584340289436,0.7515584340289436,0.7868223187191412,0.806130042161244,0.8227619737113803,0.8292608384691734,0.8373990927688582,0.8436552680409061,0.8457975547999783,0.8569361910910417,0.8645159821745463,0.8741608961136274,0.8811547663193621,0.8867275769228266,0.8968857022548387
minus_di_20 >= 15,-0.030808605,98878,81315,17563,11.95,-12450.70728152895,-1721.2911331637224,a06e18f5f366aa3040f30d3f53c74e6c3d30e6b8f15e9282eabbaa7fe9dd85a0,30,0.0228393767029047,27.92,0.8033462558691333,0.8033462558691333,0.8544894583335445,0.8926068125516422,0.9201823886441656,0.9494593799672052,0.9779916643611573,1.007930489340137,1.0372588793285307,1.063905888022572,1.0822585927212227,1.0991356490117439,1.1143482026730034,1.1278605065390193,1.1400268899742254
rsi_2 >= rsi_30_sft_3,-0.030955259,98878,48280,50598,11.37,-9070.342169774645,-1015.4648386936678,9c5304fe9d592b70a0c6b3286ed47e7bf2dda0b94ec7966217da111653dec0de,30,-0.01765613816678524,26.64,0.7788497112490319,0.7788497112490319,0.8413293606966954,0.8965487377153003,0.9333379482331,0.9701367791644305,1.0018328577629774,1.02846022673036,1.0481698982043284,1.0623285282611548,1.0850803666207816,1.101549330459785,1.1103348446362307,1.1254553738385533,1.1395695958130256
rsi_14 >= rsi_20_sft_1,-0.031044958,98878,47541,51337,11.35,-8757.031280487245,-991.6785648030927,9c5304fe9d592b70a0c6b3286ed47e7bf2dda0b94ec7966217da111653dec0de,30,-0.015086954459547997,26.75,0.782664464230209,0.782664464230209,0.8473035825853545,0.8994904559557177,0.9339909516288066,0.9724493753155549,1.0020120668239922,1.032670415896223,1.0503605697802272,1.0608511163369014,1.076903596614536,1.088398359253303,1.0938505457422987,1.1057790583423905,1.119260265143545
rsi_14 >= rsi_20_sft_3,-0.031059569,98878,47551,51327,11.35,-8687.90781532578,-990.591047220616,9c5304fe9d592b70a0c6b3286ed47e7bf2dda0b94ec7966217da111653dec0de,30,-0.017570096999406815,26.63,0.7839545758191678,0.7839545758191678,0.855510609369996,0.9010427176708063,0.940552531606956,0.9782295778571126,1.0108659351575813,1.036772934145939,1.0604591746933296,1.0750727551007364,1.0856218305997265,1.097955639203835,1.102117480108176,1.1158082123913804,1.1267341034499008
mema_5 <= mema_100,-0.031079892,98878,50310,48568,11.41,-8573.116458502365,-1088.9403808556672,97648559323ce4c42a3819223f880d09c20183d31e746db94faac95e3098a1b9,26,-0.028103191405534744,25.11,0.7728231308711822,0.7728231308711822,0.8009376705678353,0.8141359128453014,0.8223623003512248,0.8296014189022111,0.8391444554548539,0.8425688955904697,0.8411520489810071,0.8420659150189411,0.8487422853700272,0.8518228526928158,0.8531660325649518,0.8495698208014772,0.8456510271045379
adx_5 >= adx_14,-0.031122984,98878,85496,13382,12.01,-11313.845139365007,-1674.6293357374307,fd7b69234972b511c2e03a174ce4b77d38140d5e70cabc298bd88fa9bb05adbf,30,-0.005652588792145252,27.35,0.8340782733481338,0.8340782733481338,0.8886533700290583,0.9287938721045743,0.9619877800845834,0.9861557654775626,1.0094491832335695,1.0283148494411778,1.0460486377022857,1.0642378942264994,1.081597619988166,1.0956838382497562,1.1078134888670759,1.1180273363695463,1.129341767849046
willr_5 >= -9,-0.031178573,98878,13576,85302,9.84,-2367.300882463518,-280.04010372927587,69dfb876a37c1daf9322a675d7db45858b16e638e7217cc78e1177c12ffb23dc,30,-0.01639215275645256,25.61,0.7864633620217291,0.7864633620217291,0.8911107015385248,0.9438335985031299,1.0320342678366934,1.0864532022698197,1.1356535976593827,1.1724846841364267,1.2216110017288935,1.2309557709210075,1.2246790633998803,1.2411160362650207,1.2386058008244365,1.2705695050922878,1.3066896676152782
bb_lower_2_10 <= High,-0.031256173,98878,98668,210,12.37,-12573.85509578254,-1909.749649982492,e84f252c26995db7df12768a4990f8415811b541a46cbafc6ab6c3a314082e30,30,-0.021349279209971428,27.4,0.8465191351269968,0.8465191351269968,0.8996980791361573,0.9376012934598726,0.9679507779144942,0.9933210682971835,1.0144182852948052,1.0321918107032202,1.0485505260578807,1.0647660390615328,1.0797133447506806,1.0938297050905512,1.107618525404686,1.1206101966234703,1.1331752821134855
plus_di_20 <= 23,-0.031302467,98878,51536,47342,11.43,-9050.412643002292,-1174.8137219568307,14a9c3710fc1b17e882c866201c8dfd17bc6a0c5cee2921d8c0a77ac8ad2afa3,30,-0.01960018277168274,26.61,0.764833278681162,0.764833278681162,0.8021746365517356,0.823958180320975,0.8411186876148948,0.8528230927147761,0.8630079974099365,0.8699763386159812,0.8772908156335475,0.8852530903786806,0.8951127863107873,0.9032691735782495,0.913243564628222,0.9186615926769444,0.926352035969059
willr_30 >= willr_30_sft_2,-0.031319294,98878,51177,47701,11.42,-9433.077365633777,-1106.0028579965365,c76b2a6e6a9f1e35b75e815a28e530490275498e07d600be2da53b82c81b3953,30,-0.017076164484024048,26.71,0.7796221734625296,0.7796221734625296,0.8467316639086607,0.8797170259431308,0.9204298040745086,0.9589030042343831,0.9937221667833982,1.0174513246093364,1.0481334794426564,1.0561397801279537,1.0765308085570118,1.0880051298983078,1.0932960806171763,1.108350288223072,1.118314929525539
rsi_5 >= rsi_20_sft_1,-0.031327546,98878,47877,51001,11.35,-9121.583456403147,-1007.2434330089673,9c5304fe9d592b70a0c6b3286ed47e7bf2dda0b94ec7966217da111653dec0de,30,-0.014186108484864235,26.79,0.7759852971107243,0.7759852971107243,0.8401346895817782,0.8890357268693125,0.9263119211740207,0.961370636014621,0.9970410177107024,1.022629173287746,1.0437393568532896,1.0555982569947884,1.0736500968346538,1.0882248325134762,1.0963555315911584,1.1092875683804961,1.1217827711764756
rsi_5 >= rsi_30_sft_1,-0.031337462,98878,47426,51452,11.34,-8680.170909499117,-954.4292359417668,9c5304fe9d592b70a0c6b3286ed47e7bf2dda0b94ec7966217da111653dec0de,30,-0.016514556482434273,26.68,0.7824804025986042,0.7824804025986042,0.8479774368310002,0.8986942283931921,0.9375586354045512,0.9708376782405063,1.0004831333986213,1.0258395215011362,1.0485829116838858,1.0564947837505616,1.0741005533150787,1.0907941424893461,1.0997344806627198,1.1131549758996435,1.1254875777604016
plus_di_20 <= 20,-0.03138132,98878,36847,62031,11.08,-6580.78709953302,-877.2476007648147,14a9c3710fc1b17e882c866201c8dfd17bc6a0c5cee2921d8c0a77ac8ad2afa3,30,-0.022622866556048393,26.14,0.7545612010527962,0.7545612010527962,0.7863250351325042,0.8075645282262137,0.8261695717062334,0.8372833723276357,0.846207124013177,0.8524130773184897,0.8574721665788357,0.8647343484268517,0.87362292961826,0.8819972011140029,0.8895180010906228,0.890670446605208,0.8998731609227686
minus_di_20 >= 14,-0.031421706,98878,84728,14150,11.99,-12708.407655107312,-1778.9768906927784,a06e18f5f366aa3040f30d3f53c74e6c3d30e6b8f15e9282eabbaa7fe9dd85a0,30,0.023134933784604073,27.87,0.8082684394827361,0.8082684394827361,0.8623437491610516,0.9015441625518704,0.9302112859920769,0.9578757978362222,0.9867738071052284,1.0168217245797504,1.0437315086505499,1.0658280590898024,1.0838626754693261,1.0986509181685853,1.113353247566188,1.1253252667777338,1.1379299725709104
rsi_14 >= rsi_20_sft_2,-0.031491585,98878,47519,51359,11.34,-8834.2635557838,-969.5537461362401,9c5304fe9d592b70a0c6b3286ed47e7bf2dda0b94ec7966217da111653dec0de,30,-0.017172133550047874,26.65,0.7806374681710508,0.7806374681710508,0.8467234980659291,0.8937368992089262,0.934248479829664,0.9744250629377522,1.0034212111392362,1.0329584498016038,1.0562221099920797,1.0679964356311686,1.0841170081127263,1.0966181272497075,1.097692231445063,1.1117724031547487,1.1278999293617706
mema_100 >= Close_sft_1,-0.031497978,98878,50405,48473,11.4,-9207.933093630563,-1137.4987475488451,1e15dac9f18b8bc737934702402ffb02b545ee7fbda8772d4c0156705e9d2a44,26,-0.02649674192070961,25.18,0.7593717807700027,0.7593717807700027,0.7890115126749467,0.8062390305605774,0.8185481266687326,0.8279128457631831,0.839119648325353,0.8439232192719273,0.8431806782017871,0.8458372861496771,0.8535845695990667,0.8574355486151389,0.8582564755508388,0.8555086685896574,0.8567783114323968
willr_30 >= willr_30_sft_1,-0.031570572,98878,52469,46409,11.44,-9792.223204034344,-1134.54098292633,c76b2a6e6a9f1e35b75e815a28e530490275498e07d600be2da53b82c81b3953,30,-0.01889561116695404,26.65,0.7748536268932943,0.7748536268932943,0.8377355629493952,0.8773199257889346,0.9133924158959613,0.9435256429564922,0.9732688444640434,0.9991078119937734,1.0223036841112394,1.0322077712281923,1.049800177006169,1.0564640349120853,1.0648137439955376,1.0766930027236081,1.0925676789216916
adx_10 <= 23,-0.031570885,98878,30841,68037,10.87,-5562.0663579155735,-674.2772636763184,3c92cb65188a6807549ad02f373e5063a01a53cbce3d2b8fe4af860199995f57,30,-0.006325134076178074,27.03,0.7600483272641598,0.7600483272641598,0.8039317827582592,0.844186978386334,0.8913092953518724,0.9364089399884742,0.9750125931303676,1.0087027655488239,1.0375655192031215,1.060296585323646,1.0853266214647075,1.1016648842913053,1.1135102042412692,1.1225316256227234,1.129293946237322
adx_5 >= adx_14_sft_1,-0.031572666,98878,84481,14397,11.99,-11090.610580733923,-1644.54752476274,fd7b69234972b511c2e03a174ce4b77d38140d5e70cabc298bd88fa9bb05adbf,30,-0.005060443188995123,27.35,0.8352629405097288,0.8352629405097288,0.8900585287657711,0.9297380173780779,0.9643641831790464,0.9890834230543517,1.01066137335683,1.028454896917985,1.0450337799841265,1.063397924687113,1.0802300534897629,1.0942452921309462,1.106965724261526,1.1173815167827235,1.1281670636671055
stdev_14 <= stdev_30,-0.031575236,98878,80453,18425,11.92,-12275.236364416738,-1554.5830648468036,76cc05d7e847d59489f80a379ae9909f097acc0055c98dd465d85c99099ff3c8,30,-0.01637139916419983,27.1,0.808615415344534,0.808615415344534,0.8603805524011334,0.8994328121165766,0.9252606554607548,0.952086785545256,0.976646014848958,0.9988604566212239,1.0228645092887791,1.0483165564166976,1.0664736462704827,1.0806609798374254,1.0965596625581313,1.1126130904085558,1.1256835251409272
minus_di_14 >= 5,-0.031576708,98878,97415,1463,12.29,-12857.342201333016,-1866.6971290976435,a06e18f5f366aa3040f30d3f53c74e6c3d30e6b8f15e9282eabbaa7fe9dd85a0,30,0.004790385253727436,27.47,0.8378967575970725,0.8378967575970725,0.893000749362268,0.9322289381153758,0.9628353724837823,0.9906553033617749,1.0152109385447603,1.0361470814071967,1.05272320211596,1.068455868039318,1.0827066001520067,1.09650410871959,1.1102897025724605,1.1235517383324605,1.1372790144298208
mema_100 >= Low,-0.031674385,98878,55479,43399,11.49,-10051.042902910485,-1266.3887153716641,e7e0f1d344c8e3b4344908a65185f87340bab0bfe5216b7073401aaebfc88a19,26,-0.02417873777449131,25.38,0.7632642817926677,0.7632642817926677,0.7942322082261262,0.8109323527619995,0.8241691816797356,0.8320928774546429,0.8442329451388265,0.8512080156941073,0.8541841383528982,0.8591901221895614,0.8689101286818817,0.8774496304696248,0.8807805719437786,0.878537336300646,0.878709734883587
minus_di_20 >= 7,-0.03169004,98878,96927,1951,12.27,-13028.35566000907,-1858.220864088733,a06e18f5f366aa3040f30d3f53c74e6c3d30e6b8f15e9282eabbaa7fe9dd85a0,30,0.006754846777766943,27.49,0.8340431783252459,0.8340431783252459,0.8897120040936835,0.9287212520210713,0.9608978240887946,0.9898615058043245,1.0160715409883074,1.0373443189447986,1.0552241299598302,1.07088282594498,1.0842887577705773,1.0977118572365432,1.1112975330179977,1.1244570283044328,1.1382011119537263
rsi_10 >= rsi_20_sft_1,-0.031717334,98878,47476,51402,11.33,-8621.650245920035,-959.2878516513229,9c5304fe9d592b70a0c6b3286ed47e7bf2dda0b94ec7966217da111653dec0de,30,-0.01704566553235054,26.65,0.7856433657738853,0.7856433657738853,0.849761417459371,0.8981594916250211,0.9324241034598677,0.9668204668291348,0.9997863549265174,1.0283481869488473,1.047591166544349,1.0582708088880521,1.0767751944054178,1.0915273566480965,1.0978784619692155,1.1078927982716997,1.1193183887980993
atr_14 <= atr_14_sft_3,-0.03183352,98878,61808,37070,11.61,-11206.978900394377,-1320.0416957501002,6c56a6e37fe7066fac040219b9e7cfe2398571a456467cde7a8327153ebc94da,30,-0.019062090665102005,26.79,0.7681973448997913,0.7681973448997913,0.8171780721345557,0.8455835005095907,0.8694124987533777,0.8953585348959232,0.9123002604944148,0.9303588082916684,0.9467422848199026,0.9673152546338902,0.986203937392559,1.0009860570626858,1.0152107499614513,1.0283470568078499,1.036968476948731
bb_upper_2_30 <= bb_upper_2_30_sft_1,-0.03185086,98878,53058,45820,11.44,-9061.626226339758,-1115.0358471987129,3aa49a56ba366f74cacb6b40add631875fca9bf88d1abae08516bfe7d1357af1,30,-0.013395546935498714,26.89,0.7771427223301514,0.7771427223301514,0.8207376195456079,0.8506174087873609,0.8666298433907784,0.8942164837962415,0.9216229818370212,0.9499366851885098,0.9763195226849416,1.0052484564583317,1.0248420015143462,1.0401152056219647,1.0458839146899512,1.046226650213346,1.0542205528499218
aaro_30 >= -96,-0.03187595,98878,95396,3482,12.22,-13564.160210666934,-1873.1617183196286,0811e6227d0d089f2d69284c6ea7ddd7761288c8d873ca997aaf34687b2f23f1,30,-0.024636713787913322,27.23,0.827161212407671,0.827161212407671,0.8791276515479721,0.9188857819643307,0.9504053208550326,0.9773628200116369,1.001608803708323,1.0218278458816141,1.0397301499190392,1.0569112871375381,1.0712717400427207,1.0851672023658612,1.0981573767470887,1.1095786083366987,1.1226195307692775
mema_200 <= Low,-0.031938706,98878,37224,61654,11.06,-5125.119423465414,-691.1715069872807,f2e93f04b3d2a46ee10823902064b64ae41106b8f01252b29032fe26a3290c3e,30,-0.013663935475051403,26.66,0.8257070974178266,0.8257070974178266,0.8963615274187067,0.9538620992087458,1.0016893904666346,1.038615141538221,1.0705349452713868,1.1034415564492763,1.1335092198337366,1.1563847907096945,1.1774126399813527,1.1949479870863353,1.2180059705873825,1.246159869206184,1.271132422631029
atr_5 <= atr_10_sft_3,-0.031964734,98878,61375,37503,11.59,-11269.168132422823,-1313.4864158271885,6c56a6e37fe7066fac040219b9e7cfe2398571a456467cde7a8327153ebc94da,30,-0.020754346624016762,26.72,0.7643644485036042,0.7643644485036042,0.8131833321298192,0.8441452261102949,0.8700333354732439,0.8936253537678763,0.9113209058923728,0.9313714396705214,0.9499034737091526,0.9717856889015003,0.9910133053575859,1.0037756097100812,1.017289758618988,1.0311696838802056,1.0439208701977452
adx_10 <= adx_5_sft_2,-0.03197845,98878,86340,12538,12.02,-12384.321523766488,-1756.6919027251352,234f8ad1c2baf91b95c9f1aef2798b533888ce55558d2a8e51c247014080fabc,30,-0.0034024242777377367,27.39,0.822545572473505,0.822545572473505,0.8833241599779305,0.9218434084725433,0.9509528879117529,0.9760117501099133,1.0010930435397838,1.0241355740726967,1.0478853961974146,1.0662768387704167,1.081831041361067,1.0947596716391408,1.1075616568067357,1.1195522659276602,1.1273574889235327
plus_di_20 <= 22,-0.03206784,98878,46746,52132,11.3,-8222.00630100619,-1076.4530402425225,14a9c3710fc1b17e882c866201c8dfd17bc6a0c5cee2921d8c0a77ac8ad2afa3,30,-0.01949309930205345,26.53,0.7623323886235835,0.7623323886235835,0.8000999958684818,0.8232921227538591,0.8403326780867474,0.8530222242945633,0.8605576214150795,0.8660504511388317,0.8692741696728529,0.878386751091132,0.8857106326513058,0.8935809231873244,0.9041783058208042,0.906925548964519,0.9142452294404888
adx_14 <= 18,-0.032136768,98878,24279,74599,10.56,-4306.660180189872,-511.24992689591454,3c92cb65188a6807549ad02f373e5063a01a53cbce3d2b8fe4af860199995f57,30,-0.002230287529528141,27.27,0.7583122677452936,0.7583122677452936,0.8038469159798766,0.8434693761018116,0.8848460571492929,0.9271340258796038,0.9621245835565292,0.9843740486604855,0.9992727937303766,1.0154894344273502,1.0287178745589745,1.0463084213584952,1.0565111000580376,1.0602705082379293,1.0700283558785817
adx_30 <= 11,-0.032185216,98878,14699,84179,9.88,-2132.395231516188,-273.06410374405095,3c92cb65188a6807549ad02f373e5063a01a53cbce3d2b8fe4af860199995f57,30,0.0015843764413148165,27.61,0.7746103800142626,0.7746103800142626,0.8408706136743489,0.8874815151480986,0.9324270328113049,0.9806036480749823,1.0133844343376015,1.0423096115255064,1.059770741163426,1.08315803075714,1.1015182833992443,1.1157541814729244,1.129086881159616,1.1419972564691308,1.1551686451082614
atr_5 <= atr_10_sft_2,-0.032215767,98878,61761,37117,11.59,-10933.271723450376,-1296.8309469530868,6c56a6e37fe7066fac040219b9e7cfe2398571a456467cde7a8327153ebc94da,30,-0.024444574490189552,26.6,0.7716511617459352,0.7716511617459352,0.8171809600620484,0.8467128836392567,0.8716303801716007,0.8960793070068791,0.9139229090681362,0.9332008686011946,0.9489383900569296,0.967675537707767,0.985148045415984,0.9983324843697963,1.0110177307399097,1.0243313230945437,1.0367016898886703
rsi_10 >= rsi_20_sft_3,-0.03225794,98878,47531,51347,11.31,-8634.592560915284,-995.1496927176195,9c5304fe9d592b70a0c6b3286ed47e7bf2dda0b94ec7966217da111653dec0de,30,-0.016096636652946472,26.7,0.7842980436311927,0.7842980436311927,0.8561547526612447,0.9028549135507508,0.9430445357725892,0.9788156368907031,1.0124413579822602,1.041223869242656,1.062162945452505,1.077109952647307,1.0896224980324136,1.1050658158003621,1.1102219275734202,1.1201577440145674,1.1330854119580651
aarou_30 <= aarou_10_sft_1,-0.032322243,98878,48871,50007,11.34,-7877.604395502334,-992.9692739461316,11ecda3140789fc7bb03c4e9ce6db1e36d26d05f5895e9047d4b04d8e05db454,30,-0.010136561468243599,26.99,0.7982672690138954,0.7982672690138954,0.8534117920117128,0.8958983208662719,0.9423356305323656,0.9748284072193434,0.9942958411865842,1.0056005578225697,1.0280756839394447,1.048678269476347,1.0652651246653901,1.0833068457624921,1.094516680006545,1.114757224188491,1.1295989438439704
mema_100 >= mema_200,-0.032327347,98878,41064,57814,11.15,-5161.139137935618,-766.5795785053997,da871536f9280a0159baee359a9496c73c67bcc656bfb6cada940a1228de3547,30,-0.019270308315753937,26.42,0.8384283358180107,0.8384283358180107,0.9033480744743199,0.9518844126835025,0.9882656282456278,1.0208737913983041,1.048878195054056,1.0758400453175274,1.1002916365976982,1.1235290156602196,1.1439748744879685,1.1631525338539932,1.182117556373501,1.199193855112123,1.213308142533584
stdev_20 <= stdev_30_sft_1,-0.032365236,98878,70016,28862,11.73,-11068.872963327129,-1322.9235439768672,76cc05d7e847d59489f80a379ae9909f097acc0055c98dd465d85c99099ff3c8,30,-0.008516708388924599,27.2,0.7991431147286857,0.7991431147286857,0.849974167395825,0.8930259104789978,0.9266627054203227,0.955818126705272,0.9811239354199005,1.0059373341957247,1.031885518743114,1.0549162866875244,1.0762237423016927,1.0887438193274603,1.1029425794758232,1.11268627984263,1.124580110000452
adx_20 <= 14,-0.032365635,98878,17965,80913,10.15,-2896.1656673612015,-358.93243203945167,3c92cb65188a6807549ad02f373e5063a01a53cbce3d2b8fe4af860199995f57,30,-0.005788531620055437,26.9,0.7652574388405484,0.7652574388405484,0.830422930608219,0.8867794206980882,0.9326884724320348,0.9759039490891592,0.9989775825328949,1.0248596436738067,1.042497079695434,1.0567433552684642,1.0709623691973142,1.0926358954058144,1.1079597883669356,1.1073077814627559,1.1101395809727184
aarou_10 >= aarou_30,-0.032375988,98878,49144,49734,11.34,-8613.018795419855,-1044.992936818213,0f031b3780e6467809600593d6806420193325d9573f332c17b627db66a26893,30,-0.00904473103582859,27.04,0.7835391004627699,0.7835391004627699,0.848105009818321,0.883282663003738,0.9280890169901118,0.9598690991603726,0.9861381526349764,1.0005333791246036,1.021754960333822,1.0417150748376254,1.0586692241856417,1.071566148402484,1.088892743551631,1.0967165890399442,1.1143328040993896
minus_di_10 >= 2,-0.032423634,98878,98343,535,12.34,-12737.581303360395,-1899.0999004085243,a06e18f5f366aa3040f30d3f53c74e6c3d30e6b8f15e9282eabbaa7fe9dd85a0,30,-0.006540323607623577,27.42,0.8428661902020347,0.8428661902020347,0.8971386384303693,0.9371410210447352,0.9685655849643869,0.9944059079635724,1.016309733568146,1.0350243376718553,1.051676393636087,1.0673898714764731,1.0814787204881287,1.094821136951764,1.1092345272191937,1.122992273301005,1.1357845982946357
minus_di_30 >= 19,-0.03245914,98878,66184,32694,11.67,-9949.90413959822,-1391.8671343075548,a06e18f5f366aa3040f30d3f53c74e6c3d30e6b8f15e9282eabbaa7fe9dd85a0,30,0.021430613473057747,28.12,0.7989085846215895,0.7989085846215895,0.8515890444164456,0.8880370626435544,0.920854625955313,0.9541153446952919,0.9860924256329474,1.0166122648360523,1.0429525772332064,1.072600004043239,1.0999895192987652,1.1245398076008164,1.1441250101128637,1.1571667789464875,1.1694538937832109
mema_100 >= High_sft_2,-0.03249515,98878,45255,53623,11.25,-8672.27786659186,-1020.4242153008963,b49daa998de516ee8744d85f0961964bee1fbf801ca0904e585341376b8b86ae,30,-0.02416503056883812,26.27,0.7463749065073013,0.7463749065073013,0.7844660845432508,0.8014638654057926,0.8191077024728982,0.8264669041053682,0.8350637468212165,0.8387871487988118,0.8405239155474479,0.8455864132867801,0.8489943236560619,0.8512764831746163,0.8523210143936742,0.852500165677985,0.8538626197175896
mema_200 <= Close,-0.032580476,98878,40312,58566,11.12,-6286.658300857602,-792.4809418031,7bbedcb317d5c12750ad9ed3d218721554e71f07d9c51daeb72ddac27b693913,30,-0.014740202575922012,26.65,0.8065005724777065,0.8065005724777065,0.8760883441136883,0.9341932272701698,0.976495805226938,1.0167865410166523,1.0493335852733001,1.0827158816020317,1.1102104460808373,1.133730407747818,1.1537736553687405,1.1748646314601783,1.1980808509969678,1.2222132702540804,1.246982775771262
rsi_10 >= rsi_20_sft_2,-0.032609776,98878,47545,51333,11.3,-8560.198923749187,-968.5886177868306,9c5304fe9d592b70a0c6b3286ed47e7bf2dda0b94ec7966217da111653dec0de,30,-0.014955238439142704,26.75,0.7866626381909901,0.7866626381909901,0.8570520645080185,0.9032737422427386,0.9455480711012166,0.9849484705766451,1.016670691398901,1.0446950150179644,1.0676945451509028,1.0801746877827672,1.096465779651893,1.1119063568667984,1.1151635513031481,1.1311497078648214,1.145332095626021
mema_100 >= High_sft_1,-0.032624096,98878,45345,53533,11.25,-8326.047631397305,-1003.0943190757462,b49daa998de516ee8744d85f0961964bee1fbf801ca0904e585341376b8b86ae,26,-0.024738920852541924,25.14,0.7548117152013136,0.7548117152013136,0.7911679231852722,0.8068446875377988,0.8232525753483739,0.832626865278605,0.8410128251801248,0.844563304600635,0.8454000623594905,0.846643474053712,0.8519023915557883,0.8524409617817638,0.8545517288217896,0.8520150837727335,0.8542117893335249
mema_100 >= Close_sft_2,-0.03270139,98878,50418,48460,11.36,-9383.075174115816,-1139.5639279731186,1e15dac9f18b8bc737934702402ffb02b545ee7fbda8772d4c0156705e9d2a44,30,-0.02820785716176033,26.21,0.7560136326783569,0.7560136326783569,0.7855608541248211,0.8013670801513179,0.8138875290125969,0.826678060555621,0.836074983294085,0.8396231357045701,0.8418781258618058,0.8477026390376882,0.8538653592238951,0.8552553990308559,0.857353618560415,0.8563837638517019,0.8581873224056289
adx_14 <= 19,-0.032749858,98878,28311,70567,10.71,-4754.987132068629,-583.1714430786378,3c92cb65188a6807549ad02f373e5063a01a53cbce3d2b8fe4af860199995f57,30,-0.0055118342861533165,27.06,0.7701973290128371,0.7701973290128371,0.8211512588160783,0.8630071050613058,0.903422798861047,0.942011041646931,0.9714901867357255,0.9992310378530928,1.0250420055244371,1.0420738141731907,1.0568938382832243,1.066421896897588,1.070368680521435,1.0716356031676681,1.0824186423811168
sma_100 >= Close,-0.03286828,98878,49893,48985,11.34,-8168.391905838143,-1084.0931605300284,9d05ebf4a4df1374ab70d34fd4bb0bb7068613b3ea4d9f34537ac27b7aeadf15,26,-0.027834901586174965,25.11,0.7792506104571688,0.7792506104571688,0.808500977376389,0.8188484739781999,0.8297350635287192,0.8363189723009878,0.8440790263512372,0.8471507626269974,0.8466726434862722,0.8459699513716369,0.8521166148576238,0.856516741880438,0.8596654642654364,0.8590343389117342,0.8559519667782284
adx_14 <= adx_10_sft_2,-0.032886706,98878,83257,15621,11.95,-11865.496423042077,-1603.7775157245123,234f8ad1c2baf91b95c9f1aef2798b533888ce55558d2a8e51c247014080fabc,30,-0.011982237920165062,27.21,0.8209292647917008,0.8209292647917008,0.8769031547876738,0.9131529640778023,0.9404656253824318,0.9718778204852194,0.9930855559187359,1.0132935853906813,1.0346404584056004,1.0540967688158227,1.070500951018518,1.0823861538525694,1.0926062260208818,1.1005070183959345,1.1105819368531356
aarod_30 >= 11,-0.03293833,98878,77036,21842,11.84,-12032.29644103269,-1656.1202828544992,b82d31c42ba12f67088cc35b02af2c43923426c209765223c68a8f342f6f6146,30,-0.016743317246437073,27.05,0.8038472077488155,0.8038472077488155,0.8606885464757282,0.8939125563552984,0.9205417827461079,0.9482392160473325,0.9727159800377295,0.992222997642271,1.0096919332399659,1.0214122536187729,1.03122974305681,1.0404430217404228,1.046969852078132,1.0543615126815424,1.0636642256531497
adx_14 >= adx_20,-0.03294301,98878,79695,19183,11.89,-10542.994568087077,-1510.7833258954706,fd7b69234972b511c2e03a174ce4b77d38140d5e70cabc298bd88fa9bb05adbf,30,-0.011763075366616249,27.19,0.832161274757473,0.832161274757473,0.8880318772231047,0.9267959662772054,0.9566904074422703,0.982996559434664,1.0042248321936025,1.0231278934943386,1.040768887658318,1.0584613677002273,1.0750030519694287,1.0922342978062667,1.1083378188240793,1.1227701535099894,1.1355523816152076
minus_di_30 >= minus_di_20_sft_2,-0.033065755,98878,48493,50385,11.31,-6093.661644860222,-927.0039939095514,a7c5a511f18bc4bc65b530c22aedd665cbba6e43036caf921c03925c9eff7340,30,-0.02828390523791313,26.16,0.8339372275546623,0.8339372275546623,0.8804854367262921,0.9188104368817881,0.9475431387176746,0.9728705935674745,0.9875637648564026,1.0071951983815084,1.0174224746750755,1.038437854479564,1.0509013941593757,1.0562276330288922,1.06800850373888,1.0738300176604791,1.0747803456201679
adx_10 >= 11,-0.033094466,98878,97862,1016,12.31,-13515.335911068181,-1895.6821263644888,4118d96628e9d7109ca1b25b71d8f7665de5864ad974c7631ea4a76d380fc96f,30,-0.020487215369939804,27.35,0.8326495590333708,0.8326495590333708,0.8853649188436294,0.9237435050187716,0.953248818754776,0.9784525217916644,1.0013233034263336,1.0219123593997093,1.0403747156033107,1.0571020009246643,1.072598105100686,1.0868448518935037,1.100526528826196,1.113006453787267,1.1256324558563955
minus_di_10 <= minus_di_30_sft_1,-0.03330376,98878,53199,45679,11.4,-7583.688249720826,-1014.622394643302,6ead8d4aff114cb978d2a5e9b1dcb95b84dfa27fd6f0f40b385ac29b242b16ea,30,-0.019476216286420822,26.64,0.8260367578678606,0.8260367578678606,0.8935320692976899,0.9397651432595212,0.9797469022477485,1.0100915575834144,1.0384972014444096,1.0578120683158356,1.0688366986941642,1.0745685840295423,1.088237113664959,1.0999637271364087,1.1149756277948508,1.1271805906510612,1.1401457141308495
atr_30 >= atr_20_sft_2,-0.033311497,98878,61724,37154,11.57,-10079.64399690547,-1284.0787023642333,532171b4b026df3b7d23c8264137467a8cc80a53ca41565a8c760a4fc7c55907,30,0.007294966373592615,27.7,0.7894349813991179,0.7894349813991179,0.8469419322304567,0.8891256609918101,0.9243156703610901,0.9530084709804033,0.9758368978253582,0.9962313308947355,1.0097226345275916,1.0187761309154186,1.025718985904225,1.0356975192922186,1.0451398702209778,1.052970887804623,1.0626537471957125
plus_di_30 <= 10,-0.03332617,98878,2246,96632,5.21,-462.4663029459771,-41.80695992230176,14a9c3710fc1b17e882c866201c8dfd17bc6a0c5cee2921d8c0a77ac8ad2afa3,12,-0.03197728469967842,11.62,0.6074807401768686,0.6074807401768686,0.6043752833751547,0.6112496779195984,0.6187732959291384,0.6270883177439425,0.6190720341170377,0.6043282335624324,0.5790157147967046,0.5501872749875445,0.5403421912232858,0.5411171413197707,0.5431700831296128,0.5316078906629867,0.5404105989213907
willr_5 >= -8,-0.033346374,98878,12849,86029,9.57,-2209.4305568853742,-268.41888438420574,69dfb876a37c1daf9322a675d7db45858b16e638e7217cc78e1177c12ffb23dc,30,-0.016203559935092926,25.57,0.7849844953217848,0.7849844953217848,0.8947811819582676,0.9493176169003493,1.0339419950288287,1.0868314566162869,1.1366003962154692,1.1693819538316605,1.2223799812402263,1.2442310362669449,1.2430541647486837,1.2611563679386926,1.255507778399788,1.2898851045834812,1.3276198663724126
mema_100 >= Low_sft_1,-0.033369426,98878,55578,43300,11.45,-10453.724136359131,-1282.968206857353,e7e0f1d344c8e3b4344908a65185f87340bab0bfe5216b7073401aaebfc88a19,26,-0.026409462094306946,25.3,0.7557687722762736,0.7557687722762736,0.7850783911507438,0.8053719653600672,0.8179803329602656,0.8279339288843583,0.8419623377696269,0.8486918774469147,0.8520093129358278,0.8604776290277115,0.8710526806120901,0.8768286031376579,0.8796346646579094,0.8768846097197308,0.8767871384242126
adx_14 <= adx_5_sft_1,-0.033430997,98878,86265,12613,12.0,-11682.836024256136,-1698.4638975261987,234f8ad1c2baf91b95c9f1aef2798b533888ce55558d2a8e51c247014080fabc,30,-0.004305216949433088,27.37,0.8304705472925824,0.8304705472925824,0.8865162364780844,0.9293329435055339,0.9595937169724255,0.9856595461669719,1.0098444569040315,1.029649247075283,1.0501342303654488,1.0683962724927079,1.0847639481943367,1.0985970038523982,1.1100249940329536,1.1210749172431886,1.1301647143095308
rsi_10 >= 24,-0.033437572,98878,96382,2496,12.24,-13305.218183480774,-1892.7532939935409,2aff2363e2a1ac18e5b09edc627fed21347731d4e6d91b606bf5ebf4ed170990,30,-0.02658105082809925,27.25,0.8342459235455393,0.8342459235455393,0.8890027319494164,0.9290919162453725,0.9607714835583503,0.9862695247007232,1.0078555298721745,1.0256903104848518,1.0431610162036722,1.0602169400690729,1.075444494651445,1.0899417235910225,1.1038835421477098,1.1173175008358667,1.1305070438251554
plus_di_30 <= 11,-0.03352921,98878,3053,95825,6.22,-540.8572482737945,-52.55923879789043,14a9c3710fc1b17e882c866201c8dfd17bc6a0c5cee2921d8c0a77ac8ad2afa3,10,-0.034825436770915985,11.07,0.6631578526446216,0.6631578526446216,0.6552035508262278,0.6906334776382845,0.7010594262903366,0.6894378701119017,0.6884212467327243,0.6654797510428446,0.6339220088009938,0.6066573753047286,0.5848016747300283,0.5743082550635074,0.578790117280467,0.5698772762461428,0.5756778280010074
mema_100 >= High_sft_3,-0.033566236,98878,45169,53709,11.21,-8685.167846823446,-1023.9655286297857,b49daa998de516ee8744d85f0961964bee1fbf801ca0904e585341376b8b86ae,28,-0.026151446625590324,25.7,0.746319804024535,0.746319804024535,0.7819867161081735,0.8039450161414923,0.819177440478086,0.8272643126637541,0.8357206336072361,0.8401334440202568,0.8438611042082963,0.8473657195204974,0.8500193988348793,0.8541395059113193,0.8537709389480257,0.8547661726000585,0.8540803311852793
minus_di_10 <= minus_di_30_sft_2,-0.03358079,98878,53291,45587,11.39,-7686.614203206058,-1011.5595871448459,6ead8d4aff114cb978d2a5e9b1dcb95b84dfa27fd6f0f40b385ac29b242b16ea,30,-0.020536072552204132,26.6,0.8242021803293148,0.8242021803293148,0.8918287572463977,0.9409024187189131,0.9808362274385172,1.0158538881222667,1.042335706588261,1.06351634319705,1.0771269896620437,1.081892112000764,1.0945935978361425,1.1059507486846056,1.1169956767286255,1.1306398585096855,1.141436725698917
stdev_5 <= stdev_20_sft_1,-0.0336216,98878,87927,10951,12.03,-12719.370906017128,-1715.0422373635156,76cc05d7e847d59489f80a379ae9909f097acc0055c98dd465d85c99099ff3c8,30,-0.015852322801947594,27.2,0.820464760813978,0.820464760813978,0.8759653399674089,0.9110928023298841,0.9382179579510633,0.9673915302858377,0.9918993952624926,1.0107324460437237,1.0286216678369886,1.0477791909755612,1.0664302728366497,1.085275127538647,1.1016170413525965,1.1124692946365515,1.1222738768773655
minus_di_10 <= minus_di_30,-0.033668745,98878,52334,46544,11.37,-7114.593836100239,-982.2112008685071,6ead8d4aff114cb978d2a5e9b1dcb95b84dfa27fd6f0f40b385ac29b242b16ea,30,-0.02038859948515892,26.59,0.833175523247164,0.833175523247164,0.897075638300684,0.9437188937041868,0.9869608690329853,1.0149813432912438,1.0422881026966393,1.0616952323505606,1.0718569457502292,1.0825636008799493,1.098230314534739,1.1088914010221191,1.1237935232835001,1.137139009848529,1.1483727262293641
minus_di_14 <= minus_di_30_sft_2,-0.033842836,98878,53429,45449,11.39,-7212.075765857107,-992.7888575352627,6ead8d4aff114cb978d2a5e9b1dcb95b84dfa27fd6f0f40b385ac29b242b16ea,30,-0.023672744631767273,26.47,0.8336224674747125,0.8336224674747125,0.9014041030309459,0.9487359198516881,0.989511619857987,1.0193443669829356,1.0475640866514813,1.0703218535760808,1.0821357375824958,1.0853834345170448,1.0983224796446531,1.107201580183767,1.1145933889426767,1.1272648784605377,1.1392318331820972
mema_100 >= Close_sft_3,-0.033851348,98878,50424,48454,11.32,-9921.14312220928,-1170.761352337613,1e15dac9f18b8bc737934702402ffb02b545ee7fbda8772d4c0156705e9d2a44,30,-0.030186763033270836,26.12,0.7450606541216438,0.7450606541216438,0.7816200176981053,0.7987523083615232,0.8122189227278247,0.8255449225313418,0.8345217896434396,0.8373130808698395,0.8412945570317907,0.8475936909949371,0.8524930197470493,0.8550028222854797,0.8549607527752701,0.8560519919037104,0.8561931646269243
minus_di_14 <= minus_di_30,-0.03390055,98878,52204,46674,11.36,-6614.828629665824,-948.7277875766231,6ead8d4aff114cb978d2a5e9b1dcb95b84dfa27fd6f0f40b385ac29b242b16ea,30,-0.0257117822766304,26.36,0.8426769400059033,0.8426769400059033,0.9104279192739594,0.9574216612890137,0.9985103627576487,1.0265417698997532,1.0508557507827312,1.0659638108875933,1.0769167420347021,1.0825528302321796,1.0978804750192164,1.1060497328482122,1.1196593519439466,1.1321809421219968,1.1426637195193898
plus_di_20 >= plus_di_30_sft_1,-0.03394029,98878,35983,62895,10.94,-6072.482933003528,-673.5475676825008,e29890bc12ea37e8ab50982e55f5d20643af7c43a2ddc27569a065e219a2f597,30,-0.02739274874329567,25.83,0.7918366784820801,0.7918366784820801,0.8557521263290806,0.8945256571486856,0.9396022699960246,0.9654713868093113,0.9889018299775664,1.0000098039374499,0.9986356091827446,0.9957792218780914,0.998567843399359,1.0003530933571019,1.0047747435532064,1.0149561429204816,1.0349779868580409
aarou_10 >= aarou_30_sft_1,-0.034030143,98878,49039,49839,11.29,-8573.308669608581,-1051.5136994970235,0f031b3780e6467809600593d6806420193325d9573f332c17b627db66a26893,30,-0.009823759086430073,27.0,0.7837923913180267,0.7837923913180267,0.8452073419841486,0.880899200886116,0.9260823862095048,0.9604075614628399,0.9884504358899564,1.0032127841606189,1.0235813930724014,1.0425606598686676,1.0604238117100604,1.0755016405591455,1.0882327302692842,1.0960382015168817,1.1116745726558421
atr_5 <= atr_10,-0.0341207,98878,61494,37384,11.54,-10652.802472806809,-1284.2531378583808,6c56a6e37fe7066fac040219b9e7cfe2398571a456467cde7a8327153ebc94da,30,-0.02449042536318302,26.59,0.7739301151872913,0.7739301151872913,0.8177515917563216,0.8463724639705735,0.8766665589632286,0.9004704692847538,0.9191631495460886,0.9382039215260828,0.9590606920479412,0.9789078066400001,0.9970395004172964,1.0093628670746388,1.0182820145163611,1.0323034413687686,1.0447665809483577
stdev_20 <= stdev_30_sft_2,-0.03420148,98878,68965,29913,11.68,-11236.886639338249,-1329.6747828212829,76cc05d7e847d59489f80a379ae9909f097acc0055c98dd465d85c99099ff3c8,30,-0.010084791108965874,27.15,0.7922625110036916,0.7922625110036916,0.8424908558922874,0.8872663327989395,0.9201645512392226,0.9519830925246454,0.9778954687641649,1.0038747962208354,1.0299075014631534,1.052175108120538,1.0688976336625835,1.082492482571854,1.0950019051472175,1.1024945854772097,1.1132168907961348
stdev_30 >= stdev_5_sft_2,-0.03422306,98878,93881,4997,12.16,-13247.15092157762,-1829.9891177205354,a092dbfa6dbefd1d342d1a211503f33f5c7745cd5359e4d4115f2b75459bc7b9,30,-0.023442640900611877,27.2,0.8267623695934062,0.8267623695934062,0.8796987345010815,0.9180270871619062,0.951157616650076,0.9803500006131114,1.005998146635572,1.0248096019879824,1.0429507920314038,1.0610754861224738,1.0772337970054238,1.0917612656231397,1.1027562310071455,1.1156273998295247,1.1277806189920594
aarou_10 >= aarou_30_sft_3,-0.034230974,98878,51020,47858,11.32,-8631.778160114722,-1087.6476784857514,0f031b3780e6467809600593d6806420193325d9573f332c17b627db66a26893,30,-0.013079427182674408,26.88,0.7903446280297682,0.7903446280297682,0.8551737868275993,0.8966655449141925,0.9378927305498466,0.9716343266045149,1.004756058933788,1.022746695020734,1.0431182401231334,1.0601643789949455,1.0799638265920943,1.094870746545165,1.105232424540736,1.11056235133734,1.1211655369489169
rsi_10 >= rsi_30_sft_3,-0.034242522,98878,46992,51886,11.23,-8310.959977851468,-931.194188809066,9c5304fe9d592b70a0c6b3286ed47e7bf2dda0b94ec7966217da111653dec0de,30,-0.02023749053478241,26.5,0.7880794067595881,0.7880794067595881,0.8611098922521919,0.9109875640017278,0.9547971991820602,0.9853176040904889,1.0175640641811263,1.0453380555471146,1.0665736014177425,1.0761979090436045,1.0961719738167133,1.111265502949789,1.1153964066979718,1.1290588807555495,1.1377473864159846
willr_5 >= -7,-0.034400225,98878,12118,86760,9.38,-1969.0887861344381,-249.64682134862232,69dfb876a37c1daf9322a675d7db45858b16e638e7217cc78e1177c12ffb23dc,30,-0.015189435333013535,25.63,0.7909435566596009,0.7909435566596009,0.8908367259960265,0.9503395575135866,1.0350113307963602,1.08605533742487,1.141144701280784,1.1822777333584864,1.2391725572784775,1.259743761638609,1.2596121436524532,1.275623433052471,1.2685473168965224,1.3096924102390255,1.345339353105105
rsi_10 >= rsi_30,-0.03444192,98878,46994,51884,11.22,-7948.558569511704,-915.6722008694996,9c5304fe9d592b70a0c6b3286ed47e7bf2dda0b94ec7966217da111653dec0de,30,-0.017403217032551765,26.63,0.7972638562411748,0.7972638562411748,0.8677134618860987,0.9195669867797394,0.9635079355433078,0.9987511950835704,1.0293203377949518,1.0539155412543093,1.0696640311970542,1.0786644273669352,1.0954785224950798,1.1126395520385914,1.1218519064424581,1.137528436808997,1.1472804301239512
atr_20 >= atr_5_sft_3,-0.034478895,98878,62600,36278,11.55,-10925.279858349986,-1318.5223410603576,532171b4b026df3b7d23c8264137467a8cc80a53ca41565a8c760a4fc7c55907,30,-0.015260822139680386,26.93,0.7765151949231874,0.7765151949231874,0.828177464266413,0.8604095311059324,0.8913043763754342,0.9227867030568314,0.9474060971262244,0.966348687721349,0.9849920645845167,1.0037173344368746,1.0177429588672025,1.0308492471780926,1.0411680302484454,1.0558615806218103,1.066686278212525
adx_5 >= adx_20,-0.03459988,98878,86999,11879,12.0,-10817.57215423667,-1644.899128200479,fd7b69234972b511c2e03a174ce4b77d38140d5e70cabc298bd88fa9bb05adbf,30,-0.007306638173758984,27.32,0.8427025737329815,0.8427025737329815,0.8984953797003269,0.9394797887312647,0.9727635105883122,0.9930176337082457,1.0136399090817632,1.0314940327911637,1.04960635650631,1.06712372049931,1.0854868837136584,1.1003220019889923,1.1130331435880625,1.1240571412366387,1.1338922825530637
adx_10 <= 24,-0.034633085,98878,34342,64536,10.85,-6402.659383036131,-770.8053396156465,3c92cb65188a6807549ad02f373e5063a01a53cbce3d2b8fe4af860199995f57,30,-0.007099229842424393,27.01,0.7543887123529264,0.7543887123529264,0.7994339495269059,0.8340868379183133,0.8803149339755231,0.9190563966883891,0.9588217507724421,0.9918750523861463,1.0205561429824048,1.0459988654201557,1.0713868318385016,1.0883841890215218,1.1010613545769556,1.1082940782329167,1.1146176809462263
sma_100 >= Low,-0.03477672,98878,54269,44609,11.38,-10064.232211349285,-1253.7291250441704,7e47ad2f5aad8309cb5e81c51f9a75f0ebc795f902c6c62c65c20c0b4901b7f7,26,-0.02851918525993824,25.19,0.7576520660141025,0.7576520660141025,0.788908769262535,0.8031573508589716,0.81660168452718,0.8273973983521962,0.8375976238414351,0.8422657606528372,0.8441202825407669,0.8472261925152956,0.8542158581192174,0.85899878643847,0.8621976804953371,0.861660609172041,0.8610355932098055
rsi_14 >= rsi_30,-0.034793984,98878,46741,52137,11.21,-7393.77166888678,-885.0255899201074,9c5304fe9d592b70a0c6b3286ed47e7bf2dda0b94ec7966217da111653dec0de,30,-0.015072948299348354,26.73,0.8088699813538609,0.8088699813538609,0.8799184905154245,0.9319267950288084,0.9774456482153034,1.0114592235230138,1.0419367073600498,1.0642645213848088,1.0819933878177908,1.0879670497303857,1.1060341272416205,1.1228506617918566,1.1331049286465789,1.1482406800961633,1.155526075278663
rsi_20 >= rsi_30,-0.034851205,98878,46449,52429,11.2,-7322.09483417467,-884.8644705780971,9c5304fe9d592b70a0c6b3286ed47e7bf2dda0b94ec7966217da111653dec0de,30,-0.014526832848787308,26.76,0.808683151945275,0.808683151945275,0.8844044554734722,0.9404688119132705,0.9865091275826973,1.0229478072060123,1.0503883074376184,1.0761621341480294,1.09794064321146,1.1007054433889982,1.1175395716997718,1.1325689231217158,1.142221059729613,1.1583688120534095,1.168129469433234
adx_5 >= 11,-0.034973033,98878,98694,184,12.37,-12512.559600260098,-1907.0887999994957,4118d96628e9d7109ca1b25b71d8f7665de5864ad974c7631ea4a76d380fc96f,30,-0.027609022334218025,27.39,0.8471606620471682,0.8471606620471682,0.9002444107672951,0.9379979554832483,0.9684996986869342,0.993970118396355,1.015196148664605,1.032754340205168,1.0491071625980317,1.0651139864672243,1.079858573895911,1.0939233686286214,1.1078219280781672,1.1207576610620031,1.1333710454432395
adx_14 <= adx_5_sft_2,-0.03508845,98878,86855,12023,11.99,-12032.377026717691,-1720.1709402573106,234f8ad1c2baf91b95c9f1aef2798b533888ce55558d2a8e51c247014080fabc,30,-0.005637699272483587,27.35,0.8269979454510535,0.8269979454510535,0.8852828301089702,0.9263800482426536,0.9561601397854758,0.9830940645013168,1.0088191673389313,1.0307663433462992,1.051197499225643,1.0714774858579437,1.0862980405914275,1.0992761802451176,1.1128064531458481,1.1240628515136624,1.1304594669066652
mema_10 <= mema_100,-0.035114996,98878,50260,48618,11.28,-9237.326720784142,-1123.0929457978636,97648559323ce4c42a3819223f880d09c20183d31e746db94faac95e3098a1b9,24,-0.03150269761681557,24.37,0.7583776990176535,0.7583776990176535,0.7856656387992035,0.7968920769273685,0.8070113562069833,0.8172378079285902,0.8264062736887201,0.8301337414640116,0.8310824244031969,0.8330814196319702,0.8393409215487913,0.8415866098945882,0.8405054128086052,0.8347258931752147,0.8314582902726056
aarod_30 >= 1,-0.035116404,98878,89115,9763,12.04,-13036.58156673541,-1811.9650310589714,b82d31c42ba12f67088cc35b02af2c43923426c209765223c68a8f342f6f6146,30,-0.016984187066555023,27.19,0.818418496796276,0.818418496796276,0.8755572548123115,0.9106703937694317,0.9422457835222308,0.9674977800643502,0.992106348329052,1.013582594134176,1.0312257483295828,1.0426569042569258,1.056326003792731,1.0654027804010096,1.0778356967664544,1.0913353709709281,1.098494657115323
aarou_30 <= aarou_5_sft_1,-0.03512571,98878,54705,44173,11.38,-8915.397698151783,-1150.0296556282192,11ecda3140789fc7bb03c4e9ce6db1e36d26d05f5895e9047d4b04d8e05db454,30,-0.013072147034108639,26.92,0.7957111887756273,0.7957111887756273,0.8453197368313449,0.8923037389621571,0.9435032700394352,0.9706281027335475,0.99710565714847,1.0208796982650103,1.0395114856104866,1.0579833199429263,1.0722289095849618,1.097095197481783,1.1098527392508193,1.119769257122817,1.127457598120127
adx_20 <= adx_10_sft_2,-0.035136595,98878,82944,15934,11.91,-10841.06556873737,-1551.2512622047798,234f8ad1c2baf91b95c9f1aef2798b533888ce55558d2a8e51c247014080fabc,30,-0.018549738451838493,27.08,0.8339670701969328,0.8339670701969328,0.8916823210033772,0.9257059924589901,0.9510381314089491,0.9771022309682846,0.9999101739081233,1.01767781121183,1.0346012540157727,1.0493568878997532,1.066057784627437,1.0813055843332449,1.0956479160818484,1.1070207742435274,1.1183194569013248
mema_100 >= Low_sft_2,-0.03529006,98878,55690,43188,11.39,-10964.841094086529,-1305.1612951687712,e7e0f1d344c8e3b4344908a65185f87340bab0bfe5216b7073401aaebfc88a19,24,-0.02662268653512001,24.7,0.7466250171121985,0.7466250171121985,0.782592186623355,0.8006097521583254,0.8133586685038843,0.8286764040023522,0.8407903955941144,0.8470028959939258,0.8539720502153778,0.862795298807188,0.8730340600499232,0.8774231896600321,0.8769815996933811,0.8772204208881491,0.8760734025601614
minus_di_30 >= minus_di_20_sft_1,-0.03530579,98878,49907,48971,11.26,-5753.7120559102095,-913.997036010478,a7c5a511f18bc4bc65b530c22aedd665cbba6e43036caf921c03925c9eff7340,30,-0.03086702711880207,26.08,0.8498555448042594,0.8498555448042594,0.9112948025160236,0.9421540073243058,0.9731176326401355,1.0054896930479855,1.0192283158217597,1.0297836425953462,1.03706499316844,1.0561743536226949,1.0695009866448812,1.0737654592504446,1.0909573706515383,1.102070508506336,1.10566742248759
minus_di_30 >= 11,-0.035322893,98878,94297,4581,12.16,-12696.054305675312,-1837.6301898016172,a06e18f5f366aa3040f30d3f53c74e6c3d30e6b8f15e9282eabbaa7fe9dd85a0,30,0.017709964886307716,27.62,0.8305731201309029,0.8305731201309029,0.8869284864303572,0.9288636793160867,0.9614081161808651,0.9902265710607379,1.017395630934867,1.0418099114887664,1.0609791828789235,1.0756377041361176,1.0889188478769436,1.1005401671252006,1.1126651966557644,1.1240102354309502,1.1373714951835943
minus_di_30 >= 18,-0.035448782,98878,71601,27277,11.7,-10609.607231460373,-1499.4972401127889,a06e18f5f366aa3040f30d3f53c74e6c3d30e6b8f15e9282eabbaa7fe9dd85a0,30,0.019327634945511818,27.98,0.8029109079865805,0.8029109079865805,0.8584678176031053,0.8940441627560229,0.9276415163429982,0.9567774315541078,0.9879367881623797,1.0202936192544634,1.046027114910963,1.075197561740769,1.102195443325383,1.1233098057645383,1.14327140780007,1.1551451748879311,1.166913546291568
bb_upper_2_20 >= High_sft_3,-0.03545124,98878,92755,6123,12.12,-13118.888272304208,-1817.4452539608537,73a2f8f858c13ed47c80370d7df3c9045bc14eb7544028acac21bb9dbc89635d,30,-0.00804430153220892,27.35,0.8260767417816881,0.8260767417816881,0.8799968004800118,0.916912045966585,0.9489216050293935,0.976476604046399,1.0015292322218137,1.0234354143699667,1.0413846164911404,1.0594944839349363,1.0773100554765165,1.0936461780480706,1.1069752968234183,1.1219158935754336,1.1367995572553842
mema_200 >= Close,-0.035533927,98878,46296,52582,11.17,-7302.385827255,-945.6382589022905,1e15dac9f18b8bc737934702402ffb02b545ee7fbda8772d4c0156705e9d2a44,26,-0.019657321274280548,25.4,0.7815195478357738,0.7815195478357738,0.817993647092229,0.8296072684140336,0.8413528398782467,0.8484167923695395,0.8564577561326762,0.8587726657861666,0.8625865552531556,0.8673495090645534,0.8737710692692228,0.8780991888121673,0.8800571289028541,0.8781382442907159,0.875633342722212
aarod_30 >= 7,-0.035554837,98878,80442,18436,11.86,-12460.26343590751,-1721.7959355414641,b82d31c42ba12f67088cc35b02af2c43923426c209765223c68a8f342f6f6146,30,-0.016890255734324455,27.08,0.806027680982374,0.806027680982374,0.8606877050969,0.8941931338392883,0.923396266807367,0.952215788943088,0.9765727441911389,0.9946325513703215,1.015087039361495,1.0257194190099697,1.0360585947573446,1.044886821954101,1.0530234110384484,1.0628351802710474,1.073248930960951
minus_di_10 <= minus_di_30_sft_3,-0.035564404,98878,53221,45657,11.33,-8059.0860302778,-1041.6239627444447,6ead8d4aff114cb978d2a5e9b1dcb95b84dfa27fd6f0f40b385ac29b242b16ea,30,-0.021660741418600082,26.55,0.8159580522038999,0.8159580522038999,0.8832514324761253,0.9320743257299244,0.9749732956496623,1.004191764523675,1.0317451604805503,1.052403874448701,1.0623471896436245,1.0693862860158152,1.081030553698906,1.0884164404862207,1.098647499936779,1.1102057167398658,1.1201392203246612
adx_14 <= adx_5_sft_3,-0.035599932,98878,87228,11650,11.99,-12198.25050282,-1734.327917409115,234f8ad1c2baf91b95c9f1aef2798b533888ce55558d2a8e51c247014080fabc,30,-0.004967638291418552,27.36,0.8260379960959482,0.8260379960959482,0.8858632620623682,0.9237222670798947,0.9535345171713258,0.9816355932105288,1.0068232728668858,1.0302594941273038,1.0509426522106546,1.0680277440198562,1.0830248998059853,1.0964686999354436,1.110389006812139,1.117678569316844,1.1236392902381782
aarod_30 >= 4,-0.035609156,98878,84337,14541,11.93,-12775.616614256236,-1766.413354991826,b82d31c42ba12f67088cc35b02af2c43923426c209765223c68a8f342f6f6146,30,-0.017804782837629318,27.12,0.8109474002233529,0.8109474002233529,0.8664139620238768,0.89920445499992,0.9298676709035848,0.9579170893853862,0.9825089080419591,1.001301422440419,1.021045642059332,1.0315096136115802,1.0441946699031623,1.0519707412653612,1.0621266213081573,1.0742301404952026,1.0831178223894533
plus_di_30 <= 12,-0.035616614,98878,4217,94661,6.85,-681.7636484283721,-62.23712657416036,14a9c3710fc1b17e882c866201c8dfd17bc6a0c5cee2921d8c0a77ac8ad2afa3,10,-0.03743865340948105,11.76,0.7033244731419863,0.7033244731419863,0.7184156426120494,0.7368358298279242,0.7402096365178039,0.7313867014983695,0.7259955789353371,0.7129275116406675,0.6898569721157494,0.6601262836683914,0.637582152142675,0.6303168428376317,0.6326056541299214,0.636864126893195,0.634878021283615
mema_100 >= Low_sft_3,-0.03562738,98878,55805,43073,11.39,-11235.026940472395,-1305.213448213639,e7e0f1d344c8e3b4344908a65185f87340bab0bfe5216b7073401aaebfc88a19,24,-0.027684597298502922,24.66,0.7420716958272865,0.7420716958272865,0.7821876296547021,0.7988311764517341,0.815349699522585,0.8326061773241602,0.8438878480901157,0.8515475336100102,0.8629309137798548,0.8725822584472931,0.879631495367696,0.8831825330743391,0.8823889831887491,0.8816958885628184,0.8799958046367363
bb_upper_2_30 >= bb_upper_2_10_sft_1,-0.035632174,98878,75263,23615,11.76,-13147.287200020543,-1613.5162554276321,2b12f1a24b5e2be255bd7327d40ce3105a7cd48cdc1cc2d1ac037ab6015a19a3,30,-0.013920371420681477,27.1,0.7802399551575746,0.7802399551575746,0.8279430855576871,0.8614329802284104,0.8930599494411847,0.9194367270505943,0.9412028641850309,0.9632974931319521,0.9841734279636523,1.0060507137992463,1.0268224707939795,1.040668259883313,1.0505962996331706,1.0620136072006712,1.0763424069334875
rsi_10 >= 21,-0.035695985,98878,97457,1421,12.28,-13291.006659236376,-1914.5750379983801,2aff2363e2a1ac18e5b09edc627fed21347731d4e6d91b606bf5ebf4ed170990,30,-0.02551882714033127,27.31,0.8360093395877686,0.8360093395877686,0.8899609630080915,0.9309970305217934,0.9627088195060663,0.9881444141356127,1.008736060139729,1.0269679478463156,1.0443394300732243,1.0606197435850009,1.0755407500693135,1.0898826293883395,1.1040878372731935,1.1169488960801854,1.1299672968554961
sma_5 <= sma_100,-0.035716116,98878,49816,49062,11.25,-9352.647117043089,-1144.4939002523897,9620e21a74658492f7af120824bf7d2062ca3a47b721c940ad3cc1d3bc8eb349,26,-0.029751216992735863,25.02,0.7530313871684042,0.7530313871684042,0.785518807218911,0.797414504327516,0.809688587211921,0.8208952889068576,0.8312464058204452,0.8355542695656928,0.837026964569188,0.8407650332357139,0.8467508842271296,0.8510234999028128,0.8524464619566741,0.8503453816793581,0.8504132545873817
mema_100 <= mema_200,-0.035725873,98878,45543,53335,11.14,-8427.704990174003,-971.5196222004379,97648559323ce4c42a3819223f880d09c20183d31e746db94faac95e3098a1b9,30,-0.017334965988993645,26.61,0.7519020381071138,0.7519020381071138,0.7932851522095462,0.8139680865343099,0.8310946118808176,0.8451130496716058,0.8569889271087515,0.8651642265113825,0.8717892963800213,0.876665361314181,0.8825367196832772,0.8882904644060663,0.8933676509846137,0.8971471923068034,0.9036123508058338
minus_di_14 >= 4,-0.035747636,98878,97877,1001,12.3,-12916.268812535785,-1864.4440160337545,a06e18f5f366aa3040f30d3f53c74e6c3d30e6b8f15e9282eabbaa7fe9dd85a0,30,-0.003458550898358226,27.43,0.8386126962135471,0.8386126962135471,0.8949090790166789,0.9342005724367266,0.9639447675200086,0.991002491904706,1.0143492768171247,1.0338028515212794,1.050319944622977,1.066129309137942,1.081150606815379,1.0950110866622214,1.1094066325911134,1.1222949473112824,1.1356878436479474
adx_5 >= adx_20_sft_1,-0.035800762,98878,86518,12360,11.97,-10782.812196525632,-1637.7970723002654,fd7b69234972b511c2e03a174ce4b77d38140d5e70cabc298bd88fa9bb05adbf,30,-0.007799009792506695,27.31,0.8421609381408764,0.8421609381408764,0.8985741036628355,0.9388038573235086,0.9727468213548214,0.9927305126966326,1.012777264326451,1.0300230413207545,1.0472000610864531,1.0644648388058884,1.0827330353383522,1.097756920957463,1.1113131419368472,1.122229286764155,1.1325182321331413
atr_14 >= atr_5_sft_1,-0.03583132,98878,61801,37077,11.5,-11508.348186993495,-1330.1661469628161,532171b4b026df3b7d23c8264137467a8cc80a53ca41565a8c760a4fc7c55907,30,-0.02398063987493515,26.62,0.7610141508809167,0.7610141508809167,0.8151067635041657,0.8468545559141132,0.8749398050124645,0.8981014733414704,0.9216506790187331,0.9420850900631008,0.9641389772757742,0.9847398632414537,1.000396426906573,1.0129406608146414,1.028083207284961,1.0346781048439355,1.0482892759949611
rsi_10 >= 23,-0.035844486,98878,96786,2092,12.24,-13352.253703167302,-1903.2918200215645,2aff2363e2a1ac18e5b09edc627fed21347731d4e6d91b606bf5ebf4ed170990,30,-0.02548978291451931,27.28,0.8343251884242621,0.8343251884242621,0.8885695548400477,0.9290274596400048,0.9607717421977233,0.986658939063691,1.0079304644397045,1.0256543252141297,1.0430307211274439,1.0600964179473882,1.07500225515182,1.0894231829925165,1.103163387936741,1.1167661725530214,1.1301000073311545
atr_5 <= atr_10_sft_1,-0.035860173,98878,61781,37097,11.5,-10975.916632389944,-1313.5804532593975,6c56a6e37fe7066fac040219b9e7cfe2398571a456467cde7a8327153ebc94da,30,-0.02175508812069893,26.69,0.7700468022905274,0.7700468022905274,0.8154472183454481,0.8478524276538085,0.8802058795196437,0.9025795013647091,0.9200686138424838,0.9394293787476525,0.9585962199832616,0.9775507901219244,0.9982149441367605,1.0110623580507632,1.0222498454344002,1.0369301394356691,1.048314090318249
willr_5 >= -6,-0.03590142,98878,11511,87367,9.16,-1904.43200644647,-238.07848834188917,69dfb876a37c1daf9322a675d7db45858b16e638e7217cc78e1177c12ffb23dc,30,-0.016054121777415276,25.47,0.7840951826121689,0.7840951826121689,0.8854950198804772,0.9429061755816192,1.0286557682836146,1.0728379133737775,1.1262113956703794,1.1699078531843858,1.2288086386943875,1.2554617582553975,1.2566977263666812,1.267167079949248,1.2647713702108647,1.3080340491754896,1.3428104901684885
bb_lower_2_20 <= Close,-0.035976976,98878,93513,5365,12.13,-14012.973031392048,-1849.7692556255934,df72ac6ad143ee2de1e2f75f64629a9e84f7c48f59b8dcd8dbbfbb16a74d883c,30,-0.025270406156778336,27.17,0.8194983156741013,0.8194983156741013,0.875613606791137,0.9148893537518448,0.9453877042837383,0.9735266101162993,0.9984707170546855,1.0175620491585227,1.0369415879423567,1.056973479699851,1.0735070412715892,1.0878138986960264,1.101386189330778,1.114806096384892,1.1265890933685796
sma_100 >= High,-0.03604779,98878,45553,53325,11.13,-8233.157916288139,-1015.0199166560924,2a2a894e2395475f18aac8b58b172590d4e9304b0f81f0d6018fc944d30d4b38,26,-0.028036316856741905,24.99,0.7560242766131249,0.7560242766131249,0.7847689278762536,0.8041323585570085,0.8183621704119831,0.8276904700848658,0.8366449663592502,0.8399682980705294,0.8404242785292472,0.838973631120425,0.8439904308078106,0.8465194367204016,0.8477173864578403,0.8457915078693365,0.8454522534816743
minus_di_30 >= 10,-0.036057204,98878,95494,3384,12.19,-12744.778121095489,-1844.295292445866,a06e18f5f366aa3040f30d3f53c74e6c3d30e6b8f15e9282eabbaa7fe9dd85a0,30,0.013804569840431213,27.56,0.8329801395452331,0.8329801395452331,0.8901656280192318,0.9306746568784608,0.9632335405668762,0.9929804273635081,1.0199777861950894,1.0421082681380927,1.0593233792914531,1.073574770163773,1.0863207226831246,1.0983925138574122,1.1122086942412943,1.1239665990723677,1.1374806976295313
rsi_10 >= rsi_30_sft_1,-0.03611112,98878,46866,52012,11.16,-8406.07360795806,-922.8778624386687,9c5304fe9d592b70a0c6b3286ed47e7bf2dda0b94ec7966217da111653dec0de,30,-0.01962372101843357,26.52,0.7861497891810675,0.7861497891810675,0.8559647163374129,0.9075254954867564,0.9481218004714481,0.9848340242249668,1.0125368939785975,1.0368240716013102,1.0575273106511331,1.0668306352438974,1.082115096257256,1.0970793799147796,1.1059147588508011,1.1193114340923949,1.1320108175080283
rsi_20 >= rsi_30_sft_3,-0.036121074,98878,46754,52124,11.16,-8571.870197891869,-963.0957357186635,9c5304fe9d592b70a0c6b3286ed47e7bf2dda0b94ec7966217da111653dec0de,30,-0.02163536846637726,26.43,0.780012949893801,0.780012949893801,0.8542957611433422,0.9042329109087428,0.9468735034628948,0.984220229379579,1.0177036198119713,1.0464045705349052,1.0671679065005935,1.0759415662981142,1.0921223217830762,1.1030853872925037,1.108436103754502,1.1210916812885274,1.130131334461839
stdev_20 <= stdev_30_sft_3,-0.03612757,98878,68244,30634,11.62,-11344.418638195288,-1327.7106769482707,76cc05d7e847d59489f80a379ae9909f097acc0055c98dd465d85c99099ff3c8,30,-0.010415984317660332,27.13,0.7873004129276636,0.7873004129276636,0.8384724799370556,0.8816025624781041,0.9145546699748784,0.9468811202000611,0.973248077885441,1.0008195727275648,1.0279004932109117,1.048262312596334,1.0641682062483635,1.0768254982890368,1.0875480735458314,1.0952137473563721,1.1060697057070006
minus_di_14 <= minus_di_30_sft_3,-0.0361801,98878,53309,45569,11.32,-7606.985212862053,-992.3318217770284,6ead8d4aff114cb978d2a5e9b1dcb95b84dfa27fd6f0f40b385ac29b242b16ea,30,-0.024444101378321648,26.44,0.8248656515422917,0.8248656515422917,0.8915591550570018,0.9384110401006885,0.9805253486761425,1.0098702372934747,1.036828145109551,1.0597339367560545,1.0711265758049058,1.0765738669394407,1.0925455023792663,1.0970907544300437,1.1050804630296478,1.1174716832164564,1.1292162083582085
aarou_30 <= aarou_5_sft_3,-0.036227245,98878,54369,44509,11.34,-8919.58246375183,-1121.8353526395877,11ecda3140789fc7bb03c4e9ce6db1e36d26d05f5895e9047d4b04d8e05db454,30,-0.011914227157831192,26.96,0.7936776738874974,0.7936776738874974,0.8548826008597673,0.9143112796791993,0.9453249324695334,0.9755522688605682,1.003963749167929,1.021469525588832,1.039772004353769,1.0604802228062726,1.0840362262738672,1.0951750356166743,1.1077506087250732,1.1143853997782287,1.1291529255256771
aarou_10 >= aarou_30_sft_2,-0.036295664,98878,50069,48809,11.24,-8813.390705554426,-1079.2080932331082,0f031b3780e6467809600593d6806420193325d9573f332c17b627db66a26893,30,-0.012439110316336155,26.9,0.7821696626582896,0.7821696626582896,0.8444620875737264,0.8842437031356257,0.9260899758047515,0.9633136336219972,0.9920021759401503,1.0105801476015648,1.0334593098603546,1.0493162258907134,1.0679603443323593,1.0840866436371113,1.0976970103600905,1.1032931206671306,1.1180610874057109
adx_20 >= 9,-0.036297787,98878,95888,2990,12.21,-13257.54182764945,-1860.5029790256885,4118d96628e9d7109ca1b25b71d8f7665de5864ad974c7631ea4a76d380fc96f,30,-0.0315513052046299,27.2,0.8305160637342421,0.8305160637342421,0.8832986526420111,0.9213264539742037,0.9514639860626581,0.9771102986690627,1.0001015747900392,1.019627411081815,1.0368388781181748,1.0529513506166264,1.0683806721312323,1.082778646402215,1.096712861724338,1.10961067088046,1.1228225535727134
adx_20 <= adx_10_sft_3,-0.03633227,98878,83434,15444,11.9,-10932.883059830438,-1554.5791073772925,234f8ad1c2baf91b95c9f1aef2798b533888ce55558d2a8e51c247014080fabc,30,-0.01875385269522667,27.08,0.8328915874094017,0.8328915874094017,0.8875564252052139,0.9186069295847662,0.9473051960329625,0.9711796733153858,0.9929366584170525,1.013239911949878,1.0322411699746523,1.0483257590543034,1.0649271656427242,1.0791092571246743,1.0932410862140924,1.1040468802424732,1.1141225518839815
minus_di_30 >= 17,-0.036346003,98878,76719,22159,11.77,-10927.823975090789,-1587.0992083264427,a06e18f5f366aa3040f30d3f53c74e6c3d30e6b8f15e9282eabbaa7fe9dd85a0,30,0.021442728117108345,27.96,0.8117588973069427,0.8117588973069427,0.8652137597180348,0.9056838896901591,0.9382217119863698,0.9667950004040249,0.9972704747332133,1.0271880707453758,1.0562136628549963,1.0846896362690264,1.1079559742578435,1.1246222753805266,1.141006380091125,1.1520864056418556,1.16554753715088
rsi_10 >= 20,-0.03634901,98878,97705,1173,12.29,-13160.385681170843,-1914.0233850529767,2aff2363e2a1ac18e5b09edc627fed21347731d4e6d91b606bf5ebf4ed170990,30,-0.02471558004617691,27.32,0.83792645722376,0.83792645722376,0.8913950335293461,0.9321776706052062,0.9637863393602134,0.9890801544821716,1.0099154270389514,1.028291107719223,1.0453377705723155,1.0616150457390912,1.0764306848255516,1.0906104422374814,1.1048155760220915,1.1178717154470652,1.130705995148277
aarou_5 >= aarou_30,-0.036447134,98878,54804,44074,11.34,-9492.703354102288,-1176.2383330071898,0f031b3780e6467809600593d6806420193325d9573f332c17b627db66a26893,30,-0.016548171639442444,26.78,0.7856846964491002,0.7856846964491002,0.8397267206423406,0.8788019508913771,0.9276197584461879,0.9613898961822098,0.9904600468440153,1.0122257538117791,1.0356809868802739,1.0548270656448193,1.0677260042973564,1.0848950568117828,1.104299404445392,1.1116949519622614,1.122154297753341
minus_di_14 <= minus_di_30_sft_1,-0.036502652,98878,53247,45631,11.3,-7106.586590966746,-982.3012042985356,6ead8d4aff114cb978d2a5e9b1dcb95b84dfa27fd6f0f40b385ac29b242b16ea,30,-0.023940913379192352,26.46,0.8352171254959097,0.8352171254959097,0.9056835041427371,0.9533769968698015,0.992135539432065,1.0229331520599407,1.0537593820055724,1.075434475530698,1.0869722976111458,1.0932755598319726,1.1054097580438773,1.1142428529947022,1.1264811377724606,1.1370969658670378,1.150306912018198
mema_200 >= Low,-0.03653405,98878,49384,49494,11.21,-8463.924704647186,-1046.9476937181098,e7e0f1d344c8e3b4344908a65185f87340bab0bfe5216b7073401aaebfc88a19,26,-0.020072095096111298,25.44,0.7681599031171721,0.7681599031171721,0.8064057440787836,0.8220769370106146,0.8316897014635775,0.8439773922737711,0.8543989851534176,0.8591157256084045,0.8631284019730835,0.8699579669323211,0.8769434511273386,0.8852074625293079,0.888934510968066,0.8860173653215476,0.8854131013889422
aarou_30 <= aarou_5_sft_2,-0.036546383,98878,54498,44380,11.33,-8646.649599376316,-1093.0611783645654,11ecda3140789fc7bb03c4e9ce6db1e36d26d05f5895e9047d4b04d8e05db454,30,-0.010751068592071533,27.01,0.8002358056503256,0.8002358056503256,0.8494189242729993,0.9030616898520771,0.9409494983172799,0.9712571862620573,1.0003345948607894,1.0195289934857956,1.0393692727308277,1.0566091761617127,1.0739133031191785,1.094854716448559,1.105049481110612,1.1164601470859832,1.1257730948334506
sma_100 >= Open,-0.036637846,98878,49953,48925,11.22,-9400.846868825625,-1148.344759049709,4e49187dd2ecfc8ed6f19c1bb32ee3b3851abe32a765f332ea6026515c0fc382,26,-0.029984598979353905,25.02,0.7520404571322628,0.7520404571322628,0.7821009632569882,0.797824780431607,0.8093406694810706,0.8191229453596998,0.8295142887519964,0.8328691749667808,0.8345603469763405,0.8359523608521678,0.8424138962818868,0.8460443055762421,0.848541332074898,0.8460247823078548,0.8465665186474931
adx_14 <= 20,-0.036658246,98878,32204,66674,10.68,-5674.978872907108,-674.7820148423707,3c92cb65188a6807549ad02f373e5063a01a53cbce3d2b8fe4af860199995f57,30,-0.006256353110074997,27.04,0.7614033088618133,0.7614033088618133,0.8153407981551924,0.8666423441931302,0.9048275021509372,0.9424114163040005,0.9732252776983178,0.9958431330937679,1.0212330261614435,1.0429764643160464,1.058353541781904,1.0698639160184227,1.0702856474057745,1.0766000638646815,1.0853784236008086
adx_5 >= adx_20_sft_2,-0.036687706,98878,86021,12857,11.95,-10654.416687627268,-1626.8265712140783,fd7b69234972b511c2e03a174ce4b77d38140d5e70cabc298bd88fa9bb05adbf,30,-0.008989487774670124,27.29,0.8428735100253325,0.8428735100253325,0.899600752733486,0.9409124239026446,0.9747398625818747,0.994335631942964,1.0136475819890955,1.0308209919012832,1.0476952661352255,1.0647373347019984,1.0829421664250212,1.0980802924580653,1.1116138268059665,1.1218963248906297,1.1318905533030807
sma_100 >= Low_sft_1,-0.036712665,98878,54368,44510,11.32,-10543.62383449018,-1279.5520898419854,7e47ad2f5aad8309cb5e81c51f9a75f0ebc795f902c6c62c65c20c0b4901b7f7,26,-0.029773997142910957,25.14,0.7484014349230399,0.7484014349230399,0.778917945892333,0.7989047826024641,0.8121522613113876,0.8229727439427892,0.8342701794192343,0.8385198006975575,0.8388909389047325,0.8456152984071607,0.8521839248339059,0.8584712589164188,0.8611381873601621,0.8584385449425422,0.8594213504735603
minus_di_20 <= minus_di_30_sft_2,-0.036712833,98878,54663,44215,11.33,-7655.610848890514,-1001.3124933059662,6ead8d4aff114cb978d2a5e9b1dcb95b84dfa27fd6f0f40b385ac29b242b16ea,30,-0.025172024965286255,26.43,0.8275347090258965,0.8275347090258965,0.8952739623301682,0.939579017039546,0.9820761727140825,1.0144147994485189,1.0408725865498556,1.0646648157998326,1.0774346791723581,1.0824771478606234,1.0951229983595667,1.1049006193147384,1.1120948089623903,1.1267189677921718,1.140571287762662
adx_14 <= adx_10_sft_3,-0.036876734,98878,81669,17209,11.86,-11758.40678113377,-1561.9204693920037,234f8ad1c2baf91b95c9f1aef2798b533888ce55558d2a8e51c247014080fabc,30,-0.015482124872505665,27.13,0.8180053831934417,0.8180053831934417,0.867834630570159,0.8996960684182835,0.9276475067933053,0.9541012408050886,0.9795448706677587,1.001150370966852,1.0255822951084508,1.0443165801423566,1.0589357732398421,1.0686231784501607,1.0767676550487046,1.0846600246207116,1.0963779587409286
bb_upper_2_20 >= Close_sft_3,-0.03710849,98878,97321,1557,12.26,-13673.34476904407,-1910.9961389933305,c0747f5e7ce163e3c1dabc2ee26f6f6da1485e96e9d6c50c701fe20834f02f93,30,-0.020695721730589867,27.33,0.8294323223842963,0.8294323223842963,0.8833151179366913,0.9188387113746406,0.9498791024387424,0.975635870401367,1.0002948784531915,1.0201804543768853,1.0385235949804925,1.055961961917322,1.0720176831449322,1.0869400470948352,1.1000061264492362,1.1125271922142281,1.1254133326560127
atr_20 >= atr_10_sft_2,-0.037187874,98878,61765,37113,11.47,-10705.643230587073,-1323.1299138072645,532171b4b026df3b7d23c8264137467a8cc80a53ca41565a8c760a4fc7c55907,30,-0.008020788431167603,27.17,0.7768641130171192,0.7768641130171192,0.836034088764899,0.8697784484984256,0.9006516513379432,0.924669039024241,0.9473617919378059,0.9666050497937003,0.9872281612917562,1.0049453833331192,1.0189746370198662,1.032321449298783,1.0422099962213287,1.0526882672378046,1.0631284534499728
sma_100 >= Close_sft_1,-0.03719917,98878,49914,48964,11.2,-9467.76646248858,-1154.2281271412503,9d05ebf4a4df1374ab70d34fd4bb0bb7068613b3ea4d9f34537ac27b7aeadf15,26,-0.029650602489709854,25.03,0.7508028319289306,0.7508028319289306,0.7800429789751699,0.7974432832278593,0.8079618504455118,0.8167155295722965,0.8280142553427255,0.8314345598717963,0.8318617931765584,0.8363948477170026,0.8420215512223361,0.8464435054771894,0.8491860079248592,0.8460885006929857,0.8460143598470831
rsi_10 >= rsi_30_sft_2,-0.037213057,98878,46906,51972,11.13,-8499.540840738824,-943.5704667317768,9c5304fe9d592b70a0c6b3286ed47e7bf2dda0b94ec7966217da111653dec0de,30,-0.01939498819410801,26.53,0.7838344221139645,0.7838344221139645,0.8560612194641104,0.9042159024187879,0.9467673634542823,0.981494406077227,1.014224438593133,1.0419795166236496,1.0603956013208429,1.06888531057351,1.0831443926877928,1.1029729375846165,1.1062928157035796,1.1209822627224764,1.1329825238641964
rsi_10 >= 22,-0.037235282,98878,97160,1718,12.26,-13307.34781516028,-1907.1026110685416,2aff2363e2a1ac18e5b09edc627fed21347731d4e6d91b606bf5ebf4ed170990,30,-0.02488970197737217,27.3,0.83532508217396,0.83532508217396,0.8893683720871093,0.9302905097512227,0.9623383479867114,0.988012466793975,1.0091331832012083,1.0269117203461615,1.0445609900981352,1.0612446582140496,1.076012796200048,1.0903170071026667,1.1044042307151443,1.1176604132089392,1.1309481686473573
atr_30 <= atr_30_sft_1,-0.037270118,98878,64687,34191,11.52,-11523.490498730247,-1372.1680817764936,6c56a6e37fe7066fac040219b9e7cfe2398571a456467cde7a8327153ebc94da,30,-0.021028440445661545,26.76,0.7699446620916192,0.7699446620916192,0.8142640444072761,0.8530716125822001,0.8746513634077208,0.8955985359133244,0.9178951530330026,0.9374128928762729,0.9553202009904794,0.9703471231243787,0.9866669625127787,0.9998309197326808,1.0121594938289789,1.0211988029357422,1.0305453195935688
sma_100 <= sma_200,-0.03727171,98878,45268,53610,11.08,-8364.28088887908,-975.8550100635766,9620e21a74658492f7af120824bf7d2062ca3a47b721c940ad3cc1d3bc8eb349,30,-0.013227235525846481,26.8,0.7556217933693513,0.7556217933693513,0.7989940232733536,0.8190181321966171,0.8336344479599745,0.846143007587747,0.8591358955113271,0.8691927413447715,0.8769995984866232,0.8836805314475109,0.8922410469005989,0.9022578688331351,0.9116356216317065,0.9217361463796553,0.9333396070401285
rsi_14 >= rsi_30_sft_3,-0.037328247,98878,46735,52143,11.12,-8446.374055309323,-934.6155610109199,9c5304fe9d592b70a0c6b3286ed47e7bf2dda0b94ec7966217da111653dec0de,30,-0.02117212861776352,26.45,0.7834015987790205,0.7834015987790205,0.8586296818659747,0.9135300187217383,0.9596894882110275,0.9888751933217346,1.0203927222566058,1.0472764017548084,1.0696579059174978,1.07749549683513,1.0972385529576056,1.1083511472163923,1.1124260811935043,1.1252488999397567,1.1326220925113604
willr_5 >= -5,-0.037331287,98878,10906,87972,8.92,-1726.8240186636685,-222.99777034074214,69dfb876a37c1daf9322a675d7db45858b16e638e7217cc78e1177c12ffb23dc,30,-0.01744644157588482,25.23,0.787292715507915,0.787292715507915,0.8923577980730981,0.960429497003949,1.0353138450582775,1.0723106060547798,1.1279399687755067,1.1691143646168398,1.2301494941449813,1.2601173530308853,1.2642438577692259,1.262895539677776,1.2589629701536849,1.3008546943470969,1.3404788152589817
atr_20 <= atr_20_sft_2,-0.037455585,98878,63397,35481,11.49,-11708.654871761177,-1367.4264304912867,6c56a6e37fe7066fac040219b9e7cfe2398571a456467cde7a8327153ebc94da,30,-0.023401247337460518,26.66,0.7617821605689038,0.7617821605689038,0.8051103859649136,0.8376278016718867,0.8604885135589113,0.8860475427932623,0.9051759752599791,0.92276082591402,0.9408805121817067,0.9583632107036166,0.97276152076433,0.9881842232981162,1.0022153482148326,1.0130387055193129,1.024374218071253
adx_20 >= adx_30_sft_3,-0.037535787,98878,73257,25621,11.69,-8840.688483453087,-1271.1817262822005,fd7b69234972b511c2e03a174ce4b77d38140d5e70cabc298bd88fa9bb05adbf,30,-0.016518011689186096,27.01,0.8429103432802203,0.8429103432802203,0.9065798068019348,0.9480439437938563,0.9777196321574556,1.001804743821817,1.0219192109317792,1.0400595823940475,1.0541427072297167,1.069689294685232,1.0863027188736147,1.1045455201392003,1.123433632442589,1.1382207737172474,1.1543609693615997
minus_di_30 >= 16,-0.037581224,98878,81162,17716,11.84,-12115.205180473138,-1701.8731852078126,a06e18f5f366aa3040f30d3f53c74e6c3d30e6b8f15e9282eabbaa7fe9dd85a0,30,0.022643212229013443,27.92,0.805413483340267,0.805413483340267,0.8594306065498969,0.9008615936572237,0.9309831061724083,0.9615208246239338,0.9916981634113179,1.0211741102476224,1.0502011691638031,1.0762100822306122,1.0959520480758154,1.1120024389283147,1.1263766865397096,1.1380392977869216,1.1510732329512288
adx_30 <= 12,-0.03769238,98878,19870,79008,9.94,-2804.38875289679,-351.80305102655984,3c92cb65188a6807549ad02f373e5063a01a53cbce3d2b8fe4af860199995f57,30,-0.0066913701593875885,26.85,0.7846731861887106,0.7846731861887106,0.8520144676798656,0.9035751766105881,0.9447681378088781,0.9784415658281972,0.9973606781329057,1.0226640197922252,1.046065970320461,1.0517928682899258,1.0575711181385536,1.0659914366633039,1.0762159332703263,1.0847675519879956,1.0923391928324835
sma_100 >= Low_sft_2,-0.037786793,98878,54483,44395,11.29,-10858.61499049091,-1289.4680259358647,7e47ad2f5aad8309cb5e81c51f9a75f0ebc795f902c6c62c65c20c0b4901b7f7,30,-0.03152335062623024,26.18,0.7430685867284427,0.7430685867284427,0.7779413928766454,0.7961375997085423,0.8120253648686424,0.823679989124755,0.8326777081537786,0.8377270418880427,0.8419495114207921,0.8470722897495992,0.8536135459493434,0.8598334647271498,0.8605410190514754,0.8602408777700156,0.8622894144755014
adx_5 >= adx_20_sft_3,-0.03779483,98878,85550,13328,11.93,-10712.492857086534,-1627.7324663659601,fd7b69234972b511c2e03a174ce4b77d38140d5e70cabc298bd88fa9bb05adbf,30,-0.009565874934196472,27.28,0.8410755588414512,0.8410755588414512,0.8976230558396098,0.9394017664770921,0.9733824388636632,0.9915438246726963,1.0104214874315587,1.0265336910655358,1.0440155637823672,1.061010503269464,1.078976299022195,1.0940694178254817,1.1072534147723037,1.1165492827997028,1.1260512163732268
bb_upper_2_10 >= Low_sft_1,-0.037801888,98878,98705,173,12.37,-12587.348464850791,-1909.6535000317817,751c4f308f1f823126a4edaf28cd7100c4916f221615f1ed76bbcc91391c46f9,30,-0.02631271444261074,27.4,0.8463648674181331,0.8463648674181331,0.8995045046196939,0.9375154260963283,0.967693931393582,0.9930181246972039,1.014321725018967,1.0319177327708537,1.0482539410692402,1.064503119549215,1.0792083439019937,1.0933823872561033,1.1071033227702494,1.120092579529244,1.1325962780361825
minus_di_20 <= minus_di_30,-0.037854385,98878,52303,46575,11.24,-6143.251721000755,-920.0027458873228,6ead8d4aff114cb978d2a5e9b1dcb95b84dfa27fd6f0f40b385ac29b242b16ea,30,-0.028719136491417885,26.24,0.8518146086975662,0.8518146086975662,0.919444406275065,0.9661564148615228,1.0059915199791307,1.0356715833506103,1.0614977523367168,1.0763756861554428,1.0878388022935435,1.0916148904886076,1.1049944460504126,1.1151646331646994,1.1305116001279716,1.1455985210086033,1.1591300990990647
plus_di_14 >= 2,-0.0378642,98878,98400,478,12.33,-13410.175954320923,-1922.8892000077103,4f583626fd6f59b1b2e0825c720b1d1aad3858951a5b50964ea86a5c13485b5d,30,-0.01758379489183426,27.39,0.8356078815649834,0.8356078815649834,0.8910447423181392,0.9281582715538748,0.9563029193517242,0.9812175185888042,1.0036475301720058,1.023128267153847,1.0405934581603484,1.0577095623588118,1.0735899453921658,1.0881796455089126,1.1022339612643877,1.1149630158916821,1.127250809131619
rsi_10 >= 19,-0.037871078,98878,97925,953,12.3,-13152.754072807602,-1915.4313320743604,2aff2363e2a1ac18e5b09edc627fed21347731d4e6d91b606bf5ebf4ed170990,30,-0.021446073427796364,27.35,0.8383346405490224,0.8383346405490224,0.8922035674445017,0.9325939325748492,0.964020856472975,0.9888765276645032,1.0098763922421263,1.0283418479099176,1.0456389288035508,1.0619075394483015,1.0768599190164378,1.0911065743956434,1.1055583686356842,1.1187261176947563,1.1313375177818994
mema_200 >= Low_sft_1,-0.03789618,98878,49434,49444,11.17,-8768.497915043408,-1064.8169718233912,e7e0f1d344c8e3b4344908a65185f87340bab0bfe5216b7073401aaebfc88a19,26,-0.021778928115963936,25.37,0.7610072721926038,0.7610072721926038,0.7982069514197125,0.8144166575499718,0.8260131535954899,0.8377550766581757,0.8492089655735233,0.8540888750016977,0.86124154230066,0.8663138113045863,0.8763960933028583,0.8834771296910648,0.8843642271408935,0.8811301561038498,0.880120076437159
sma_100 >= High_sft_1,-0.037934955,98878,45526,53352,11.06,-8727.607960051653,-1033.6250443342287,2a2a894e2395475f18aac8b58b172590d4e9304b0f81f0d6018fc944d30d4b38,30,-0.026171894744038582,26.18,0.7450152301777638,0.7450152301777638,0.7784950023631545,0.795584719892837,0.8101802221948058,0.8205156810674632,0.8295553722482935,0.8347820721373032,0.8350384168162999,0.8367721145858253,0.8414117414012088,0.8427286136701748,0.8449763499726238,0.8418109933067702,0.8449819404678056
minus_di_20 <= minus_di_30_sft_3,-0.037937645,98878,54048,44830,11.28,-7965.115151884556,-1005.4857019248084,6ead8d4aff114cb978d2a5e9b1dcb95b84dfa27fd6f0f40b385ac29b242b16ea,30,-0.026106394827365875,26.38,0.8192164995062334,0.8192164995062334,0.8859738869173671,0.9305737613912287,0.9727879097493529,1.0055507204336973,1.0345507205291087,1.0559146887482587,1.0681046760158774,1.0743076054808998,1.0898471796465432,1.0950963328952084,1.105433602813339,1.1198893119521696,1.1297291161159726
sma_100 >= Close_sft_3,-0.03807045,98878,49980,48898,11.18,-10040.208106662685,-1175.0866711883791,9d05ebf4a4df1374ab70d34fd4bb0bb7068613b3ea4d9f34537ac27b7aeadf15,30,-0.031141074374318123,26.07,0.7392112402575675,0.7392112402575675,0.7754211184025588,0.7901559710940771,0.8028073603919482,0.815946989827615,0.8247858474347677,0.8289619189179551,0.8347168529275565,0.8390962840144272,0.8447178886749559,0.8472150745174291,0.8464909000047132,0.8462945006020612,0.8472428677190661
minus_di_30 >= 12,-0.03823369,98878,92618,6260,12.09,-12563.807022232784,-1833.6835944856575,a06e18f5f366aa3040f30d3f53c74e6c3d30e6b8f15e9282eabbaa7fe9dd85a0,30,0.017687814310193062,27.65,0.8279484019156022,0.8279484019156022,0.8860810573866341,0.9281386525937361,0.9587083384039895,0.9899318505856334,1.0180574897678412,1.0434914692727462,1.0625202948403611,1.0787680518082083,1.0909207258199038,1.1027123100293936,1.115938808448685,1.1255293586550277,1.139091891418384
stdev_5 <= stdev_20_sft_2,-0.038249597,98878,86968,11910,11.95,-12996.681012723526,-1713.1788294209255,76cc05d7e847d59489f80a379ae9909f097acc0055c98dd465d85c99099ff3c8,30,-0.019657282158732414,27.12,0.8139859136764978,0.8139859136764978,0.8712116652268493,0.9054221347082066,0.9329897642137897,0.9613150608352223,0.9874932235807685,1.0063417805804928,1.0249246829467908,1.0449649794826714,1.0626692964351394,1.0809744650171917,1.0967687617252055,1.1075983860726022,1.117323956318821
aarou_5 >= aarou_30_sft_1,-0.03845658,98878,54458,44420,11.27,-9427.509187183678,-1167.8226233674068,0f031b3780e6467809600593d6806420193325d9573f332c17b627db66a26893,30,-0.016264306381344795,26.79,0.7850521795875827,0.7850521795875827,0.8402443607201815,0.8791059367406098,0.9253538562397453,0.9624569127345336,0.991725250522332,1.01569865261988,1.0386681416801724,1.0564264503066982,1.070300545904211,1.0871990080029965,1.1034438622981841,1.110230306225939,1.1235126838751222
rsi_14 >= rsi_30_sft_1,-0.03849074,98878,46702,52176,11.08,-8320.049741116025,-922.6255958168913,9c5304fe9d592b70a0c6b3286ed47e7bf2dda0b94ec7966217da111653dec0de,30,-0.017629295587539673,26.61,0.7863140757023265,0.7863140757023265,0.8557588621114083,0.9079545711975122,0.9499566011845431,0.9841955905594293,1.0144182958731611,1.039639778347944,1.0597862466505323,1.0630466823499554,1.0768678794666804,1.091384713429061,1.0995157360727776,1.1139170513616703,1.1273020763080117
rsi_14 >= rsi_30_sft_2,-0.03849608,98878,46727,52151,11.08,-8390.705909877339,-938.4331446709402,9c5304fe9d592b70a0c6b3286ed47e7bf2dda0b94ec7966217da111653dec0de,30,-0.01898440532386303,26.55,0.7850632270099587,0.7850632270099587,0.8575459515576871,0.9093369950738367,0.9538370730198444,0.9882631466544401,1.019639099142582,1.047761166008928,1.0699947585047733,1.0759547054778487,1.087969044851598,1.1036214504856945,1.1083799126340952,1.1227372632425503,1.13373192935402
bb_upper_2_20 >= Close_sft_2,-0.038544968,98878,96766,2112,12.23,-13661.62262787075,-1905.4821651690872,c0747f5e7ce163e3c1dabc2ee26f6f6da1485e96e9d6c50c701fe20834f02f93,30,-0.015889348462224007,27.34,0.8282943654377748,0.8282943654377748,0.8822962217691884,0.9190208869564958,0.9493281316663714,0.9745304710206905,0.9989353253147056,1.0186196355319608,1.0367726912340818,1.0553081458194546,1.0714011006599682,1.0865778808114508,1.1000397611383066,1.1114674299341436,1.124637910289374
adx_20 <= adx_5_sft_1,-0.038565625,98878,87380,11498,11.96,-11439.803505898806,-1693.9180374992138,234f8ad1c2baf91b95c9f1aef2798b533888ce55558d2a8e51c247014080fabc,30,-0.009076555259525776,27.3,0.8348587890512066,0.8348587890512066,0.8918658471889519,0.9345401986653721,0.9619949650381635,0.985574019072047,1.007399894145322,1.028707621186663,1.0480390128543156,1.0668680610465449,1.0838708328823792,1.0975534038275174,1.1114145231670238,1.122976248099507,1.1325878942173597
adx_20 <= adx_14_sft_1,-0.038599927,98878,80982,17896,11.82,-10873.45499042064,-1525.2346137563509,234f8ad1c2baf91b95c9f1aef2798b533888ce55558d2a8e51c247014080fabc,30,-0.016450295224785805,27.1,0.8287989147522593,0.8287989147522593,0.8874545899684585,0.9242742875623531,0.9552980384965606,0.9792469422269094,1.002149707185974,1.0216023010326754,1.0412260004302405,1.060781592859104,1.0770314063243507,1.0928464225746557,1.1091045640819432,1.122497906767602,1.1322856945626796
plus_di_30 <= 18,-0.03862258,98878,22292,76586,10.06,-4177.041034903623,-532.5546458906902,14a9c3710fc1b17e882c866201c8dfd17bc6a0c5cee2921d8c0a77ac8ad2afa3,30,-0.04241369664669037,23.94,0.7268256867587368,0.7268256867587368,0.7598477711120014,0.774958782179574,0.7741725589919369,0.7809318755805528,0.7858544331887943,0.7912472205894899,0.7957258956887233,0.7984202965618689,0.8047367455615997,0.8130865906829325,0.8215515979057405,0.8268835613375849,0.831100932780264
plus_di_30 >= 7,-0.038675,98878,97528,1350,12.27,-13816.039927063266,-1910.6672252455537,4f583626fd6f59b1b2e0825c720b1d1aad3858951a5b50964ea86a5c13485b5d,30,-0.006736574228852987,27.41,0.8277783822396753,0.8277783822396753,0.8827828864982401,0.9222131897717102,0.952884595802568,0.9797731464630534,1.0040631752472278,1.0242106132968698,1.042156017028475,1.0590114842615757,1.0739739834198714,1.0878592873838608,1.101711226745085,1.1134461857462041,1.1251511722812633
adx_14 >= adx_30_sft_3,-0.03870254,98878,76659,22219,11.73,-9298.047176407272,-1361.9411835888677,fd7b69234972b511c2e03a174ce4b77d38140d5e70cabc298bd88fa9bb05adbf,30,-0.015095686540007591,27.08,0.8429030422501983,0.8429030422501983,0.9050503861340892,0.9479477327885231,0.9821914744854803,1.0060122944591272,1.0232115919120115,1.0392108413097698,1.0525982238745233,1.0655013125834076,1.0789769406885676,1.0950659602156645,1.1114142797814826,1.1254923486660928,1.1392316545746073
willr_5 >= -4,-0.03872158,98878,10278,88600,8.67,-1570.8647315911367,-204.51825632928376,69dfb876a37c1daf9322a675d7db45858b16e638e7217cc78e1177c12ffb23dc,30,-0.018327008932828903,25.04,0.7891279122450446,0.7891279122450446,0.8973675672486489,0.9563432687528467,1.0328911526918905,1.0677610856942295,1.1285312781184693,1.182340577538976,1.2421711012639565,1.2767173839483426,1.2802000766214645,1.283798883269742,1.2868460899052883,1.327976919953748,1.3732571886170466
atr_20 <= atr_20_sft_3,-0.03874459,98878,63195,35683,11.46,-11590.397528876452,-1330.5735566838848,6c56a6e37fe7066fac040219b9e7cfe2398571a456467cde7a8327153ebc94da,30,-0.020472832024097443,26.76,0.7618569370322327,0.7618569370322327,0.8092754488123728,0.8429453145760597,0.8654384102009635,0.888731144004861,0.9074150311452234,0.9289782949665609,0.9495485463153319,0.9691058659793294,0.9859920603918729,0.9989018829394013,1.0125597021212707,1.024187193265728,1.0336874635849513
adx_14 <= 21,-0.038765777,98878,36163,62715,10.73,-6618.7319478414065,-758.8509887341861,3c92cb65188a6807549ad02f373e5063a01a53cbce3d2b8fe4af860199995f57,30,-0.006395501084625721,27.07,0.7548943712423414,0.7548943712423414,0.8115091314648861,0.8638808039922947,0.9013987044070275,0.9403273210764967,0.9728192195855205,0.9995152344524091,1.024811611481492,1.0468864034390242,1.063914158910729,1.071725242116324,1.0745770619040111,1.0829256791259656,1.0897412434770486
sma_100 >= Close_sft_2,-0.038770042,98878,49935,48943,11.15,-9688.921506133134,-1162.5610207302088,9d05ebf4a4df1374ab70d34fd4bb0bb7068613b3ea4d9f34537ac27b7aeadf15,26,-0.03142034262418747,24.95,0.7465282640864892,0.7465282640864892,0.7785452959328756,0.7942391418805409,0.8063803386742989,0.8171641010323835,0.8274036432799299,0.830602765448836,0.831862838543183,0.8365785523782705,0.8429601698240775,0.8480458120250903,0.848341590284885,0.8459037567689275,0.8477478191238361
mema_200 >= Open,-0.038805913,98878,46379,52499,11.06,-8320.147111241007,-992.6169153160081,e056f67ffdc4fcdd46304a8987eda83c67de4a08c6d89f02fc25cc7938d2eaf8,26,-0.021120887249708176,25.33,0.7566115447458529,0.7566115447458529,0.7934475095908373,0.8103505196587188,0.8212248032930626,0.8330874888249727,0.8403813221679818,0.8460720388604193,0.8519284676162484,0.8565797022295731,0.8638041219839656,0.8660450937280646,0.8687544157858653,0.8667632710876505,0.8671474278620139
atr_20 >= atr_5_sft_2,-0.03882554,98878,63158,35720,11.46,-11432.111169095388,-1350.878810902912,532171b4b026df3b7d23c8264137467a8cc80a53ca41565a8c760a4fc7c55907,30,-0.01980036310851574,26.78,0.7653742330988011,0.7653742330988011,0.8168025439653179,0.8489937252898699,0.8781255324533846,0.901605493358646,0.9255733039391663,0.9485364329031623,0.9677751112632323,0.9870803213445888,1.0021151821869814,1.0150002887170175,1.0263827522101445,1.0384713418280727,1.0497052248249217
sma_100 >= High_sft_3,-0.038854513,98878,45420,53458,11.03,-9114.114503233577,-1056.0487777703456,2a2a894e2395475f18aac8b58b172590d4e9304b0f81f0d6018fc944d30d4b38,30,-0.02544465847313404,26.21,0.7363303563489823,0.7363303563489823,0.7745825069440027,0.7948746758402054,0.8088516418617604,0.8196726190372537,0.8295887471165942,0.8344512603657899,0.8373356080931977,0.8405059336479468,0.8437510338275843,0.8462814380138042,0.8460487107025743,0.8490445366014919,0.850389991836523
willr_5 >= 0,-0.03887624,98878,7193,91685,7.84,-926.7010605419055,-138.01526727109012,626469ba46e82766ce5b3089ecf6b9c8cc864cc725a917d504c11f3428566108,30,-0.015455536544322968,24.98,0.8038107464586072,0.8038107464586072,0.925548871898949,0.977810115252494,1.0577774710566834,1.1250841994733884,1.193089689665387,1.255664009436035,1.3162360201586625,1.3572297970177885,1.3794250418070537,1.4038866176478555,1.4223337085135586,1.4537612441380916,1.4920847123149326
sma_100 >= High_sft_2,-0.038886014,98878,45481,53397,11.03,-9287.642197116249,-1062.5160258584292,2a2a894e2395475f18aac8b58b172590d4e9304b0f81f0d6018fc944d30d4b38,30,-0.02565770037472248,26.2,0.7318616188429974,0.7318616188429974,0.7719763325796558,0.7907517318449409,0.805050274093595,0.8170700835042437,0.8265911975427885,0.8320944570171348,0.8329808829013025,0.8366778666699016,0.8397969257517102,0.8419490721468693,0.8423819525772959,0.8416188275092927,0.845670111181661
minus_di_30 >= 9,-0.03888841,98878,96369,2509,12.21,-13087.36287054791,-1867.391285890386,a06e18f5f366aa3040f30d3f53c74e6c3d30e6b8f15e9282eabbaa7fe9dd85a0,30,0.0052737342193722725,27.48,0.8312975700248202,0.8312975700248202,0.8876077244710241,0.9281166303084769,0.9617042561020618,0.9902263808118513,1.0172975321766742,1.0384510711534212,1.0552673847258098,1.070569055735913,1.0829749547917922,1.0957752999177084,1.110095205487379,1.1225874353993797,1.1358796185008089
stdev_14 <= stdev_30_sft_1,-0.038904097,98878,79037,19841,11.78,-12543.614674139553,-1560.6192886193821,76cc05d7e847d59489f80a379ae9909f097acc0055c98dd465d85c99099ff3c8,30,-0.01803239993751049,27.04,0.7995310285990509,0.7995310285990509,0.8527465554212618,0.890275863974158,0.9177366491623914,0.9470528569007342,0.9734963295314638,0.9963877927590854,1.0200613530922953,1.043168562782475,1.0605662016888806,1.0727001154159188,1.087207481189671,1.098954404522341,1.1119594910613837
rsi_20 >= rsi_30_sft_1,-0.039078426,98878,46658,52220,11.05,-8800.668832025425,-951.8414175859725,9c5304fe9d592b70a0c6b3286ed47e7bf2dda0b94ec7966217da111653dec0de,30,-0.017127374187111855,26.64,0.7741251352083754,0.7741251352083754,0.846038678478971,0.9007246685102215,0.9417748884548532,0.9827922188349785,1.0134240129508547,1.0410790789646616,1.060659759714118,1.068950047446728,1.08416600256025,1.0951743059431023,1.1019842216311255,1.1136186586730197,1.129054285158837
sma_100 >= Low_sft_3,-0.0391388,98878,54586,44292,11.26,-11094.224982514585,-1286.3525829235878,7e47ad2f5aad8309cb5e81c51f9a75f0ebc795f902c6c62c65c20c0b4901b7f7,30,-0.03181582689285278,26.17,0.7390039348245501,0.7390039348245501,0.7776528031934966,0.7961095373170142,0.8110259432266606,0.8236359082136027,0.8327472844713926,0.8370427525873566,0.8452914408048657,0.8505596599917342,0.8580856001375164,0.8623706798208222,0.8619450370303843,0.8639625793919524,0.8656003281887523
bb_lower_2_30 <= Open,-0.039141633,98878,94495,4383,12.14,-13579.613529408376,-1830.0303260880755,dec0a2c63be1b9a8344a1dee401632076d069374da67e8df2fec8fe6da97fafd,30,-0.024124866351485252,27.21,0.8250051081821773,0.8250051081821773,0.8797084732029229,0.9187397148222929,0.9514288158970169,0.9787973586333718,1.0029488687824222,1.0239095002851297,1.0427628698420517,1.0610423821969623,1.0759399117559303,1.0884765683850515,1.1022329353729723,1.114271741850669,1.12586346830069
minus_di_20 <= minus_di_30_sft_1,-0.039148144,98878,54635,44243,11.26,-7442.851838759247,-996.7303013919955,6ead8d4aff114cb978d2a5e9b1dcb95b84dfa27fd6f0f40b385ac29b242b16ea,30,-0.02778295986354351,26.33,0.8309291327629119,0.8309291327629119,0.8992879305409667,0.9487946246471476,0.9882667627572774,1.0193605575283786,1.0500344318462589,1.0737562957792415,1.0909133911790103,1.0952321800935825,1.106588515560747,1.1128474169799891,1.1218183234575796,1.131393177694473,1.1453570372002333
mema_200 >= Close_sft_1,-0.039149147,98878,46327,52551,11.04,-8299.899265526474,-993.0639123432265,1e15dac9f18b8bc737934702402ffb02b545ee7fbda8772d4c0156705e9d2a44,26,-0.021320683881640434,25.32,0.7568872785129706,0.7568872785129706,0.7925710567359727,0.8116743768698322,0.8225411620061789,0.8317822350337181,0.8386171047436551,0.8455676746643085,0.8513391138646275,0.8567621169560816,0.8637216067102502,0.866973924316908,0.8690893363160481,0.866560567465043,0.8661328298813993
adx_20 <= 15,-0.039262436,98878,22376,76502,10.02,-3691.5046053699625,-436.16674606654124,3c92cb65188a6807549ad02f373e5063a01a53cbce3d2b8fe4af860199995f57,30,-0.009482834488153458,26.66,0.7620453203005556,0.7620453203005556,0.821150049740348,0.8673840191306538,0.9120156389694273,0.9472752119681247,0.9704719076214161,0.999269101881599,1.017287410502755,1.0334719778406036,1.0427832482047037,1.062848926603127,1.070192284998385,1.0749601485276916,1.083055632337825
atr_5 <= atr_14_sft_3,-0.039273772,98878,62548,36330,11.43,-11346.835147250426,-1316.0469036124268,6c56a6e37fe7066fac040219b9e7cfe2398571a456467cde7a8327153ebc94da,30,-0.025820882990956306,26.57,0.7620870547539337,0.7620870547539337,0.8052173685730849,0.8390172200678362,0.8654030400807795,0.8859672552102629,0.9051921983411783,0.9236184054886988,0.9441958574330463,0.9663701453808503,0.9850925429469236,0.9994406109238925,1.008670513489073,1.0205892063412105,1.03066590654136
bb_upper_2_20 >= High_sft_2,-0.039326187,98878,91584,7294,12.05,-13434.787645597014,-1846.643194857439,73a2f8f858c13ed47c80370d7df3c9045bc14eb7544028acac21bb9dbc89635d,30,-0.006517280824482441,27.36,0.8191609051637757,0.8191609051637757,0.8767254228027908,0.9134156838582584,0.9454539261716493,0.9712334716024099,0.994611857392982,1.0152659547271383,1.0350695165625476,1.052302554425136,1.0714568177794856,1.088478822517318,1.1023858024449014,1.114535873486011,1.1290967224966306
mema_200 >= Low_sft_2,-0.039381,98878,49484,49394,11.12,-9049.468438487238,-1081.9534146217848,e7e0f1d344c8e3b4344908a65185f87340bab0bfe5216b7073401aaebfc88a19,26,-0.022980552166700363,25.31,0.7546800348497161,0.7546800348497161,0.7911626429271031,0.8062861163148137,0.822686707829575,0.835231356671097,0.8456170723514522,0.8529876618740926,0.8622906156601642,0.8689672312070557,0.8794328198228889,0.8849845728523402,0.8851968011851319,0.8848238317283397,0.8836908301336157
bb_upper_2_20 <= bb_upper_2_30_sft_1,-0.03938135,98878,60938,37940,11.39,-10605.360588924621,-1282.2089086570995,3aa49a56ba366f74cacb6b40add631875fca9bf88d1abae08516bfe7d1357af1,30,-0.00947931781411171,27.11,0.7742085336109492,0.7742085336109492,0.8267058888995205,0.861904439440485,0.890859194556641,0.9239780248616091,0.9476891066271423,0.971696364086326,0.9943826741114082,1.0190590447817072,1.0388646158149264,1.0581129280510686,1.0732979095461739,1.0811352182477674,1.086389251676945
mema_50 <= mema_100,-0.03944382,98878,49613,49265,11.12,-9934.919543887576,-1124.4211272377142,97648559323ce4c42a3819223f880d09c20183d31e746db94faac95e3098a1b9,22,-0.035709280520677567,23.41,0.7411376491270709,0.7411376491270709,0.769797573991569,0.7804304179926622,0.7907756684431039,0.7993342460929681,0.8074010657744888,0.8105943317672389,0.8105851700805904,0.8097309852252842,0.8112556585579803,0.8109880765957532,0.8084020830686912,0.8045251277660793,0.8020729366633869
atr_20 >= atr_14_sft_1,-0.039447866,98878,61229,37649,11.4,-10655.210514754788,-1318.1349039299894,532171b4b026df3b7d23c8264137467a8cc80a53ca41565a8c760a4fc7c55907,30,-0.005939667113125324,27.24,0.7747018853300494,0.7747018853300494,0.82729951047141,0.8615446196623896,0.890998192908949,0.9200404539507769,0.943578911823526,0.964521165054812,0.9843652915456932,1.001467269201544,1.017678195352146,1.0309446073833988,1.038668355078156,1.0472273968213424,1.0563454060155675
adx_20 >= adx_30_sft_2,-0.03946715,98878,74614,24264,11.68,-9093.683552158785,-1302.135064315611,fd7b69234972b511c2e03a174ce4b77d38140d5e70cabc298bd88fa9bb05adbf,30,-0.01562970131635666,27.05,0.8413399082838133,0.8413399082838133,0.9036387939524073,0.9454004541885769,0.9741295628926725,0.9978178432728741,1.0192877258699602,1.03561798083545,1.0493239241538115,1.064289364069094,1.080389495515512,1.0989718824531998,1.1176737057035462,1.1336970748868147,1.1491117445812715
bb_upper_2_10 <= bb_upper_2_30_sft_1,-0.039481014,98878,72226,26652,11.63,-12263.543323045338,-1532.6774977406967,3aa49a56ba366f74cacb6b40add631875fca9bf88d1abae08516bfe7d1357af1,30,-0.019275175407528877,26.92,0.7810054390203232,0.7810054390203232,0.8254599185355588,0.8539873216831231,0.8787276275179022,0.9070426504066195,0.9298772591236867,0.9478268714704026,0.9697833571385347,0.9928054957296493,1.0111807558156893,1.0264564665586384,1.0373000007060411,1.0475072517048472,1.057096393204442
rsi_20 >= rsi_30_sft_2,-0.039506182,98878,46682,52196,11.04,-8632.41084619343,-943.0246621267797,9c5304fe9d592b70a0c6b3286ed47e7bf2dda0b94ec7966217da111653dec0de,30,-0.01992281712591648,26.5,0.7785487157725047,0.7785487157725047,0.8506869588258742,0.8996411275632777,0.9454240047412292,0.9887560927671549,1.0197808110933573,1.049471045739532,1.075814368004173,1.0830423970930976,1.0945551124737694,1.1087199850347231,1.1141841404639805,1.1287935695858227,1.1442994588575506
sma_10 <= sma_100,-0.039543483,98878,49779,49099,11.12,-9845.998505511394,-1151.0380966669327,9620e21a74658492f7af120824bf7d2062ca3a47b721c940ad3cc1d3bc8eb349,26,-0.03192172572016716,24.93,0.742746858801022,0.742746858801022,0.775876433604509,0.7947563780629824,0.8109425460300062,0.8235301104437065,0.8317448668281456,0.8354570999138514,0.8397150300379008,0.8438899033802224,0.8478552977887363,0.8503258508943199,0.8511351799285332,0.8498508587531765,0.8504481740249696
minus_di_30 >= 13,-0.039554216,98878,90685,8193,12.03,-12509.834818017192,-1830.4804863962272,a06e18f5f366aa3040f30d3f53c74e6c3d30e6b8f15e9282eabbaa7fe9dd85a0,30,0.016900189220905304,27.67,0.8239164483204752,0.8239164483204752,0.8806181824417414,0.9212783241440446,0.95189940530007,0.9846836675943867,1.0128026690875493,1.039009466354376,1.0601373343846678,1.0779434866017399,1.0909724316085005,1.102678300269381,1.115802655901644,1.126623611480728,1.1381782936085714
adx_14 >= adx_30_sft_2,-0.039588105,98878,77434,21444,11.73,-9507.322507917328,-1377.960667700674,fd7b69234972b511c2e03a174ce4b77d38140d5e70cabc298bd88fa9bb05adbf,30,-0.01598723605275154,27.07,0.8410538230384448,0.8410538230384448,0.9011231362352983,0.944348320381411,0.9790690062634462,1.0029299157060314,1.0202539761395517,1.0352172336955439,1.0495554964326304,1.062833270026864,1.0757256351824156,1.0920921943616575,1.1086902604222988,1.122385847014019,1.1360539987108744
bb_lower_2_10 <= High_sft_1,-0.03959369,98878,98731,147,12.37,-12581.725251481392,-1911.4763999726129,e84f252c26995db7df12768a4990f8415811b541a46cbafc6ab6c3a314082e30,30,-0.029797516763210297,27.39,0.8464769473208625,0.8464769473208625,0.8995748621610357,0.9374622486074481,0.9677323537125353,0.9931117621750252,1.0142265592732411,1.0318982700531856,1.0482824527814916,1.0644183144184736,1.0793256527199009,1.0934052369537555,1.1072486219929158,1.1202518364272733,1.132801939436761
sma_50 <= sma_100,-0.039604906,98878,49610,49268,11.12,-9267.291446905772,-1074.2384219275118,9620e21a74658492f7af120824bf7d2062ca3a47b721c940ad3cc1d3bc8eb349,16,-0.03324032947421074,21.09,0.7581626241983498,0.7581626241983498,0.7987600570970341,0.818428725879544,0.8326886862150435,0.8437800216388406,0.8532166113612705,0.856113552914587,0.8555656643920321,0.8543026615553128,0.8545303487133048,0.8544179608162803,0.8528821283227838,0.8498891755511492,0.8467742134558768
rsi_10 >= 14,-0.039619427,98878,98481,397,12.34,-12886.122986379884,-1910.0559419811325,2aff2363e2a1ac18e5b09edc627fed21347731d4e6d91b606bf5ebf4ed170990,30,-0.015068290755152702,27.4,0.8422155283739737,0.8422155283739737,0.8964741354259651,0.9354035598611736,0.9658476844465828,0.9902193630980468,1.0113430839458548,1.0304019556190127,1.0468028785121954,1.0630552880016186,1.0782270834395704,1.0926004180513482,1.1069040612232925,1.1199652788599521,1.1324783228131878
mema_200 >= High,-0.039631333,98878,43390,55488,10.94,-7251.497183175351,-891.2194365739706,b49daa998de516ee8744d85f0961964bee1fbf801ca0904e585341376b8b86ae,26,-0.01921141892671585,25.37,0.7673224477041256,0.7673224477041256,0.7975313918100817,0.816865013297982,0.8270732220157698,0.8379723838436136,0.8447353740930716,0.8487829625613337,0.8542311963388678,0.8604065634171971,0.8696991982959609,0.8731121035562975,0.8764036947648032,0.8743726720468605,0.8740026159033458
mema_200 >= Close_sft_2,-0.03967189,98878,46323,52555,11.02,-8365.641311973086,-1006.337102800986,1e15dac9f18b8bc737934702402ffb02b545ee7fbda8772d4c0156705e9d2a44,26,-0.021226288750767708,25.33,0.7554050101861829,0.7554050101861829,0.7887063978991125,0.8066682689154596,0.8191233478360898,0.8299047085937955,0.837483417114868,0.8446457850880812,0.8515651529099886,0.8578610302964157,0.8632718727018335,0.8664821571286152,0.8675148312580958,0.8647062341935228,0.8672331864211763
mema_5 <= mema_200,-0.039689228,98878,46228,52650,11.02,-7906.944154116792,-959.763234594473,97648559323ce4c42a3819223f880d09c20183d31e746db94faac95e3098a1b9,26,-0.0216427780687809,25.31,0.765211658738468,0.765211658738468,0.8026806549832977,0.821170467844431,0.8300599851470869,0.8361206305035433,0.8447158374466429,0.8512069961619549,0.8563029023375098,0.8589883668181028,0.8645330586179282,0.8677430497624482,0.8712877890270888,0.8697635800688676,0.8692298659017514
adx_14 <= 22,-0.03971394,98878,40068,58810,10.83,-7270.249621991585,-850.8992931967659,3c92cb65188a6807549ad02f373e5063a01a53cbce3d2b8fe4af860199995f57,30,-0.005892238579690456,27.13,0.7589412216903764,0.7589412216903764,0.8202230082732321,0.865576452448632,0.9044254290838034,0.9426765310696211,0.975073514469069,0.9996360424139692,1.0245508792495062,1.0478918246946103,1.065163532925874,1.074477498169414,1.0810843601041233,1.0870516673886752,1.094200023493717
willr_5 >= -2,-0.039714664,98878,9169,89709,8.32,-1244.1636962387129,-182.87022403596347,69dfb876a37c1daf9322a675d7db45858b16e638e7217cc78e1177c12ffb23dc,30,-0.01823916845023632,24.9,0.8005303527007172,0.8005303527007172,0.9055178606718502,0.9686223765968874,1.053153554088113,1.102957343917318,1.1583605429184594,1.2124898116872205,1.2891598417681058,1.3227283315833451,1.340355215078768,1.3475958143854103,1.36120691351109,1.396514986763392,1.43812378314416
bb_upper_2_20 >= Close,-0.039722357,98878,92488,6390,12.07,-13076.299196080628,-1824.8187289177586,c0747f5e7ce163e3c1dabc2ee26f6f6da1485e96e9d6c50c701fe20834f02f93,30,-0.01753917895257473,27.24,0.8225795543315819,0.8225795543315819,0.8715920342678289,0.9056116983236064,0.9312937138021108,0.9541287161375096,0.9755363848417905,0.9937325976526131,1.012939589087828,1.0331063110329681,1.0520703560701088,1.0665421166063653,1.0805636935387597,1.0898026177961642,1.0975542961048286
mema_20 <= mema_100,-0.03974585,98878,50071,48807,11.12,-9607.800702854729,-1133.6128282753634,97648559323ce4c42a3819223f880d09c20183d31e746db94faac95e3098a1b9,24,-0.034711264073848724,24.23,0.7496414708078325,0.7496414708078325,0.7772363046344746,0.7924029767879481,0.8070525467236304,0.8156178050563343,0.822661160446083,0.8256112943801605,0.8277230424282258,0.8291016530444646,0.8312533143770834,0.8315857238859422,0.8297993786368895,0.8256751115957164,0.823112901805306
bb_upper_2_10 >= Low_sft_2,-0.039789855,98878,98725,153,12.37,-12574.911387383461,-1909.0583999848313,751c4f308f1f823126a4edaf28cd7100c4916f221615f1ed76bbcc91391c46f9,30,-0.026529008522629738,27.4,0.8465355333290865,0.8465355333290865,0.8995952628364906,0.9374433258401705,0.9675959022244479,0.9927323430886932,1.0136589111640524,1.031564822547597,1.0477205749182725,1.0637960825911201,1.0786627728325149,1.0927421178040073,1.1066981015767758,1.1197444120859654,1.1322840914550503
bb_upper_2_10 <= bb_upper_2_30_sft_2,-0.03980157,98878,71306,27572,11.6,-12088.293826393583,-1519.1827098575304,3aa49a56ba366f74cacb6b40add631875fca9bf88d1abae08516bfe7d1357af1,30,-0.020159656181931496,26.89,0.7806649779137694,0.7806649779137694,0.8254655847775065,0.8504236689263878,0.8759430843912148,0.9036764626040893,0.9252269881073117,0.9444676595730366,0.9662771558647764,0.9903436156783744,1.0080012150102744,1.0229699206878204,1.0325710262083607,1.0405856806160096,1.048928056107039
bb_upper_2_10 <= bb_upper_2_30,-0.03983872,98878,73378,25500,11.64,-12501.723985637513,-1551.1349600691174,3aa49a56ba366f74cacb6b40add631875fca9bf88d1abae08516bfe7d1357af1,30,-0.020128898322582245,26.92,0.7807377876927588,0.7807377876927588,0.8260634367077433,0.8549909878617402,0.8824982161652392,0.9082415738612476,0.931623804016708,0.9504043169988746,0.9702522897776276,0.9930252700937353,1.0138453305387154,1.029007066506547,1.0408645273012784,1.0513702764784538,1.0615124763622386
stdev_10 <= stdev_30,-0.039899647,98878,86001,12877,11.91,-12574.229362321177,-1654.4498895187062,76cc05d7e847d59489f80a379ae9909f097acc0055c98dd465d85c99099ff3c8,30,-0.021745288744568825,27.07,0.8165423697708935,0.8165423697708935,0.8701112838681282,0.9062512568206215,0.9372808247770921,0.963270959284399,0.9866875453324431,1.0102367403250716,1.0315532680087618,1.0537059816614927,1.0724898240663097,1.0860686974062155,1.1005795587555163,1.1127345244783975,1.125004512655453
adx_5 >= 10,-0.039921712,98878,98729,149,12.37,-12531.10306221199,-1908.5639999862105,4118d96628e9d7109ca1b25b71d8f7665de5864ad974c7631ea4a76d380fc96f,30,-0.03219784051179886,27.39,0.8469925360186448,0.8469925360186448,0.900034911775274,0.9378738267550779,0.9681740187821192,0.9937414437733928,1.014778440994968,1.0324691744093453,1.0487631095084058,1.064837397419419,1.0796602004286013,1.093728992726134,1.1075940992824522,1.1206170131651139,1.133175340558582
aarou_5 >= aarou_30_sft_2,-0.03993379,98878,54824,44054,11.24,-9361.062587698674,-1163.3847215329806,0f031b3780e6467809600593d6806420193325d9573f332c17b627db66a26893,30,-0.01734638772904873,26.75,0.7872087684195977,0.7872087684195977,0.8438140029023197,0.8833563171580173,0.9303807988021261,0.9694408811461527,0.9959225781266177,1.0205784664405686,1.0449082468662867,1.0624384579871604,1.0755934829102398,1.091864963862169,1.1068580738511926,1.1120240308005067,1.1246268069022185
plus_di_30 <= 13,-0.039962456,98878,5910,92968,7.19,-1133.6493572909385,-103.29763847114373,14a9c3710fc1b17e882c866201c8dfd17bc6a0c5cee2921d8c0a77ac8ad2afa3,22,-0.04706462472677231,16.87,0.6758065371904555,0.6758065371904555,0.7005288085865852,0.7211650700132192,0.72248279327797,0.7242420599717635,0.718175794656868,0.7156064214341133,0.7045757893404857,0.7128767340500676,0.725296846111093,0.7235710350295432,0.7163706310136738,0.7230504012919381,0.7164160614224276
bb_upper_2_20 <= bb_upper_2_30,-0.040046673,98878,62009,36869,11.4,-10799.736612155724,-1298.5444908838617,3aa49a56ba366f74cacb6b40add631875fca9bf88d1abae08516bfe7d1357af1,30,-0.00920149777084589,27.13,0.775236514439177,0.775236514439177,0.8251369960713568,0.8659567164963193,0.9012904754403386,0.9349651907781146,0.9589042788044823,0.9788352901340814,1.0014531001405358,1.0202570701646247,1.0391052114961588,1.055883699406002,1.0725624810049954,1.0811661822832144,1.087341738354788
adx_14 <= 24,-0.040075187,98878,47356,51522,11.04,-8116.560669721912,-989.9727519985245,3c92cb65188a6807549ad02f373e5063a01a53cbce3d2b8fe4af860199995f57,30,-0.005572227761149406,27.19,0.7734859220753219,0.7734859220753219,0.8339912861328107,0.8769693566354834,0.9106302194397692,0.9446708357211288,0.9807427284161938,1.01223886560415,1.0376576495566838,1.0593696125931449,1.0722521038037016,1.0836277970558963,1.0925804949090814,1.1027315905613,1.1105210429881833
adx_20 <= 16,-0.04016107,98878,27013,71865,10.26,-4214.638888925569,-519.3606642089289,3c92cb65188a6807549ad02f373e5063a01a53cbce3d2b8fe4af860199995f57,30,-0.011581160128116608,26.6,0.7757215423871429,0.7757215423871429,0.8321240293872676,0.8809713805810742,0.9154059305867933,0.9474050195233021,0.9725124280951135,0.9973119863250777,1.0115061860116745,1.0189153335820362,1.0285197735435507,1.0320681191573324,1.0398903963819526,1.0461252537621921,1.0575018601983184
willr_5 >= -3,-0.04020581,98878,9732,89146,8.41,-1392.6965270679793,-193.8877050946394,69dfb876a37c1daf9322a675d7db45858b16e638e7217cc78e1177c12ffb23dc,30,-0.018939968198537827,24.89,0.796278057599131,0.796278057599131,0.9059052577324433,0.9705593302830622,1.0595430978269853,1.0959857525618364,1.1567856524298616,1.2153078382611484,1.2780226275510111,1.3106879296142915,1.3170937054282594,1.326869561119529,1.336825888639572,1.378198200384024,1.4209924040082569
bb_upper_2_20 <= bb_upper_2_30_sft_3,-0.040237512,98878,60424,38454,11.36,-10419.776865248768,-1263.2231842274196,3aa49a56ba366f74cacb6b40add631875fca9bf88d1abae08516bfe7d1357af1,30,-0.01010350976139307,27.09,0.7743538091157871,0.7743538091157871,0.8210796388169846,0.8535755684189982,0.8788300614617109,0.9123616745420308,0.9363240482841004,0.9609124959018797,0.9858605690737088,1.0134001036887135,1.0374495454105324,1.0603096228327324,1.0732494782549178,1.0790765829270768,1.0851288614889627
adx_14 >= adx_30_sft_1,-0.040245593,98878,78152,20726,11.73,-9674.463935007661,-1393.905312593699,fd7b69234972b511c2e03a174ce4b77d38140d5e70cabc298bd88fa9bb05adbf,30,-0.016524072736501694,27.07,0.8398366125676401,0.8398366125676401,0.8994815831020391,0.9418048441210961,0.9771576213482174,1.000870930522381,1.018711711907213,1.0328373791058236,1.0472968830420728,1.0602732767267289,1.0741935166196461,1.0903406836728555,1.1059226542587808,1.1193042999020026,1.1324807272637856
plus_di_30 <= 16,-0.040261567,98878,13784,85094,9.12,-2485.9502215070884,-323.581229299547,14a9c3710fc1b17e882c866201c8dfd17bc6a0c5cee2921d8c0a77ac8ad2afa3,26,-0.04439200833439827,21.47,0.7244300938627735,0.7244300938627735,0.7556635518504211,0.7832925918990201,0.7985572154587735,0.8024591672158603,0.7996879500400359,0.8001734294187013,0.8076170916489712,0.8124647251717899,0.8135035648729452,0.8186067978151859,0.8212550528113699,0.8123918515364438,0.8080940854645952
stdev_5 <= stdev_20_sft_3,-0.040264,98878,86253,12625,11.91,-12885.975874925196,-1683.6376172413802,76cc05d7e847d59489f80a379ae9909f097acc0055c98dd465d85c99099ff3c8,30,-0.021668458357453346,27.08,0.8131314100924357,0.8131314100924357,0.8674403822396457,0.9025881816836778,0.9289690288425417,0.9565885508847878,0.9824178555239599,1.002917174463002,1.020964533959752,1.0424185143818352,1.0589374762580768,1.0761442658789173,1.0917022625897173,1.1017097434027583,1.1110901418224821
bb_upper_2_20 <= bb_upper_2_30_sft_2,-0.04032302,98878,60529,38349,11.36,-10551.919620841767,-1264.913156755334,3aa49a56ba366f74cacb6b40add631875fca9bf88d1abae08516bfe7d1357af1,30,-0.009123243391513824,27.12,0.7728985888852336,0.7728985888852336,0.8227141368335115,0.8543454170487305,0.8807433486456256,0.9146366812791428,0.9378532466375875,0.9627393078191265,0.987328185411204,1.0181380149191026,1.0395857486976638,1.0610658715548607,1.076596642431909,1.0811354401634272,1.0874669940546566
mema_10 <= mema_200,-0.04032398,98878,46182,52696,11.0,-8068.651657416856,-962.7680597191065,97648559323ce4c42a3819223f880d09c20183d31e746db94faac95e3098a1b9,26,-0.02283584326505661,25.25,0.7615761690238532,0.7615761690238532,0.7991770463154628,0.8133825163972249,0.8239191472801282,0.8313227810214241,0.839616532274871,0.8443482206943824,0.8484141641244994,0.8510353542304444,0.8562102138866526,0.8617720163910698,0.8644461454985015,0.8636067336842148,0.8640341713494525
willr_5 >= -1,-0.040342998,98878,8588,90290,8.1,-1138.9568736526999,-174.38097003577423,69dfb876a37c1daf9322a675d7db45858b16e638e7217cc78e1177c12ffb23dc,30,-0.01858772337436676,24.76,0.8032415477712626,0.8032415477712626,0.9150079878363662,0.9676300697497383,1.0493599323132332,1.1118021345818117,1.1729182092837172,1.233053218904372,1.3067663261817626,1.3458276802395452,1.3655337947193864,1.3758865828772855,1.3910959939849903,1.4222093032955807,1.4690749602490953
plus_di_30 <= 17,-0.040346198,98878,17694,81184,9.57,-3270.5612663245033,-418.4734286119856,14a9c3710fc1b17e882c866201c8dfd17bc6a0c5cee2921d8c0a77ac8ad2afa3,26,-0.045283135026693344,22.05,0.7244421269329391,0.7244421269329391,0.7553817638809295,0.7708376236758231,0.7723261000239136,0.7821196057800859,0.7850972486012773,0.7909467565442814,0.7916512477259112,0.7930994462142626,0.7972502314782531,0.7997800766450539,0.8022828901817048,0.7976414803217028,0.7980639834866365
mema_200 >= Close_sft_3,-0.040377382,98878,46335,52543,11.0,-8701.098749854958,-1027.7067683856949,1e15dac9f18b8bc737934702402ffb02b545ee7fbda8772d4c0156705e9d2a44,30,-0.02319057658314705,26.34,0.7470250808637877,0.7470250808637877,0.786653300847359,0.8030416732701173,0.8170921383205214,0.8256295764059254,0.8373137340124681,0.8460046539630817,0.8529754521959557,0.8597792825243538,0.8645705196291155,0.8686680705295983,0.8691631875502548,0.8692033710246515,0.8726188377857005
atr_5 <= atr_14_sft_2,-0.040416144,98878,62751,36127,11.41,-11209.759330429119,-1307.519200971219,6c56a6e37fe7066fac040219b9e7cfe2398571a456467cde7a8327153ebc94da,30,-0.026496822014451027,26.55,0.7648283659152839,0.7648283659152839,0.8085543282401293,0.8439221726672724,0.8703005635025196,0.8919259971167991,0.9123757347104823,0.9283867002726192,0.9500096871367115,0.9709984126915667,0.9901632321005929,1.0051835863907745,1.0144320133603513,1.0273595578101153,1.0365594003483585
mema_200 >= High_sft_1,-0.04042837,98878,43381,55497,10.91,-7742.785510274219,-916.7794956589714,b49daa998de516ee8744d85f0961964bee1fbf801ca0904e585341376b8b86ae,30,-0.021597685292363167,26.35,0.7544395945662169,0.7544395945662169,0.787140975303814,0.8066509159805239,0.8186983704004319,0.8276615106148981,0.8350425314933745,0.8411528010519207,0.8487185182623879,0.8557504773933577,0.8625746496832614,0.8646671820081652,0.8675823352615263,0.8660326872876176,0.8677756631946141
atr_30 >= atr_14_sft_3,-0.04044851,98878,63091,35787,11.41,-10412.861826763365,-1314.5062192974729,532171b4b026df3b7d23c8264137467a8cc80a53ca41565a8c760a4fc7c55907,30,0.00041113654151558876,27.46,0.7854229570406092,0.7854229570406092,0.8416563401838272,0.8823332482315787,0.9180719890071128,0.9454489566457215,0.9672738979201512,0.9849529748543752,1.0011650724139753,1.0149094551052715,1.0255829683944107,1.0355408620935989,1.0444170441145306,1.05196538782989,1.0607450586659166
adx_14 >= adx_30,-0.04050765,98878,78880,19998,11.75,-9806.906153831485,-1391.657537404688,fd7b69234972b511c2e03a174ce4b77d38140d5e70cabc298bd88fa9bb05adbf,30,-0.016450896859169006,27.08,0.8392607946480573,0.8392607946480573,0.8985214230114031,0.9409577525247896,0.9745852193385911,0.9978109083723814,1.0156731082214057,1.0292236178364247,1.0430538921080708,1.0571667042778767,1.0722168008741193,1.08719193004885,1.1027573060127809,1.116771910458528,1.1301598275636864
rsi_10 >= 18,-0.0406103,98878,98088,790,12.3,-13125.690841236956,-1916.8777321086309,2aff2363e2a1ac18e5b09edc627fed21347731d4e6d91b606bf5ebf4ed170990,30,-0.020413000136613846,27.36,0.8388423680028944,0.8388423680028944,0.893111320605,0.9332360495670452,0.9646921471230196,0.9893860617845484,1.0101440175153582,1.0285385233244309,1.045796081793141,1.0617842722321806,1.0768869842195654,1.0910789027509455,1.105645780325914,1.1189199184581227,1.131440388988357
bb_upper_2_10 <= bb_upper_2_30_sft_3,-0.040614314,98878,70578,28300,11.57,-11979.440893955722,-1493.8907721892174,3aa49a56ba366f74cacb6b40add631875fca9bf88d1abae08516bfe7d1357af1,30,-0.018857842311263084,26.91,0.7798991674894548,0.7798991674894548,0.822930419302152,0.8474287959046791,0.8738524668529299,0.9021317783922417,0.9231740682355536,0.9440449238536729,0.9663419821603201,0.9902924771730834,1.0068758246742835,1.021595100064081,1.0305729086814277,1.0379258226992902,1.0463129730073852
adx_10 >= adx_30_sft_3,-0.04062489,98878,80089,18789,11.77,-10411.824257468197,-1507.4679569668806,fd7b69234972b511c2e03a174ce4b77d38140d5e70cabc298bd88fa9bb05adbf,30,-0.014752608723938465,27.13,0.8335560727970176,0.8335560727970176,0.892308548702405,0.9372039997831927,0.9677297738959477,0.9909343213345958,1.0094824090812748,1.0273255648096649,1.0415116568047436,1.0548406415842544,1.069980716764051,1.0862242260021677,1.1028929453211342,1.116104229681023,1.1305754128583803
bb_upper_2_10 >= Low_sft_3,-0.040712293,98878,98729,149,12.37,-12584.740837685287,-1909.7823999841785,751c4f308f1f823126a4edaf28cd7100c4916f221615f1ed76bbcc91391c46f9,30,-0.027523618191480637,27.4,0.8464285704684714,0.8464285704684714,0.8996062836930323,0.9374591075546398,0.9676528551701777,0.9931027435956865,1.0142581760494458,1.0319511451517214,1.0483063140479156,1.0644639900890476,1.0793179794709893,1.093391414546605,1.107249833573766,1.1202825127189526,1.1327571252353474
plus_di_20 >= 4,-0.040755037,98878,98160,718,12.3,-13839.289553018742,-1926.9450250472728,4f583626fd6f59b1b2e0825c720b1d1aad3858951a5b50964ea86a5c13485b5d,30,-0.015200722962617874,27.39,0.8294367048063134,0.8294367048063134,0.8836140862062117,0.9213020604328159,0.9511070850447212,0.9770000126818309,1.0008639589968915,1.0214063903600932,1.0400749104243174,1.0573314654737895,1.073011204401917,1.0870388300899314,1.1005285168262473,1.112859896768522,1.1250617892156607
mema_200 >= Low_sft_3,-0.04077406,98878,49530,49348,11.08,-9163.578508959705,-1085.150348646741,e7e0f1d344c8e3b4344908a65185f87340bab0bfe5216b7073401aaebfc88a19,26,-0.023628583177924156,25.29,0.7523686490806919,0.7523686490806919,0.7884235825601372,0.8056885703840244,0.8209220949822084,0.8349894823617556,0.8451233314568041,0.8547165950316885,0.8618338842996036,0.8718949513105126,0.8800074264813363,0.8837936554542817,0.8844730124517624,0.882089709321103,0.8828157178990621
minus_di_20 >= 6,-0.040815376,98878,97473,1405,12.26,-13466.53445003786,-1878.5172172053572,a06e18f5f366aa3040f30d3f53c74e6c3d30e6b8f15e9282eabbaa7fe9dd85a0,30,-0.0029487512074410915,27.43,0.8301831249627809,0.8301831249627809,0.8853787966472824,0.9251791333217645,0.957581335475506,0.9858051186232983,1.0117409076507966,1.032862350035582,1.0501774225693223,1.0657547298630103,1.0806895796928668,1.0935550567446217,1.1070814968137548,1.120296254319878,1.1337218778611198
adx_20 <= adx_5_sft_3,-0.04086588,98878,88006,10872,11.94,-11831.035313656426,-1718.6469352989152,234f8ad1c2baf91b95c9f1aef2798b533888ce55558d2a8e51c247014080fabc,30,-0.012402111664414406,27.25,0.8309934734716911,0.8309934734716911,0.8902768584105635,0.9247868871195317,0.9540742594440889,0.9791857368823348,1.0041534662261968,1.0261202130166172,1.0471043719949136,1.0644992770705455,1.079017766889695,1.0927078000292634,1.1060822092805669,1.1145486838323122,1.1226010199227976
adx_14 <= 23,-0.040919866,98878,43813,55065,10.91,-7692.944246339255,-924.1537419680244,3c92cb65188a6807549ad02f373e5063a01a53cbce3d2b8fe4af860199995f57,30,-0.005358469672501087,27.18,0.7680594956380006,0.7680594956380006,0.8274867795339861,0.8707843172394191,0.9086574390561115,0.9434755910574245,0.9833333142024838,1.0151331919646187,1.0386851593838382,1.0609401421252154,1.0758174458284555,1.087054200152254,1.095902735024785,1.1050067744803176,1.1127857546051452
aarou_5 >= aarou_30_sft_3,-0.040940654,98878,55264,43614,11.22,-9320.154000138287,-1164.3915799844326,0f031b3780e6467809600593d6806420193325d9573f332c17b627db66a26893,30,-0.016485754400491714,26.79,0.789861397456994,0.789861397456994,0.8450177877773298,0.8848904089341848,0.9319259144985536,0.9708083290327673,1.0006595696328533,1.0252124406398864,1.049770889884982,1.0647572296457688,1.0769132353000588,1.090649765567853,1.1029440143255431,1.1102149657212375,1.120264564795874
bb_lower_2_10 <= High_sft_2,-0.041031633,98878,98737,141,12.37,-12578.247458066315,-1911.5505999672314,e84f252c26995db7df12768a4990f8415811b541a46cbafc6ab6c3a314082e30,30,-0.02961118333041668,27.39,0.8465160188391455,0.8465160188391455,0.8996241576546806,0.9374943117346403,0.9677563611268987,0.9931046946982728,1.014205865137664,1.0319288179951245,1.0482821956838673,1.0644164934656688,1.0793082321271272,1.0934286958613708,1.1072924138437432,1.1202767693719364,1.1327950405237
bb_lower_2_30 <= Close_sft_2,-0.041043397,98878,95953,2925,12.18,-13558.76031926055,-1863.5632904176164,df72ac6ad143ee2de1e2f75f64629a9e84f7c48f59b8dcd8dbbfbb16a74d883c,30,-0.021969011053442955,27.27,0.8276523916466493,0.8276523916466493,0.8805019898444109,0.9193199631972633,0.9518555837297745,0.9787456560694486,1.0027032315929212,1.0239674805406036,1.0430113911054038,1.0600242222619396,1.0749034655057623,1.0874221168891829,1.100932140711178,1.1126245124560437,1.1239625737119567
bb_lower_2_30 <= Close_sft_1,-0.041045055,98878,94636,4242,12.13,-13681.038141832945,-1835.2692939178742,df72ac6ad143ee2de1e2f75f64629a9e84f7c48f59b8dcd8dbbfbb16a74d883c,30,-0.02447037771344185,27.21,0.8241244718589688,0.8241244718589688,0.8793114516633658,0.9172800611731813,0.9497958634518937,0.9766743205143444,1.0021110087235963,1.0224831413192796,1.0417854657879135,1.060968678332811,1.0761574791207942,1.0887566682393086,1.102072477715485,1.1136985494576757,1.1248415215445582
sma_200 >= Close,-0.04110248,98878,45944,52934,10.96,-7330.6225289936565,-917.1307592019293,9d05ebf4a4df1374ab70d34fd4bb0bb7068613b3ea4d9f34537ac27b7aeadf15,26,-0.021616248413920403,25.3,0.7772420991485552,0.7772420991485552,0.8111609812883463,0.8258332583033694,0.8375280913676605,0.8448324414815348,0.8530665718192285,0.8554299553852591,0.8604264503251534,0.8676683331561161,0.8757803056710992,0.881606117473696,0.8844007034990697,0.8828235924107469,0.8807905812631799
bb_lower_2_30 <= Close_sft_3,-0.041117243,98878,96749,2129,12.22,-13657.878116626049,-1877.0002318170882,df72ac6ad143ee2de1e2f75f64629a9e84f7c48f59b8dcd8dbbfbb16a74d883c,30,-0.021968988701701164,27.3,0.82774010599805,0.82774010599805,0.8797611290839591,0.9197451785383625,0.951302885767228,0.9778216888637054,1.001838042579091,1.0227269650882433,1.0408024530031204,1.0578378260595513,1.0728863333410603,1.0863450344727756,1.0991152278639769,1.110864338278864,1.1228635784803782
adx_10 >= adx_30_sft_2,-0.041134957,98878,80626,18252,11.77,-10483.862685813543,-1515.2105040604001,fd7b69234972b511c2e03a174ce4b77d38140d5e70cabc298bd88fa9bb05adbf,30,-0.01575816236436367,27.11,0.833516962482889,0.833516962482889,0.8930240246798965,0.936602283170412,0.967014154797226,0.9910758534831255,1.0102676878588313,1.0276696580759586,1.0434009509333413,1.0569659255072001,1.071364801362667,1.0878687602119292,1.1045104010539306,1.1186691704596186,1.1331167771663533
plus_di_30 <= 24,-0.04116551,98878,54569,44309,11.2,-10269.004120052155,-1265.587844508911,14a9c3710fc1b17e882c866201c8dfd17bc6a0c5cee2921d8c0a77ac8ad2afa3,30,-0.028730927035212517,26.29,0.7465952809643672,0.7465952809643672,0.7794666120478623,0.8024732935140356,0.8196720134977047,0.8287514015626366,0.8361409893713019,0.8412877646861221,0.8469507680173173,0.8535198517489286,0.8561389771212559,0.8617746945066626,0.8691823595454465,0.8736316049942311,0.8792392559583396
rsi_10 >= 13,-0.041268952,98878,98538,340,12.34,-12900.367774950213,-1912.8588419353036,2aff2363e2a1ac18e5b09edc627fed21347731d4e6d91b606bf5ebf4ed170990,30,-0.016526903957128525,27.4,0.8421859496431622,0.8421859496431622,0.8963682576744576,0.9351856251220861,0.9654676973811607,0.9898786675692703,1.0110543388706332,1.0299272242252542,1.0463471375794489,1.0627144201531158,1.077902239771197,1.092203870640123,1.1065342334624724,1.1196180423368687,1.1321252281827934
adx_20 >= adx_30_sft_1,-0.041367233,98878,75864,23014,11.67,-9312.508529711828,-1322.7864442046266,fd7b69234972b511c2e03a174ce4b77d38140d5e70cabc298bd88fa9bb05adbf,30,-0.016240883618593216,27.05,0.8398561127185894,0.8398561127185894,0.8999526880496124,0.9416865521144296,0.9704288688206649,0.994977637485444,1.0155532219870194,1.0311310603648474,1.0458275100229273,1.0628387699971407,1.0805187929956785,1.0982015696842677,1.1163723728162493,1.1326891372120003,1.1482995025947347
atr_5 <= atr_14_sft_1,-0.04153808,98878,62623,36255,11.38,-11161.401175850984,-1306.2176437359594,6c56a6e37fe7066fac040219b9e7cfe2398571a456467cde7a8327153ebc94da,30,-0.026706116273999214,26.54,0.7649522156428615,0.7649522156428615,0.8060119504110334,0.8412296598257242,0.8699930988995023,0.890978707669332,0.9123381992462956,0.9294335467078055,0.9497468945242785,0.9700617522667202,0.985919126381077,1.00201695554195,1.0130500051053706,1.0244202969339367,1.0326390048130685
aaro_30 >= -99,-0.041565906,98878,96791,2087,12.22,-13763.685771784036,-1900.5059545412805,0811e6227d0d089f2d69284c6ea7ddd7761288c8d873ca997aaf34687b2f23f1,30,-0.027943409979343414,27.26,0.8268932994280492,0.8268932994280492,0.8805597960131594,0.9202318348416403,0.9504548016267839,0.9780158572402821,1.002168824348468,1.0226547357493472,1.0399812548326568,1.0572481181128845,1.072525645499743,1.0856123381171536,1.0983292390145452,1.1101044466861354,1.122721280638379
rsi_10 >= 15,-0.04160008,98878,98411,467,12.32,-12931.237271108537,-1911.0070919924692,2aff2363e2a1ac18e5b09edc627fed21347731d4e6d91b606bf5ebf4ed170990,30,-0.014819873496890068,27.4,0.8416002858560252,0.8416002858560252,0.8958548151573936,0.9348853790595445,0.9653254557739794,0.9897723943307183,1.0108444804986305,1.029932736349295,1.0463269817258627,1.062668822968107,1.0778630570990226,1.0922337912451807,1.1065960811415445,1.1196432789093191,1.1322096706033598
bb_upper_2_20 >= Open,-0.04161702,98878,95032,3846,12.14,-14107.72339958823,-1915.2914164297108,b9d721b063ab074b58b1a5bd814eb02ac6c1b043f0a074ad3a14386d3b8cadb1,30,-0.019747542217373848,27.27,0.8184210987331538,0.8184210987331538,0.8714595256078037,0.9087056103736826,0.9364851546993185,0.9620777376161497,0.9855203910034668,1.0057329673873556,1.0248517378810564,1.0439627164853276,1.0598257281398586,1.0751284711656603,1.090469698614223,1.100070245834678,1.1140750295138018
plus_di_30 <= 14,-0.041761205,98878,8028,90850,7.79,-1468.4107861843781,-154.50722873662744,14a9c3710fc1b17e882c866201c8dfd17bc6a0c5cee2921d8c0a77ac8ad2afa3,24,-0.04645484685897827,18.9,0.7006246218015201,0.7006246218015201,0.7453227473630343,0.7596326618339263,0.7733747320405661,0.7889299962362717,0.8052495437931673,0.8120007724748534,0.8230059002300234,0.8334667302391642,0.8339026362562812,0.8441374715928847,0.8242614884530287,0.8236581895220161,0.8183848842128277
mema_50 <= mema_200,-0.041838974,98878,45887,52991,10.94,-8659.595256211374,-999.6968360315295,97648559323ce4c42a3819223f880d09c20183d31e746db94faac95e3098a1b9,30,-0.018844179809093475,26.54,0.7464589619910601,0.7464589619910601,0.7840917102269717,0.8015521819703133,0.8170070902445454,0.828657633831788,0.8394967728455907,0.846967012696903,0.8524555986463309,0.857530493650192,0.8618783295725012,0.8667029028309657,0.8689177427846833,0.8688995502882172,0.8704109570274323
bb_upper_2_20 >= High_sft_1,-0.04187151,98878,89211,9667,11.96,-13232.110102111972,-1801.3593341412416,73a2f8f858c13ed47c80370d7df3c9045bc14eb7544028acac21bb9dbc89635d,30,-0.011820261366665363,27.27,0.8145773274176282,0.8145773274176282,0.8655889869759504,0.9013084637704665,0.9296843151437654,0.9546117006858919,0.9774351032746615,0.9976903946550112,1.0178882369394322,1.0374645180244884,1.0556318633515176,1.0726683942726813,1.0880130863060873,1.0966349481359492,1.1107838742027307
atr_5 <= atr_14,-0.041876134,98878,62602,36276,11.37,-11280.541252561012,-1315.1864426166649,6c56a6e37fe7066fac040219b9e7cfe2398571a456467cde7a8327153ebc94da,30,-0.026478826999664307,26.55,0.7620998443105012,0.7620998443105012,0.8068803713813014,0.8420749255869321,0.8685061242635248,0.8903564731017587,0.911091093784836,0.9294895024690403,0.9507269938794194,0.971667009649918,0.9887238845767947,1.004719128819333,1.0139200244006588,1.026697713213976,1.0362685183011604
stdev_14 <= stdev_30_sft_2,-0.04188152,98878,78023,20855,11.7,-12396.386262886477,-1534.2563438470534,76cc05d7e847d59489f80a379ae9909f097acc0055c98dd465d85c99099ff3c8,30,-0.017130717635154724,27.05,0.7979989895872815,0.7979989895872815,0.8494729274113737,0.8855784860475783,0.915107341266933,0.9466157875202985,0.9725328243835591,0.9948483337822261,1.019476605069528,1.0406607452343697,1.055849160728158,1.0704851300077944,1.0834548712263419,1.0950976155901373,1.107992262615392
atr_10 <= atr_14_sft_3,-0.041917756,98878,63372,35506,11.38,-11531.628561023364,-1342.6429777897429,6c56a6e37fe7066fac040219b9e7cfe2398571a456467cde7a8327153ebc94da,30,-0.024490755051374435,26.63,0.7608866765520148,0.7608866765520148,0.8069189062956812,0.8399617037752019,0.8650234454137022,0.8862024600810424,0.9064013564867281,0.9253923014087879,0.9457126389510595,0.9666531804801451,0.98579502692266,1.0016605094899032,1.014640134731208,1.024271741685628,1.0334380706021298
adx_20 <= adx_5_sft_2,-0.041922398,98878,87700,11178,11.92,-11795.07938964949,-1708.247988313633,234f8ad1c2baf91b95c9f1aef2798b533888ce55558d2a8e51c247014080fabc,30,-0.01153807807713747,27.26,0.830786758614223,0.830786758614223,0.8893574492792946,0.9284195162422499,0.9548052423023305,0.9809949080265621,1.0032163888609082,1.0245281719958774,1.0441924943058307,1.063303177207114,1.0793247429084536,1.0919340439853502,1.10692717092536,1.1172655275717753,1.1247488101110183
rsi_10 >= 16,-0.041957162,98878,98319,559,12.31,-13043.326603784099,-1916.1613420747963,2aff2363e2a1ac18e5b09edc627fed21347731d4e6d91b606bf5ebf4ed170990,30,-0.019219862297177315,27.38,0.8401469289920069,0.8401469289920069,0.8945254405100959,0.9341008761005478,0.9648126755043022,0.9892526570945562,1.010244339441535,1.0292182662176832,1.0456183765621592,1.0618722004253671,1.0772175201404484,1.0915115794662709,1.1060357045297413,1.1193745910198287,1.131931512223549
rsi_10 >= 11,-0.04203436,98878,98616,262,12.35,-12870.327451229201,-1913.1528419536917,2aff2363e2a1ac18e5b09edc627fed21347731d4e6d91b606bf5ebf4ed170990,30,-0.020321594551205635,27.4,0.8426383996115013,0.8426383996115013,0.8965311495403288,0.9353285734581203,0.9655501323693685,0.989942745272594,1.011122029257531,1.0299532602881902,1.0464634870189464,1.0627904896890135,1.077964101339135,1.0922887835768715,1.1065641645664506,1.1196482806838943,1.1319830814911664
adx_5 >= 9,-0.042035002,98878,98741,137,12.37,-12556.701459064603,-1910.2035999781729,4118d96628e9d7109ca1b25b71d8f7665de5864ad974c7631ea4a76d380fc96f,30,-0.03314579278230667,27.39,0.8467318705711213,0.8467318705711213,0.8998438247539241,0.9376894089350355,0.9679605413975636,0.9934760386754355,1.0145043947122923,1.0321958784962242,1.04849316702566,1.064572027763012,1.0794010515295642,1.0935299977207416,1.107438216545447,1.1204236908160892,1.1330153654857813
mema_200 >= High_sft_2,-0.042168725,98878,43366,55512,10.84,-8385.69717651295,-963.3579116556866,b49daa998de516ee8744d85f0961964bee1fbf801ca0904e585341376b8b86ae,30,-0.022141259163618088,26.33,0.7364735834496017,0.7364735834496017,0.7795093678447464,0.796996371062461,0.8106703477104849,0.8198230173552161,0.8287202319307084,0.8366206445941438,0.8459793987279564,0.8549885925494668,0.859106678427908,0.8634783501205373,0.8639527023448081,0.8642504751747209,0.8688815915825504
adx_20 <= 17,-0.04220344,98878,31773,67105,10.4,-5244.577920003074,-623.9950716007806,3c92cb65188a6807549ad02f373e5063a01a53cbce3d2b8fe4af860199995f57,30,-0.013495706021785736,26.57,0.7656013629998623,0.7656013629998623,0.8235522875323028,0.8655862446832021,0.8969722624619847,0.9207691493719451,0.9426730863350883,0.9628714908442367,0.9787742212008099,0.989383597844333,0.9939318116019303,0.9985507259963691,1.0064349209922476,1.0160328248989385,1.0251561685760286
adx_30 <= 13,-0.042212307,98878,25049,73829,10.03,-3574.587474049171,-464.70271373551805,3c92cb65188a6807549ad02f373e5063a01a53cbce3d2b8fe4af860199995f57,30,-0.00753940362483263,26.87,0.7828953983185626,0.7828953983185626,0.8547028908911098,0.9042276749312248,0.945240718390648,0.9696959624765253,0.998816293065024,1.0169753352946957,1.0294983677415381,1.0449214327716738,1.0623708430878411,1.0777461730763218,1.0876786802581644,1.0947864305196182,1.1024273556167024
sma_20 <= sma_100,-0.04222446,98878,49833,49045,11.04,-9730.759064185273,-1130.4885467765052,9620e21a74658492f7af120824bf7d2062ca3a47b721c940ad3cc1d3bc8eb349,24,-0.03081180900335312,24.39,0.7466680316350273,0.7466680316350273,0.7842924470943853,0.8041556360021342,0.8219952756603209,0.8349337669927724,0.845973104835923,0.8530344579994866,0.8560245315012149,0.8588735391376191,0.8625732808229867,0.8662579982737907,0.864872563712118,0.863812521331391,0.8645996853297826
mema_200 >= High_sft_3,-0.042233113,98878,43350,55528,10.84,-8331.045132117935,-962.3971974727756,b49daa998de516ee8744d85f0961964bee1fbf801ca0904e585341376b8b86ae,30,-0.022489696741104126,26.31,0.7374952788895995,0.7374952788895995,0.7799452271558771,0.79722211286089,0.810324916924416,0.8199655035046379,0.829740081140416,0.840381043146086,0.8492015176064148,0.8553540009136349,0.8584781474999273,0.862383252702416,0.863956566170729,0.8648645321751565,0.8718470333846738
bb_lower_2_10 <= High_sft_3,-0.04229181,98878,98742,136,12.37,-12583.64751607877,-1911.8289999832487,e84f252c26995db7df12768a4990f8415811b541a46cbafc6ab6c3a314082e30,30,-0.030988991260528564,27.39,0.8464602507360202,0.8464602507360202,0.8996183518956575,0.9374636362520168,0.9677517008447695,0.993092969895305,1.0141802380163174,1.0318705389722398,1.0482590926518018,1.0643982607714644,1.0792321960802163,1.0933922354296475,1.1072411469053347,1.1202443121013974,1.1327563581008118
adx_10 >= adx_30_sft_1,-0.042371348,98878,81176,17702,11.77,-10617.620429046892,-1529.091871959099,fd7b69234972b511c2e03a174ce4b77d38140d5e70cabc298bd88fa9bb05adbf,30,-0.016534805297851562,27.1,0.8326547872663568,0.8326547872663568,0.8924625446250681,0.9364172819296468,0.9668432502668924,0.9915901507858035,1.0126038325368347,1.030462433274675,1.0465555176799817,1.0590052557025902,1.0734138557394288,1.0889663163633838,1.1049925208943991,1.1190179418642594,1.1333961951848668
plus_di_30 <= 15,-0.042394724,98878,10669,88209,8.4,-2123.7331571441587,-244.38005768603762,14a9c3710fc1b17e882c866201c8dfd17bc6a0c5cee2921d8c0a77ac8ad2afa3,24,-0.045106615871191025,20.06,0.6895339763297886,0.6895339763297886,0.7201157882920549,0.746147371704861,0.7583710712457458,0.7706817063565573,0.780785764878169,0.7975297554120789,0.8146888729612669,0.8228183896290056,0.8270956430965513,0.8310260987199644,0.8265233031832864,0.8151347349432126,0.8083861749578956
plus_di_30 <= 23,-0.04239958,98878,49373,49505,11.02,-9183.177437400216,-1152.7034736735732,14a9c3710fc1b17e882c866201c8dfd17bc6a0c5cee2921d8c0a77ac8ad2afa3,30,-0.02689697965979576,26.24,0.7460219834613673,0.7460219834613673,0.7777119938834289,0.798511600033245,0.8146550117228805,0.8224625196396598,0.8341567619665494,0.8410295415502844,0.8464778034804012,0.8508596472404999,0.8602400544185529,0.8664608438432092,0.876937379191711,0.8778638635216142,0.8818801734068037
adx_20 >= adx_30,-0.042438373,98878,76965,21913,11.67,-9614.841716551884,-1351.2318171242296,fd7b69234972b511c2e03a174ce4b77d38140d5e70cabc298bd88fa9bb05adbf,30,-0.01827980950474739,27.01,0.8372061305065214,0.8372061305065214,0.8983267909418925,0.9372500120285412,0.9655779021995428,0.9888598974219868,1.0096908470863644,1.0269516034245885,1.041038919323081,1.0576621334808123,1.0756472070955043,1.0936840566295647,1.1114095920435796,1.1271945562160886,1.1418885479936147
rsi_10 >= 12,-0.042512342,98878,98576,302,12.34,-12890.855973569549,-1913.3063419341488,2aff2363e2a1ac18e5b09edc627fed21347731d4e6d91b606bf5ebf4ed170990,30,-0.018530167639255524,27.4,0.8423471273612478,0.8423471273612478,0.8963509601767246,0.9351801615263031,0.9655337868727222,0.9899351623439688,1.0110608747226488,1.0299279245514845,1.046372518573968,1.0627060841428535,1.0779132422064799,1.0922270419046571,1.106558480380792,1.1196612216559148,1.1321154883331124
minus_di_30 >= 15,-0.04252019,98878,85130,13748,11.85,-12507.884412976335,-1771.6459214127972,a06e18f5f366aa3040f30d3f53c74e6c3d30e6b8f15e9282eabbaa7fe9dd85a0,30,0.023459214717149734,27.87,0.8098577721490026,0.8098577721490026,0.86418637498689,0.9046399878414342,0.93596721367128,0.9671710123399131,0.9967208293474312,1.026227882072582,1.0518303944030252,1.0751338496356369,1.0925344517600242,1.1064018250749623,1.1194380823210075,1.13107666986902,1.142426888564539
plus_di_30 <= 19,-0.04253363,98878,27333,71545,10.15,-5413.988163185494,-665.8156277195303,14a9c3710fc1b17e882c866201c8dfd17bc6a0c5cee2921d8c0a77ac8ad2afa3,30,-0.039249688386917114,24.61,0.7185203558690854,0.7185203558690854,0.7589673694809776,0.7872429916128814,0.7963342176607485,0.8078460960904721,0.8148962079996633,0.820888172576868,0.823070381538272,0.8308061008930958,0.8344970864316497,0.8394820191115526,0.8453267999521586,0.8481220852560092,0.8555563729549605
bb_lower_2_20 <= High,-0.04253969,98878,98016,862,12.29,-13772.627846771331,-1918.2235011862795,e84f252c26995db7df12768a4990f8415811b541a46cbafc6ab6c3a314082e30,30,-0.02545868046581745,27.34,0.829890451304365,0.829890451304365,0.8841109899089723,0.9216752356149601,0.9515560331783975,0.9767862319339593,1.0004699566865503,1.019840890927295,1.0390915836481103,1.056695739387393,1.0725007134176412,1.0868007362133272,1.100430909718607,1.1126841148390962,1.1250562532509205
sma_200 >= High,-0.042563107,98878,43075,55803,10.82,-7225.555171295521,-875.180116394964,2a2a894e2395475f18aac8b58b172590d4e9304b0f81f0d6018fc944d30d4b38,26,-0.02284318394958973,25.18,0.7657032371738148,0.7657032371738148,0.7986695086382757,0.8168677274058257,0.8270338799422858,0.8389375275288267,0.8448867360914206,0.8488798038363824,0.8549536191729948,0.8617290323504608,0.8727615733195218,0.877070055704759,0.8791193303726047,0.876178441072676,0.8757063594562939
rsi_10 >= 10,-0.042710293,98878,98643,235,12.35,-12887.96881178032,-1915.1538419445424,2aff2363e2a1ac18e5b09edc627fed21347731d4e6d91b606bf5ebf4ed170990,30,-0.02211066707968712,27.4,0.8425030502264544,0.8425030502264544,0.8963375447726455,0.9349648438035869,0.9652632499688644,0.9897329038417398,1.0108879417385928,1.0296885009548977,1.046266626007623,1.0625615609090786,1.0777442506759263,1.0919920640796252,1.1062701128247525,1.1192670771185544,1.131589787075794
sma_200 >= Low,-0.042818185,98878,48751,50127,10.99,-8674.586434989891,-1037.5291474311816,7e47ad2f5aad8309cb5e81c51f9a75f0ebc795f902c6c62c65c20c0b4901b7f7,26,-0.021422961726784706,25.37,0.7583154041380654,0.7583154041380654,0.7953428260215474,0.8116618775878429,0.8235338792348603,0.8328368299371499,0.8443907287213877,0.8499810593357432,0.8563590667681087,0.8632113863034775,0.8706662320612759,0.8753180122060099,0.8771390134953947,0.8756376028881637,0.8732263966317902
adx_10 >= adx_30,-0.04283261,98878,81681,17197,11.77,-10687.573292743738,-1540.9883630672703,fd7b69234972b511c2e03a174ce4b77d38140d5e70cabc298bd88fa9bb05adbf,30,-0.01634104922413826,27.11,0.8325882124217135,0.8325882124217135,0.8914476788377335,0.9355136772220846,0.9661141881250416,0.9911186183856728,1.0132689662751477,1.0310446606473076,1.0462581387485321,1.0593366883201747,1.0750217874856023,1.0903160935640768,1.1059850814919783,1.1200718250673776,1.1345405562451247
plus_di_30 <= 22,-0.04302393,98878,43830,55048,10.83,-8227.901991339695,-1032.354058709534,14a9c3710fc1b17e882c866201c8dfd17bc6a0c5cee2921d8c0a77ac8ad2afa3,30,-0.026694292202591896,26.11,0.7410158816591981,0.7410158816591981,0.7714873300211355,0.7911847658584691,0.8102101028354705,0.8227482765978111,0.8329639227767284,0.8415009478370197,0.8450942087832785,0.8523593444418026,0.8606000982610511,0.8703926304834665,0.8774876133400711,0.8800737240200204,0.8854636064755046
bb_upper_2_20 >= Close_sft_1,-0.043106746,98878,95299,3579,12.14,-13981.415769947318,-1914.1116485253006,c0747f5e7ce163e3c1dabc2ee26f6f6da1485e96e9d6c50c701fe20834f02f93,30,-0.020597251132130623,27.27,0.8204692312892844,0.8204692312892844,0.873513616517399,0.9112231243105903,0.9391606774885782,0.964992524360698,0.9888189155882194,1.0085962435272213,1.0286499111697227,1.047321829968662,1.0638849190975703,1.0791195021373585,1.0938138327888454,1.103233034040721,1.1166494060379222
minus_di_30 >= 14,-0.043408897,98878,88322,10556,11.92,-12745.875405132992,-1814.0803550636992,a06e18f5f366aa3040f30d3f53c74e6c3d30e6b8f15e9282eabbaa7fe9dd85a0,30,0.020336071029305458,27.76,0.8147829926656138,0.8147829926656138,0.8695912941242381,0.9105634937084055,0.9426366128641895,0.9749693190314092,1.0034182353167274,1.03122766649603,1.053534750881708,1.0747939653288152,1.0900142828678336,1.102226974961284,1.115655535215869,1.1264248924691445,1.1376122865775056
rsi_10 >= 17,-0.043601267,98878,98212,666,12.3,-13117.814841569274,-1918.2988420993715,2aff2363e2a1ac18e5b09edc627fed21347731d4e6d91b606bf5ebf4ed170990,30,-0.021672820672392845,27.37,0.8391223470468578,0.8391223470468578,0.89339522612322,0.9331455026508804,0.96434988582468,0.9889822127348067,1.0099650472561628,1.0290237588352846,1.0455680116679327,1.0616610948731176,1.0768532076839354,1.091070240413795,1.105683224175561,1.1190911004142532,1.1316842568276588
stdev_10 <= stdev_30_sft_1,-0.043694314,98878,84837,14041,11.83,-12924.85150344676,-1649.2649069107792,76cc05d7e847d59489f80a379ae9909f097acc0055c98dd465d85c99099ff3c8,30,-0.02217070758342743,27.04,0.807612145308528,0.807612145308528,0.8597544345223764,0.8977638738076696,0.9285150467697122,0.9569985507961762,0.9812599239381411,1.005806750922288,1.0275833734139552,1.050618522212673,1.0705031448653082,1.0829923769753016,1.0953881686866307,1.1061551766852336,1.1179801969177439
sma_200 >= Open,-0.043766398,98878,45971,52907,10.87,-8355.848273369935,-976.0899016355615,4e49187dd2ecfc8ed6f19c1bb32ee3b3851abe32a765f332ea6026515c0fc382,26,-0.02226494438946247,25.27,0.7523569391739234,0.7523569391739234,0.7908137743647179,0.8075489475310252,0.8194379972831799,0.8304732758809962,0.8400423243845906,0.8441623455897564,0.8499955125220825,0.8578512904847891,0.8676086353857663,0.8710770251255205,0.8737807853783282,0.8720180698451686,0.8711322725757565
adx_14 >= 10,-0.043909416,98878,97123,1755,12.22,-13960.085513355607,-1904.3817762051185,4118d96628e9d7109ca1b25b71d8f7665de5864ad974c7631ea4a76d380fc96f,30,-0.027007129043340683,27.28,0.825413692405145,0.825413692405145,0.8798613691908047,0.9189487028937922,0.9490541217413024,0.9745063583171356,0.9980943679449038,1.019132348895108,1.0359695363694283,1.051514067095075,1.067008372880977,1.0803983411127285,1.0947941367778933,1.1068053600393974,1.119015395416768
mema_20 <= mema_200,-0.04394613,98878,46222,52656,10.87,-8550.144096334661,-985.2308740022418,97648559323ce4c42a3819223f880d09c20183d31e746db94faac95e3098a1b9,30,-0.02591889351606369,26.21,0.7492947551255899,0.7492947551255899,0.7837970533302845,0.798405558091699,0.8077359517784013,0.8158230957884179,0.8249741263543441,0.8299384983800965,0.8353240639206779,0.8392708170742023,0.8447577393589287,0.8489248149332814,0.8506474373361707,0.8514014268831372,0.8531787754985161
adx_30 >= 8,-0.04398959,98878,93645,5233,12.08,-13130.542750511278,-1817.3226578957328,4118d96628e9d7109ca1b25b71d8f7665de5864ad974c7631ea4a76d380fc96f,30,-0.03794237971305847,27.04,0.826777183954324,0.826777183954324,0.8818842280316062,0.9191425498773651,0.9489217959560113,0.974159131754779,0.996307691516481,1.0144100942143186,1.0303603124059941,1.0457106788999677,1.0603292992753783,1.0732018091301936,1.0867078944677697,1.0983834128761671,1.1104748093000003
plus_di_30 <= 21,-0.044007264,98878,38158,60720,10.59,-7519.15988920337,-918.4712826046234,14a9c3710fc1b17e882c866201c8dfd17bc6a0c5cee2921d8c0a77ac8ad2afa3,30,-0.03139914572238922,25.68,0.7266471881197349,0.7266471881197349,0.7612971536712354,0.783721309258939,0.8016900547921492,0.8191133206002407,0.827207319274163,0.8312306902341151,0.8356268841689976,0.8444969687632713,0.8522575163357731,0.8614710459051064,0.8644772966133234,0.8681057901929969,0.8727988098514231
sma_5 <= sma_200,-0.044172257,98878,45984,52894,10.86,-8273.140926273438,-977.7660235508156,9620e21a74658492f7af120824bf7d2062ca3a47b721c940ad3cc1d3bc8eb349,26,-0.02495436556637287,25.15,0.7543868984653199,0.7543868984653199,0.7900683029758793,0.803621019403405,0.8135800043689179,0.8211021365663838,0.8303922546451477,0.836456913671916,0.8437866126164503,0.850278062446226,0.8583056769747572,0.8628173836194184,0.8651789104496493,0.8622251803697005,0.8619943577787859
bb_upper_2_20 >= Low,-0.044184376,98878,97849,1029,12.27,-13918.201893246256,-1949.815371256249,751c4f308f1f823126a4edaf28cd7100c4916f221615f1ed76bbcc91391c46f9,30,-0.02961183898150921,27.31,0.8273762080790467,0.8273762080790467,0.8801816207931691,0.9173447890302117,0.9463148922039134,0.972421416932341,0.9960602194371582,1.0158496201588083,1.0340439459244959,1.0523457448043956,1.0681201812795589,1.0830297205274397,1.0971173549269957,1.108257955632187,1.1197267436605984
day_of_week >= 2,-0.044216815,98878,72882,25996,11.55,-9889.970784806046,-1434.9206385011712,2ddfafbad88512142e74c4f2cce4050ae7d70cba96c7793650aa4df4bd1bd860,30,-0.029779110103845596,26.65,0.8239679427538044,0.8239679427538044,0.880345099033392,0.9173306806936811,0.9420500779374096,0.9624480274899718,0.9791352958192814,0.9913123931869035,1.0021617355088503,1.0134219672435885,1.0224436233026057,1.030504624085215,1.0381746650466686,1.045146311267417,1.0528229718169813
adx_30 <= adx_10_sft_1,-0.044235285,98878,82005,16873,11.76,-10801.633116335466,-1548.3352192194507,234f8ad1c2baf91b95c9f1aef2798b533888ce55558d2a8e51c247014080fabc,30,-0.01682128757238388,27.1,0.8311265589668119,0.8311265589668119,0.8926878605359897,0.932707843332832,0.9619307147976326,0.9877972686404766,1.0115696231099716,1.0288442536370606,1.0447539734119469,1.0596234741021766,1.0753858261086786,1.090119160027966,1.1059488334407086,1.12100566019479,1.134341320335611
sma_200 >= High_sft_1,-0.044388276,98878,43071,55807,10.75,-7832.504900552843,-916.6471576586555,2a2a894e2395475f18aac8b58b172590d4e9304b0f81f0d6018fc944d30d4b38,26,-0.022563092410564423,25.19,0.7505147545569637,0.7505147545569637,0.7851653908401537,0.8039429294346498,0.8170493828373946,0.8280292249320872,0.8339270789650878,0.8410838628863962,0.8491571121963903,0.8576366484496563,0.8669022596679085,0.8700117222419085,0.8708366600442615,0.869541669684026,0.8694705547620735
adx_20 <= adx_14_sft_2,-0.0443905,98878,81639,17239,11.75,-11198.731344756165,-1544.0480804425242,234f8ad1c2baf91b95c9f1aef2798b533888ce55558d2a8e51c247014080fabc,30,-0.019937681034207344,27.04,0.8237262011711564,0.8237262011711564,0.8807949762494702,0.9163463688546584,0.9435198657660698,0.9690097863059168,0.9934441420184951,1.0170903573440526,1.0404930067117764,1.0578473527420726,1.0742830089031987,1.0890006810522141,1.1033629162154819,1.1136910859561364,1.1236620856940336
adx_5 >= 8,-0.044438947,98878,98750,128,12.37,-12567.21246965927,-1910.6750999874712,4118d96628e9d7109ca1b25b71d8f7665de5864ad974c7631ea4a76d380fc96f,30,-0.03458600491285324,27.39,0.8466259801360536,0.8466259801360536,0.8997396991932328,0.937574503651125,0.9678566664770949,0.9933810075997225,1.01443344667164,1.0321118011756962,1.0484778871169527,1.0645421073929204,1.0793846670990122,1.0935267538747155,1.1073897194279794,1.1204057860947942,1.1329985579663546
bb_upper_2_20 >= High,-0.044448238,98878,86207,12671,11.86,-13269.398980045768,-1767.3166666159887,73a2f8f858c13ed47c80370d7df3c9045bc14eb7544028acac21bb9dbc89635d,30,-0.013388148508965969,27.22,0.8046849385238845,0.8046849385238845,0.8546043224385881,0.8881944134543612,0.9115522347912209,0.9357095931782843,0.9574461820909885,0.9793762293078856,0.9964630351521798,1.0185354566448312,1.0372689894142408,1.052437625775318,1.0693670948259275,1.0789027666418505,1.0885082864094828
sma_50 <= sma_200,-0.04454346,98878,45635,53243,10.83,-9284.483080670638,-1058.8108390466878,9620e21a74658492f7af120824bf7d2062ca3a47b721c940ad3cc1d3bc8eb349,30,-0.024981476366519928,26.24,0.7310301724607944,0.7310301724607944,0.7696487785945868,0.7878669363507091,0.8026324461506587,0.8140905047729451,0.8221199515591971,0.8277258643109972,0.8309415423079379,0.8332283903902371,0.8375385931365787,0.839263354919007,0.8414503549495028,0.8418305557221846,0.843518272693643
sma_200 >= Close_sft_1,-0.044665955,98878,45968,52910,10.84,-8410.15024212467,-982.3239845525604,9d05ebf4a4df1374ab70d34fd4bb0bb7068613b3ea4d9f34537ac27b7aeadf15,26,-0.023425819352269173,25.22,0.750929586297394,0.750929586297394,0.7871464095854197,0.8066944326232531,0.8166621061648717,0.8285838327508427,0.8372603015996205,0.8416567965735707,0.8473800462524375,0.8562209195212896,0.865275842311835,0.8689894017958335,0.8718212656937082,0.8699343397209108,0.8697757511746202
plus_di_30 <= 20,-0.0447128,98878,32693,66185,10.32,-6579.422750805809,-790.4249757191865,14a9c3710fc1b17e882c866201c8dfd17bc6a0c5cee2921d8c0a77ac8ad2afa3,30,-0.03611116483807564,25.15,0.7177545811653748,0.7177545811653748,0.7578752735331198,0.7851980056204002,0.8014058012777684,0.8129522266850663,0.8200131653963897,0.8226621609908688,0.8307239257981981,0.8365682894135956,0.8477537694573575,0.8541526927270718,0.8571922814203015,0.860253448900796,0.8637665845676383
adx_30 <= adx_14_sft_1,-0.04496607,98878,79474,19404,11.69,-10239.029162167077,-1418.8266856320479,234f8ad1c2baf91b95c9f1aef2798b533888ce55558d2a8e51c247014080fabc,30,-0.0202347319573164,27.0,0.8332794913058578,0.8332794913058578,0.8937357392494135,0.93756075809188,0.9684346311414604,0.990220462127226,1.0088167269448918,1.0245424651157256,1.0395133818889426,1.0543786439206289,1.0710357686742107,1.0854206622976224,1.1005797482524342,1.1136957848864315,1.1264314809841223
adx_10 >= 10,-0.044972043,98878,98243,635,12.3,-13624.47477363241,-1912.9046493294009,4118d96628e9d7109ca1b25b71d8f7665de5864ad974c7631ea4a76d380fc96f,30,-0.023754768073558807,27.36,0.8319720772756878,0.8319720772756878,0.8847872153525178,0.9229829536337297,0.9521598059209624,0.9776406525905962,1.0008734974749862,1.0213891471614613,1.0400664127949588,1.0570246340115306,1.072563985617663,1.0870008293533366,1.1004356969038436,1.1135677696906263,1.1259917798637404
sma_200 >= Low_sft_1,-0.045001052,98878,48788,50090,10.91,-8923.212325549845,-1052.5256956103403,7e47ad2f5aad8309cb5e81c51f9a75f0ebc795f902c6c62c65c20c0b4901b7f7,26,-0.023064401000738144,25.3,0.7523227866161365,0.7523227866161365,0.7882124060460202,0.8068503548773859,0.8175183149136336,0.8291592210850139,0.8410391302788177,0.8480811786046119,0.8551525620745963,0.8626454923725012,0.8693830491543378,0.8731748370547653,0.8741045034811188,0.8713294127985974,0.8705112299772283
stdev_30 >= stdev_5_sft_1,-0.04506637,98878,93318,5560,12.06,-13558.933058015686,-1834.3285419518725,a092dbfa6dbefd1d342d1a211503f33f5c7745cd5359e4d4115f2b75459bc7b9,30,-0.023814495652914047,27.19,0.8209741717147554,0.8209741717147554,0.8763365708615173,0.9145392623947066,0.9451042118987791,0.9746480492475952,0.9999206126168342,1.0189539311099463,1.0363863065516317,1.0557247402356038,1.0730480439547752,1.089762327364281,1.102479109786133,1.1136140437544269,1.1259180166823808
sma_200 >= Close_sft_2,-0.04509453,98878,45984,52894,10.82,-8579.357834976443,-997.9615767607029,9d05ebf4a4df1374ab70d34fd4bb0bb7068613b3ea4d9f34537ac27b7aeadf15,26,-0.024447904899716377,25.17,0.7472745664018566,0.7472745664018566,0.7835967716515039,0.8011034256679022,0.8138544871278884,0.8252517540521861,0.8327076616160896,0.8400982071943176,0.8487137966442543,0.8571790361603068,0.8644229168104779,0.8679336315689986,0.8692029138335439,0.8671771910936776,0.8689050379702528
stdev_14 <= stdev_30_sft_3,-0.045159627,98878,77247,21631,11.63,-12599.795195607516,-1543.45402293995,76cc05d7e847d59489f80a379ae9909f097acc0055c98dd465d85c99099ff3c8,30,-0.018002867698669434,27.02,0.792182379073567,0.792182379073567,0.8436420493782916,0.8799184813892617,0.9095181781529964,0.942042147744934,0.9680365352113206,0.9919316084493058,1.0186705275994188,1.0416252260552088,1.054581069701821,1.0695081712989294,1.0806000852661803,1.0920126727027695,1.1053569293589303
sma_200 >= High_sft_2,-0.04527197,98878,43057,55821,10.72,-8314.977565565685,-952.2940738142061,2a2a894e2395475f18aac8b58b172590d4e9304b0f81f0d6018fc944d30d4b38,30,-0.025093315169215202,26.17,0.7371980010320799,0.7371980010320799,0.779092156759914,0.7945088659987561,0.811587880256531,0.8196300133995207,0.828901185258714,0.837748039868405,0.846254033188287,0.8566603541373031,0.8625937226371653,0.8656484991636705,0.8658689170904629,0.8649350249082918,0.8684019074448168
sma_200 >= High_sft_3,-0.04542106,98878,43044,55834,10.71,-8259.719126720112,-954.6146500520481,2a2a894e2395475f18aac8b58b172590d4e9304b0f81f0d6018fc944d30d4b38,30,-0.026393890380859375,26.1,0.7381286049656538,0.7381286049656538,0.7778103807373993,0.7960736236486398,0.8110119153997518,0.8188492800450531,0.8302270264088386,0.8408742297109721,0.8511820648293867,0.8592911786954652,0.8636240563062645,0.8647357049227585,0.8660625259718783,0.8655179929150486,0.8687086915844336
minus_di_10 >= 1,-0.04543585,98878,98669,209,12.35,-12790.121202206694,-1906.4667998676741,a06e18f5f366aa3040f30d3f53c74e6c3d30e6b8f15e9282eabbaa7fe9dd85a0,30,-0.02548346109688282,27.39,0.8434972717278904,0.8434972717278904,0.8977813895471958,0.936862268396663,0.9670799792456235,0.9913788294441576,1.0126376489958817,1.0315024189889044,1.0479088649202235,1.0640694358894327,1.0789956655432311,1.0927684755014178,1.1070523034234918,1.120439861562696,1.1327583290540877
adx_20 <= 18,-0.045469258,98878,36282,62596,10.45,-6457.571862831719,-750.3695311053016,3c92cb65188a6807549ad02f373e5063a01a53cbce3d2b8fe4af860199995f57,30,-0.012205937877297401,26.73,0.7524379598704682,0.7524379598704682,0.8110592571629613,0.8490535578271307,0.882051232451811,0.9089846259825445,0.9290678043801363,0.9449496601878965,0.962743995193343,0.9764813256269178,0.989961097954234,1.0003883067304038,1.0100994757078818,1.021686762466132,1.0324352693718697
stdev_10 <= stdev_30_sft_2,-0.045587923,98878,83835,15043,11.78,-12980.786802297738,-1638.7057287123243,76cc05d7e847d59489f80a379ae9909f097acc0055c98dd465d85c99099ff3c8,30,-0.022557009011507034,27.02,0.8038507608140424,0.8038507608140424,0.8546455721653544,0.890425933130777,0.9233545599375277,0.9520247810291673,0.978001167368062,1.002617771539374,1.026792228666124,1.0495525976461557,1.067665079772194,1.080630278292246,1.0934982039786654,1.1029803039418473,1.113947158896529
sma_200 >= Close_sft_3,-0.04561665,98878,45988,52890,10.8,-8841.775631067358,-1020.4705044495131,9d05ebf4a4df1374ab70d34fd4bb0bb7068613b3ea4d9f34537ac27b7aeadf15,30,-0.026916759088635445,26.16,0.7401962383950529,0.7401962383950529,0.7807946740162751,0.7956368194234709,0.8119835385570028,0.8220887933338603,0.8306853137835399,0.8389200306258019,0.8491443974876992,0.8574564593451527,0.8621725968352157,0.865798638887444,0.8667752656242129,0.8661814070139124,0.86875034393379
atr_30 >= atr_5_sft_3,-0.045687485,98878,64730,34148,11.32,-11625.21732426604,-1398.6273734440038,532171b4b026df3b7d23c8264137467a8cc80a53ca41565a8c760a4fc7c55907,30,-0.0184036735445261,26.85,0.7647587233120523,0.7647587233120523,0.8104709361526881,0.8456712364405548,0.8759342874731928,0.9022815596854606,0.9295703169854359,0.9480969792627381,0.9672257917797669,0.984558711559727,0.9991084819132162,1.0094660163851505,1.0201089842384048,1.0313156102454821,1.0386798965576116
adx_30 <= adx_14_sft_2,-0.04571396,98878,79906,18972,11.68,-10317.634331999288,-1437.1600387909493,234f8ad1c2baf91b95c9f1aef2798b533888ce55558d2a8e51c247014080fabc,30,-0.021764561533927917,26.97,0.8326619019600676,0.8326619019600676,0.8953712281062468,0.9361664972171981,0.9631479594943639,0.9847581441178779,1.0049261568783898,1.0225521200708654,1.0375961661898694,1.0544666118299628,1.0695148354431734,1.084417092636132,1.0981702864661642,1.1108420709819362,1.1248088539911794
sma_200 >= Low_sft_2,-0.045743212,98878,48813,50065,10.89,-9204.331429207974,-1070.8114294933112,7e47ad2f5aad8309cb5e81c51f9a75f0ebc795f902c6c62c65c20c0b4901b7f7,26,-0.02423924393951893,25.24,0.7457657561640947,0.7457657561640947,0.781697800187338,0.7994367053267718,0.8136369113660769,0.8274293514748481,0.8379702358192034,0.8463167862474191,0.8544816001342127,0.8615889119480187,0.8678258129454902,0.8699747763056732,0.8709509503737598,0.8683478857838715,0.8692614797169131
rsi_10 >= 9,-0.04582101,98878,98671,207,12.35,-12892.023988340155,-1916.2426419678523,2aff2363e2a1ac18e5b09edc627fed21347731d4e6d91b606bf5ebf4ed170990,30,-0.022903060540556908,27.4,0.8424905434509895,0.8424905434509895,0.8963357010433313,0.934980388863735,0.9652697141149279,0.9896953625301813,1.0108456420498706,1.0296751534790782,1.046291304336492,1.062634681294757,1.0777631149633988,1.0919495576586327,1.1062098760639039,1.1191545712514814,1.1315392346252946
adx_30 <= adx_20_sft_1,-0.045848656,98878,77784,21094,11.63,-9903.372216419863,-1371.3324712285612,234f8ad1c2baf91b95c9f1aef2798b533888ce55558d2a8e51c247014080fabc,30,-0.019405601546168327,26.99,0.8339222904828062,0.8339222904828062,0.8928359771989131,0.9296561401783608,0.9580132508628615,0.9823099198807174,1.0036491307026663,1.0211731047238841,1.0372888238503049,1.0560150475268295,1.074881758557899,1.092414025345536,1.1106861961895045,1.126091584743355,1.143148742436871
minus_di_20 >= 5,-0.045859765,98878,97872,1006,12.26,-13462.117199084245,-1879.1338008521998,a06e18f5f366aa3040f30d3f53c74e6c3d30e6b8f15e9282eabbaa7fe9dd85a0,30,-0.009012043476104736,27.4,0.8314723636946719,0.8314723636946719,0.8885602694600045,0.9281715300837383,0.9601391133569191,0.9872689751598699,1.0115713877304986,1.0313367477926032,1.0488740522473188,1.0652344639851279,1.0799371332899623,1.0930466219121064,1.1069236370145255,1.1198350875723375,1.1326785583141201
atr_30 <= atr_30_sft_2,-0.045905415,98878,64547,34331,11.31,-11889.129106254335,-1385.776486923438,6c56a6e37fe7066fac040219b9e7cfe2398571a456467cde7a8327153ebc94da,30,-0.027129223570227623,26.56,0.7582107033228458,0.7582107033228458,0.7990414082081329,0.8344995637166448,0.8557898415199208,0.8784575723175843,0.895192014477747,0.9136224712810701,0.9299222187932606,0.94658841726946,0.9619197092463636,0.9760838809418737,0.9895559721251964,1.0000762193892432,1.0075889129139832
atr_20 >= atr_5_sft_1,-0.046026763,98878,63584,35294,11.29,-11841.207482494301,-1370.5429046120626,532171b4b026df3b7d23c8264137467a8cc80a53ca41565a8c760a4fc7c55907,30,-0.022261232137680054,26.7,0.7557492667612344,0.7557492667612344,0.8063598868044178,0.8378982258758065,0.8613858669859072,0.8863899929348916,0.9104864616263806,0.9304039185887366,0.9542688582767904,0.9745261031812971,0.9911296389931047,1.003890374969486,1.0173488305437959,1.0268390531475342,1.0403158031142417
minus_di_14 >= 3,-0.04609188,98878,98270,608,12.3,-13172.486258199893,-1897.2529006180848,a06e18f5f366aa3040f30d3f53c74e6c3d30e6b8f15e9282eabbaa7fe9dd85a0,30,-0.009606328792870045,27.41,0.8368844932697457,0.8368844932697457,0.8930829845478037,0.9316631124156256,0.9611130912473941,0.9873727634632788,1.010310164926199,1.0293693805757769,1.0467599374787238,1.0626869129767218,1.077578785831024,1.091951557871265,1.1063416279348703,1.1194942266041732,1.1323002343555515
bb_lower_2_30 <= Close,-0.046130937,98878,92873,6005,12.03,-14186.194745574849,-1816.7897635014888,df72ac6ad143ee2de1e2f75f64629a9e84f7c48f59b8dcd8dbbfbb16a74d883c,30,-0.028556322678923607,27.12,0.8149362459673871,0.8149362459673871,0.8718023957744129,0.9123586027440348,0.9432923201516641,0.9729197074234567,0.9990375694486904,1.0201249726636274,1.0404595826978011,1.0592959491934257,1.0749445255968881,1.088050185774006,1.1007203294836667,1.1131776760329741,1.1243799734976694
rsi_14 >= 24,-0.046152823,98878,97677,1201,12.25,-13738.037298600993,-1922.6100830007272,2aff2363e2a1ac18e5b09edc627fed21347731d4e6d91b606bf5ebf4ed170990,30,-0.021597880870103836,27.34,0.8304473183320867,0.8304473183320867,0.8864417613666981,0.9249180927869426,0.9539969488267405,0.9790706669527856,1.001095731377955,1.020928118073545,1.0386749470053602,1.0558545107634139,1.0715929903929848,1.0867570640151603,1.1012811009108712,1.1145300852660476,1.127146715655371
adx_5 >= 7,-0.04616812,98878,98756,122,12.36,-12593.564376420796,-1912.0346999689282,4118d96628e9d7109ca1b25b71d8f7665de5864ad974c7631ea4a76d380fc96f,30,-0.035842712968587875,27.39,0.8463537872127438,0.8463537872127438,0.8994714190312392,0.9373466276939139,0.9676234563578267,0.9929870417571391,1.0140897571124385,1.0317341525860615,1.048041919656292,1.0641532453166178,1.0790089010049053,1.0931644741654596,1.1070234528747434,1.1200463429205307,1.1326301764891178
atr_10 <= atr_14_sft_2,-0.046249866,98878,63580,35298,11.28,-11557.980796135216,-1365.6927242833044,6c56a6e37fe7066fac040219b9e7cfe2398571a456467cde7a8327153ebc94da,30,-0.027222979813814163,26.54,0.7593958470029356,0.7593958470029356,0.8039166231392338,0.8351070287117782,0.8599223478667192,0.883924692713992,0.9054356686306648,0.9226198597210374,0.9429947416828063,0.9625737130464304,0.9811773318056635,0.9968722214671986,1.0086818838988354,1.02086139612906,1.0304464105338582
adx_30 <= adx_10_sft_2,-0.046350576,98878,82375,16503,11.73,-10850.6052005126,-1531.19670968641,234f8ad1c2baf91b95c9f1aef2798b533888ce55558d2a8e51c247014080fabc,30,-0.018462499603629112,27.08,0.8306817577945059,0.8306817577945059,0.8908897522166114,0.9282168344143917,0.9588651277360692,0.9848202306921028,1.006775897407962,1.02569970565196,1.0414606250880567,1.058087108891311,1.0739003997879994,1.0891455493631497,1.1055365212243973,1.1205627865317933,1.133495969660369
adx_5 >= 6,-0.046769563,98878,98758,120,12.36,-12594.739261008323,-1912.0752999688775,4118d96628e9d7109ca1b25b71d8f7665de5864ad974c7631ea4a76d380fc96f,30,-0.035846155136823654,27.39,0.8463419671409929,0.8463419671409929,0.899473427136278,0.9373516691274395,0.9676313833087988,0.9929923515617519,1.0140879179581717,1.0317578903601332,1.0480804568401645,1.0641857257805782,1.0790504903277756,1.0932083960973955,1.1070597401562052,1.1200859232390858,1.1326676380212228
adx_30 <= adx_10_sft_3,-0.04706555,98878,82684,16194,11.73,-10773.551681999383,-1498.6779294912485,234f8ad1c2baf91b95c9f1aef2798b533888ce55558d2a8e51c247014080fabc,30,-0.019877105951309204,27.05,0.832201039371657,0.832201039371657,0.8891695115522166,0.9269842024236238,0.9562504479625266,0.9808759547654484,1.002015597884918,1.019598068638763,1.036720798810346,1.0548687337747664,1.0703512244210398,1.0854662036273959,1.1032320122106256,1.1170888005268622,1.1293628821978334
minus_di_30 >= 8,-0.04731238,98878,96971,1907,12.2,-13429.673754692998,-1876.3191159202688,a06e18f5f366aa3040f30d3f53c74e6c3d30e6b8f15e9282eabbaa7fe9dd85a0,30,-0.0035636723041534424,27.42,0.8288167240332511,0.8288167240332511,0.8848222609623804,0.9270228516527411,0.9617216996075602,0.9915038695315896,1.0177748297489373,1.037811947474112,1.0536819849553494,1.0686661102353425,1.081761260884427,1.095246079252079,1.1089141857014344,1.1219874080626542,1.1343719134290813
adx_5 >= 5,-0.047384366,98878,98760,118,12.36,-12594.320364646137,-1912.095399968428,4118d96628e9d7109ca1b25b71d8f7665de5864ad974c7631ea4a76d380fc96f,30,-0.03585216403007507,27.39,0.8463474526678669,0.8463474526678669,0.8994851753186799,0.9373630846370036,0.9676474920977683,0.9930051441232688,1.0140898317130072,1.0317684263612126,1.048118396574905,1.064231526789101,1.079107413236862,1.0932616345880706,1.1071100721339813,1.120136432361872,1.1326933441076035
adx_30 <= 14,-0.047433563,98878,29988,68890,10.05,-4575.601190034256,-553.8099835332687,3c92cb65188a6807549ad02f373e5063a01a53cbce3d2b8fe4af860199995f57,30,-0.0068624564446508884,26.98,0.7720360259690402,0.7720360259690402,0.8398370966217297,0.8838034525114407,0.9267513660343039,0.9623816561584437,0.9939546523402107,1.014555624175907,1.0287922576160051,1.0424570797686414,1.0524407592205034,1.0645450346455447,1.073181650577053,1.078498994886688,1.0870365863093312
adx_30 <= adx_14_sft_3,-0.04747268,98878,80313,18565,11.67,-10441.763301586558,-1451.6157532789293,234f8ad1c2baf91b95c9f1aef2798b533888ce55558d2a8e51c247014080fabc,30,-0.02593311108648777,26.89,0.8312336082689392,0.8312336082689392,0.893692750301556,0.9308199030149079,0.9552859415557953,0.9774622013405316,0.9995183557509659,1.0164728339527866,1.0334892531123834,1.0508114035668326,1.067074839599404,1.080647214658028,1.0946216267176612,1.1079319824237854,1.1239970655884892
atr_30 >= atr_10_sft_3,-0.047485985,98878,64040,34838,11.26,-11029.88569856088,-1364.2521005307062,532171b4b026df3b7d23c8264137467a8cc80a53ca41565a8c760a4fc7c55907,30,-0.009903224185109138,27.12,0.7735518702080192,0.7735518702080192,0.8232860174245982,0.8615012621190781,0.8940560063649142,0.9240445143593444,0.9463340482488856,0.9673091786645955,0.9860262395874417,1.0017473380506283,1.0131160637073353,1.0253082780337743,1.036209579692486,1.0449860413006915,1.0507209170058218
sma_200 >= Low_sft_3,-0.047590412,98878,48822,50056,10.83,-9427.515407267594,-1083.9241194493225,7e47ad2f5aad8309cb5e81c51f9a75f0ebc795f902c6c62c65c20c0b4901b7f7,30,-0.0272970013320446,26.21,0.7404025673354596,0.7404025673354596,0.780635461272297,0.7973677559051611,0.8132820906989379,0.8262026933740171,0.8374693371882037,0.8468684500098437,0.85661918828695,0.8626487047426269,0.8675393851661192,0.8691008199456732,0.8686588740989474,0.8676254795302136,0.8699772012895375
sma_10 <= sma_200,-0.047690034,98878,46002,52876,10.73,-8752.437235848702,-1007.1654430660419,9620e21a74658492f7af120824bf7d2062ca3a47b721c940ad3cc1d3bc8eb349,30,-0.02849937416613102,26.08,0.7426559840057153,0.7426559840057153,0.7787777719245866,0.7936457900056976,0.8041950239797824,0.8146436224359611,0.8250754230848143,0.8346120135755878,0.8405849570043888,0.8466681777204378,0.8535141624918934,0.8565718109125688,0.8575532201935003,0.8562852785131155,0.858024440405167
adx_5 >= 4,-0.047696948,98878,98761,117,12.36,-12593.299053124607,-1912.0855999683117,4118d96628e9d7109ca1b25b71d8f7665de5864ad974c7631ea4a76d380fc96f,30,-0.03552653640508652,27.39,0.8463599128175503,0.8463599128175503,0.8994979434391058,0.9373725463829011,0.9676594978865689,0.9930068296276454,1.0141118217927985,1.0318061945116712,1.0481555922343575,1.0642827345321755,1.0791633848301692,1.0933107583074395,1.1071624454013627,1.1201792111839997,1.1327229587884962
adx_20 <= adx_14_sft_3,-0.047931053,98878,81456,17422,11.69,-11460.26634886784,-1543.085856792466,234f8ad1c2baf91b95c9f1aef2798b533888ce55558d2a8e51c247014080fabc,30,-0.024719618260860443,26.93,0.8189157858454107,0.8189157858454107,0.8708713211722049,0.9033797841048061,0.9321744115663398,0.9609012218755816,0.9895757090882564,1.0153006842640866,1.0344258384537468,1.0507988500202337,1.0662096726471533,1.0797257210072588,1.0939068232741993,1.1051083921937817,1.1160288373041636
adx_5 >= 3,-0.048013113,98878,98762,116,12.36,-12591.852962545574,-1912.0655999687588,4118d96628e9d7109ca1b25b71d8f7665de5864ad974c7631ea4a76d380fc96f,30,-0.03519878908991814,27.39,0.8463775553337566,0.8463775553337566,0.8995127731849001,0.9373933631658716,0.9676750367654923,0.9930116460844337,1.014126738526377,1.0318497370180608,1.0482049409601681,1.064344445869021,1.0792220339295209,1.0933642439737379,1.1072145407244824,1.120221951410422,1.1327501529210948
rsi_14 >= 22,-0.048023608,98878,98019,859,12.27,-13675.635942309968,-1923.9702320851065,2aff2363e2a1ac18e5b09edc627fed21347731d4e6d91b606bf5ebf4ed170990,30,-0.020330941304564476,27.36,0.8316738535030155,0.8316738535030155,0.8877694307396903,0.9260227244526679,0.9548517157062588,0.9795995558054987,1.0020269637510373,1.021945128108781,1.0397279375738013,1.056533415632366,1.0724205282910704,1.087402144381244,1.1020717628906362,1.1150800399702894,1.1276027674232523
adx_20 <= 19,-0.048027378,98878,40811,58067,10.53,-7106.978684488575,-846.8946154413497,3c92cb65188a6807549ad02f373e5063a01a53cbce3d2b8fe4af860199995f57,30,-0.009968793019652367,26.91,0.7590241992141954,0.7590241992141954,0.8136653202446993,0.8530359338637593,0.8826681677498219,0.9116338743906065,0.9345445740583128,0.9520828188503841,0.9689030310193142,0.9863169378688333,0.9990685217524508,1.0121803116514407,1.0234798557843985,1.0337065828437968,1.0430857211459945
adx_5 >= 0,-0.048332922,98878,98763,115,12.36,-12590.610221318424,-1912.0503999685025,4118d96628e9d7109ca1b25b71d8f7665de5864ad974c7631ea4a76d380fc96f,30,-0.03486887365579605,27.39,0.8463927169581792,0.8463927169581792,0.899523507594413,0.9374066304337367,0.9676769294608257,0.9930352261958961,1.0141668348666002,1.0318889619765397,1.0482585993798326,1.064402860857107,1.0792731938994837,1.0934186091168967,1.1072588020156897,1.1202525614136878,1.1327662635970974
rsi_14 >= 23,-0.048366204,98878,97873,1005,12.26,-13733.330160686619,-1924.4659310296993,2aff2363e2a1ac18e5b09edc627fed21347731d4e6d91b606bf5ebf4ed170990,30,-0.021957891061902046,27.35,0.8307723265487869,0.8307723265487869,0.8868235982626688,0.9252088284942369,0.9541865086069312,0.978989907845586,1.0012617294566846,1.0213391508755458,1.0392861073569022,1.056226194411952,1.0720368785376286,1.0870023111158142,1.1016747580545694,1.1146574203575241,1.1271437972167437
plus_di_30 >= 6,-0.048413448,98878,97789,1089,12.25,-13842.020364628861,-1913.3710252034798,4f583626fd6f59b1b2e0825c720b1d1aad3858951a5b50964ea86a5c13485b5d,30,-0.017616890370845795,27.36,0.8277582233725542,0.8277582233725542,0.8823873745131263,0.9216492917956216,0.9522865206393104,0.9791168000155616,1.003014363705764,1.0230447209775317,1.0410013688113688,1.0578027186690007,1.0727789398342398,1.086529637129975,1.100268604433206,1.111968064618467,1.1236415737178513
day_of_week == 4,-0.048413783,98878,23366,75512,9.55,-4065.9121149453495,-462.46439839035884,e83616e801fe2d16117c32218825ce75a39e7489ef55bd1f9d60b0ee5f6554c8,30,-0.05216475948691368,23.26,0.7499500510406739,0.7499500510406739,0.797945008568705,0.8241597085430644,0.8299898047380134,0.83559475174034,0.8443364786688314,0.8512021796703093,0.8594655027763973,0.8672002822132615,0.8742020394965866,0.8787916728210875,0.8815361417345167,0.8845182898899209,0.8881986129145819
stdev_10 <= stdev_30_sft_3,-0.048660956,98878,83017,15861,11.72,-13106.962458145124,-1631.2013615118703,76cc05d7e847d59489f80a379ae9909f097acc0055c98dd465d85c99099ff3c8,30,-0.02457680180668831,26.97,0.7993511126655852,0.7993511126655852,0.8503673649631026,0.8857417284335586,0.9192672410219477,0.9500643129235543,0.9763052804088181,1.002102920025663,1.0261893964192268,1.0489004356845495,1.0659179754799735,1.0787501882000434,1.091766966439388,1.100389211868868,1.112189112792379
sma_20 <= sma_200,-0.04874372,98878,46060,52818,10.7,-9410.580012240032,-1061.0515419149378,9620e21a74658492f7af120824bf7d2062ca3a47b721c940ad3cc1d3bc8eb349,26,-0.027990425005555153,25.0,0.7275753152115257,0.7275753152115257,0.7645086133567462,0.7830746423003825,0.8015555376722225,0.815506058906328,0.8270873632601622,0.8346356095246309,0.8401102939853037,0.8439351757197995,0.848518830939746,0.8501337226133636,0.8503526897202045,0.8492205521409706,0.850323915130168
rsi_10 >= 8,-0.049117155,98878,98700,178,12.35,-12890.625794595213,-1916.7433419644367,2aff2363e2a1ac18e5b09edc627fed21347731d4e6d91b606bf5ebf4ed170990,30,-0.026811450719833374,27.39,0.8425354405809466,0.8425354405809466,0.8964454344717128,0.935078116043663,0.9652047175464459,0.9895987563140016,1.0106831181336824,1.0295388060176403,1.0461485729345434,1.0625930114772166,1.0776704533704557,1.0918770783413627,1.1060741204733517,1.1189927042929562,1.1313783038098286
atr_5 <= atr_20_sft_3,-0.049221765,98878,63839,35039,11.22,-11860.413905253012,-1358.0943394114583,6c56a6e37fe7066fac040219b9e7cfe2398571a456467cde7a8327153ebc94da,30,-0.026324212551116943,26.57,0.7526714318721047,0.7526714318721047,0.7959869192959329,0.8312460869674396,0.8547340992540274,0.8773979322160177,0.9014886231489105,0.9206319048744721,0.9429449896899191,0.9623298049087488,0.9812058549647836,0.9961114777230038,1.008104414689113,1.0188174056064765,1.0292449942794992
plus_di_20 >= 3,-0.04931925,98878,98306,572,12.29,-13837.000058765047,-1927.101900046262,4f583626fd6f59b1b2e0825c720b1d1aad3858951a5b50964ea86a5c13485b5d,30,-0.024808671325445175,27.36,0.8296095622525712,0.8296095622525712,0.8836569435817196,0.9212546997001773,0.9509403211870371,0.9766275610896095,1.000256237071474,1.0206535869099609,1.039315296896927,1.0565892176224487,1.0722302443788725,1.086313552076303,1.0998509243936654,1.1122387906241833,1.1245163057233296
atr_30 <= atr_30_sft_3,-0.049470164,98878,64511,34367,11.23,-11983.218554282827,-1362.6321166998387,6c56a6e37fe7066fac040219b9e7cfe2398571a456467cde7a8327153ebc94da,30,-0.02636677399277687,26.59,0.7538435004406987,0.7538435004406987,0.7960779010802256,0.829138183151758,0.8551795438725203,0.8790600545178175,0.8988695280199427,0.9203821848909034,0.9371878065866087,0.95457196720509,0.9719736267251522,0.9846570526318814,0.9987426207614265,1.0072262753872445,1.0159113158374613
atr_30 >= atr_14_sft_2,-0.049715433,98878,63767,35111,11.2,-11158.699446860708,-1371.7594806132038,532171b4b026df3b7d23c8264137467a8cc80a53ca41565a8c760a4fc7c55907,30,-0.00515330396592617,27.27,0.7690156770110707,0.7690156770110707,0.8255549243881136,0.8657258218354957,0.9037272768512693,0.9326025848304815,0.9562055610920087,0.9754077547158501,0.9918680454554053,1.0060194456346412,1.017421633644963,1.0278538815500329,1.0359799166793502,1.0434595864975937,1.0518494431161358
rsi_10 >= 6,-0.049955003,98878,98716,162,12.35,-12873.059070078762,-1915.5571999645326,2aff2363e2a1ac18e5b09edc627fed21347731d4e6d91b606bf5ebf4ed170990,30,-0.030002377927303314,27.39,0.8427793039904894,0.8427793039904894,0.896461927096918,0.9350097584307451,0.9651300827845394,0.9894176269293767,1.0104636228748163,1.0294069085131887,1.0461312023136935,1.0625639333610948,1.0776324677135423,1.091789428539459,1.1059140942536136,1.1188283337936151,1.131151317047362
rsi_10 >= 7,-0.049970992,98878,98713,165,12.35,-12879.945329872997,-1916.1018999612425,2aff2363e2a1ac18e5b09edc627fed21347731d4e6d91b606bf5ebf4ed170990,30,-0.02927165850996971,27.39,0.8426859138323968,0.8426859138323968,0.8963981739358888,0.9349950135450423,0.9651808692189016,0.9894577597275861,1.010514484042843,1.0294240395913554,1.0461134095569824,1.0625551553778536,1.0776288133907899,1.0918102984291203,1.105951917685125,1.1188481607344392,1.1312043995391183
rsi_14 >= 21,-0.050030902,98878,98154,724,12.28,-13630.647668292619,-1920.8106320344523,2aff2363e2a1ac18e5b09edc627fed21347731d4e6d91b606bf5ebf4ed170990,30,-0.021612029522657394,27.36,0.8323928207734886,0.8323928207734886,0.8884706698262496,0.9263710960283468,0.9547711589337631,0.9793671795474506,1.0018172913392358,1.021833136929964,1.039394590354399,1.056376502204795,1.0724142505318168,1.0873860875248607,1.1018463489270585,1.1146226802815515,1.1271956018293883
atr_10 <= atr_14_sft_1,-0.05025876,98878,63368,35510,11.18,-11668.925485440519,-1357.5349656468388,6c56a6e37fe7066fac040219b9e7cfe2398571a456467cde7a8327153ebc94da,30,-0.024863481521606445,26.61,0.7559176288277953,0.7559176288277953,0.8015719424584169,0.8348290945149295,0.8602639020621209,0.8843008583276506,0.9058997729574745,0.9251066799607374,0.9473278885489521,0.9675470405086919,0.9868026078744067,1.0042257314411136,1.0167356190671397,1.0275032516587608,1.0369799445950074
atr_20 >= atr_10_sft_1,-0.05071637,98878,63098,35780,11.16,-11538.487062032804,-1375.0875791033104,532171b4b026df3b7d23c8264137467a8cc80a53ca41565a8c760a4fc7c55907,30,-0.017129996791481972,26.87,0.7590337476700417,0.7590337476700417,0.8146398992275624,0.8500735427767417,0.8787054491999398,0.9036544514448448,0.9285913972901724,0.9504735739222194,0.9700979964487937,0.9896410501665319,1.0065926431460603,1.0159483975524355,1.0267316084970386,1.0374324783482334,1.0472229138887892
rsi_14 >= 20,-0.050927445,98878,98254,624,12.28,-13566.494159550279,-1919.0793420429836,2aff2363e2a1ac18e5b09edc627fed21347731d4e6d91b606bf5ebf4ed170990,30,-0.01824333891272545,27.38,0.8332705345427017,0.8332705345427017,0.8892067898954292,0.9271032070473587,0.9555397349190845,0.9801617052468615,1.0025668383799131,1.0224968656200768,1.039913958410049,1.0570094448783627,1.0729831956122926,1.0880942390443533,1.1025402363127497,1.1153170529213972,1.1280210185333959
atr_5 <= atr_20_sft_2,-0.051151782,98878,63863,35015,11.17,-11999.611155326445,-1378.342639447117,6c56a6e37fe7066fac040219b9e7cfe2398571a456467cde7a8327153ebc94da,30,-0.028441207483410835,26.51,0.7499259278635693,0.7499259278635693,0.7929502850192346,0.8270579461931827,0.8507039221784938,0.8727592706933246,0.8951435258798995,0.9156956783856884,0.9378827414882648,0.9578826306521179,0.97700364019838,0.9920262762296483,1.0029618076727072,1.0142062514212746,1.023449139458212
adx_30 <= adx_20_sft_2,-0.051179282,98878,78329,20549,11.55,-10075.828158599783,-1380.9223449884812,234f8ad1c2baf91b95c9f1aef2798b533888ce55558d2a8e51c247014080fabc,30,-0.022529443725943565,26.93,0.8312571768244218,0.8312571768244218,0.8875709181679025,0.9236225532568295,0.9551257294366706,0.9802800093249939,1.003496886115517,1.0215739817079812,1.0389667490964796,1.0595331578906706,1.0780179874796731,1.095818116357919,1.1140136991311103,1.132913322618319,1.148679866547902
minus_di_30 >= 7,-0.05118351,98878,97442,1436,12.21,-13419.392372674763,-1864.2903012734969,a06e18f5f366aa3040f30d3f53c74e6c3d30e6b8f15e9282eabbaa7fe9dd85a0,30,-0.011535493656992912,27.38,0.8302895826038528,0.8302895826038528,0.8864783071343788,0.92820708926542,0.9615588642831042,0.9901300153711745,1.014776756007066,1.0339696503311717,1.050127167153975,1.0652183479716755,1.0792159231902452,1.0920018146799773,1.1057585446638005,1.118282777282357,1.1307068089642192
rsi_10 >= 4,-0.051283985,98878,98733,145,12.35,-12846.42560432303,-1917.573499986538,2aff2363e2a1ac18e5b09edc627fed21347731d4e6d91b606bf5ebf4ed170990,30,-0.03210391104221344,27.39,0.8431757128103177,0.8431757128103177,0.896907338148985,0.9356218576582864,0.9656598714647772,0.990018684342991,1.0112077155746595,1.030040991516863,1.046599492460549,1.062936127814164,1.078078431770574,1.0921927812005128,1.10636914027804,1.1193622061899942,1.1317164422955706
adx_20 <= 20,-0.051803067,98878,45016,53862,10.55,-8120.3814810731055,-941.1449114662901,3c92cb65188a6807549ad02f373e5063a01a53cbce3d2b8fe4af860199995f57,30,-0.011541916988790035,26.88,0.7521627285845038,0.7521627285845038,0.8032028218767544,0.843512022058047,0.875402209973838,0.9024926277853622,0.9278246103311881,0.9492541090636053,0.9681353943077595,0.9811970624799532,0.9958294387373634,1.0099769559339957,1.0202310358955284,1.0272702838786676,1.0372793173756631
atr_5 <= atr_20_sft_1,-0.051826935,98878,63898,34980,11.15,-12064.231649187303,-1382.4796093272817,6c56a6e37fe7066fac040219b9e7cfe2398571a456467cde7a8327153ebc94da,30,-0.026675142347812653,26.56,0.748344721860197,0.748344721860197,0.7939747966608393,0.8261468741950786,0.8529455029493749,0.8750450129236449,0.897076053258964,0.9163038603816497,0.9398592109002882,0.9610845984546915,0.9803900684437794,0.9949067961766924,1.0062560307849708,1.0180047896257611,1.029318743728648
rsi_10 >= 3,-0.052123804,98878,98736,142,12.35,-12849.565781786561,-1917.8522999969864,2aff2363e2a1ac18e5b09edc627fed21347731d4e6d91b606bf5ebf4ed170990,30,-0.032933540642261505,27.39,0.8431438159302529,0.8431438159302529,0.8968386335195733,0.9355047459000511,0.9656307887276224,0.9900318922708422,1.0112198831071846,1.0300083671482632,1.0465222984990181,1.062871476092512,1.0780074453712405,1.0921594687126734,1.1063489263998538,1.1193350195681242,1.1316882168869737
rsi_14 >= 19,-0.052223146,98878,98332,546,12.29,-13498.281692978799,-1918.0136919272627,2aff2363e2a1ac18e5b09edc627fed21347731d4e6d91b606bf5ebf4ed170990,30,-0.01809050515294075,27.38,0.8342108298259462,0.8342108298259462,0.8904450119425249,0.9279836145894442,0.9562333046462735,0.9810564354066166,1.0034898164747856,1.0231560710982228,1.04052648519412,1.0575879300613358,1.0735978732795446,1.0886014681200418,1.1030355619951435,1.1158685311753014,1.1283902674369235
rsi_10 >= 5,-0.052272953,98878,98725,153,12.35,-12902.644116202475,-1918.04429995791,2aff2363e2a1ac18e5b09edc627fed21347731d4e6d91b606bf5ebf4ed170990,30,-0.032295022159814835,27.39,0.8424751919071717,0.8424751919071717,0.8960934217891703,0.9345691888585048,0.9645775493264451,0.9888650911598436,1.010045460281098,1.0291472523705445,1.0458471757305061,1.0621808965473016,1.077177186769317,1.0912855071451102,1.105431551396926,1.1184092343067789,1.130759996779355
rsi_10 >= 2,-0.05240896,98878,98737,141,12.35,-12848.5585382725,-1917.8122999978805,2aff2363e2a1ac18e5b09edc627fed21347731d4e6d91b606bf5ebf4ed170990,30,-0.033214785158634186,27.39,0.84315611147212,0.84315611147212,0.8968448949483693,0.9355049790971268,0.9656543811244712,0.9900490402361038,1.0112313631580214,1.0300123310550993,1.046531279781039,1.0628752215223496,1.0780241810727946,1.0921709607980534,1.1063589003601477,1.1193425269999338,1.1316953662683107
atr_30 >= atr_20_sft_1,-0.052536473,98878,63311,35567,11.12,-11492.24216139003,-1360.2736949553291,532171b4b026df3b7d23c8264137467a8cc80a53ca41565a8c760a4fc7c55907,30,-0.0005034733912907541,27.43,0.7610874892901582,0.7610874892901582,0.8178246720932754,0.8576430473831614,0.8900112046021496,0.9180191619244293,0.940780178780008,0.9627139345366593,0.9795035351289911,0.992697461143106,1.0036354367626126,1.0128427265740534,1.0215402697762925,1.0304127010521587,1.0411637859756877
adx_30 <= 15,-0.05262154,98878,35161,63717,10.08,-5583.5364075242105,-680.583680579788,3c92cb65188a6807549ad02f373e5063a01a53cbce3d2b8fe4af860199995f57,30,-0.011264018714427948,26.77,0.7644780068311966,0.7644780068311966,0.8202964563788872,0.8664686143299271,0.9013271829950348,0.9320933885736071,0.9579846180016983,0.9752377352273564,0.9916748456458295,1.0077444205422215,1.021116965699866,1.0313162333671269,1.0416878013356734,1.050248005041163,1.0606257605144005
atr_30 >= atr_5_sft_2,-0.05273673,98878,64894,33984,11.16,-11995.377172157172,-1421.4875207803343,532171b4b026df3b7d23c8264137467a8cc80a53ca41565a8c760a4fc7c55907,30,-0.021813277155160904,26.74,0.7554961564348011,0.7554961564348011,0.8044767693116096,0.8353680942205051,0.865780161106234,0.8903116019127818,0.9135703597736784,0.9351732129924946,0.9544385811141857,0.9755096195092163,0.9919615250111585,1.004073091752927,1.0139618790803306,1.0248352818557642,1.0340107239836642
adx_20 <= 21,-0.05283108,98878,49140,49738,10.67,-8525.433430833982,-999.0643992705736,3c92cb65188a6807549ad02f373e5063a01a53cbce3d2b8fe4af860199995f57,30,-0.011261419393122196,26.94,0.7617808260552561,0.7617808260552561,0.8107401643270923,0.8483862902225713,0.8813295061666446,0.9111698142745617,0.9343599291581584,0.952977959001029,0.9670714552049963,0.9833632579712879,0.9968461135272648,1.0095194334268482,1.022490562150315,1.033181528747386,1.0412994658181223
adx_20 <= 23,-0.053091213,98878,56511,42367,10.9,-9394.494585634737,-1148.2398562931485,3c92cb65188a6807549ad02f373e5063a01a53cbce3d2b8fe4af860199995f57,30,-0.010460708290338516,27.04,0.7730954695598574,0.7730954695598574,0.8223369301736559,0.8595646288172661,0.8919015827114264,0.9189436998984801,0.9439353614919411,0.9636466361714041,0.9796853829913448,0.9959835934743372,1.0108890033032125,1.0252823032216796,1.039157560296254,1.0516021217620504,1.0634867789894966
adx_20 <= 22,-0.053187624,98878,52954,45924,10.78,-9001.505279046549,-1074.3744088608873,3c92cb65188a6807549ad02f373e5063a01a53cbce3d2b8fe4af860199995f57,30,-0.011869166977703571,26.95,0.7669846016915278,0.7669846016915278,0.8176254066443419,0.8561783055870812,0.8868085077315488,0.9136485365882072,0.9373533097608758,0.9571760165278183,0.9753666185008687,0.992258299868124,1.0063582006193375,1.0200908909559279,1.03402007259719,1.045894031239623,1.0537989683379785
rsi_10 >= 1,-0.0532808,98878,98740,138,12.35,-12863.66329558146,-1918.357600004747,2aff2363e2a1ac18e5b09edc627fed21347731d4e6d91b606bf5ebf4ed170990,30,-0.03407321497797966,27.39,0.8430006743069074,0.8430006743069074,0.8966800481524925,0.9352723098894735,0.9654057791447576,0.9898066847091082,1.0110077787230105,1.0297750264661276,1.0462822121945508,1.0626438884969887,1.0778054497647245,1.091961144938498,1.1061298278444778,1.1191290404875203,1.1315036718467628
adx_20 <= 24,-0.05334292,98878,59716,39162,10.99,-9796.798750910388,-1210.026492122306,3c92cb65188a6807549ad02f373e5063a01a53cbce3d2b8fe4af860199995f57,30,-0.009871184825897217,27.09,0.7773440746280326,0.7773440746280326,0.8298420072821532,0.86749694653315,0.8984742551745736,0.9258500098863409,0.9487213063400912,0.9675222707106611,0.9843716403977533,1.0024778613894034,1.0174564275521074,1.0316324118408666,1.0463975884405312,1.0584857964214156,1.0700202295925216
rsi_14 >= 18,-0.05345064,98878,98393,485,12.29,-13477.623192542105,-1919.0641919096379,2aff2363e2a1ac18e5b09edc627fed21347731d4e6d91b606bf5ebf4ed170990,30,-0.0207266453653574,27.38,0.8345467203548175,0.8345467203548175,0.890644399111384,0.9280302916850354,0.9560970806455533,0.9809021014909336,1.003384901407338,1.023147740698867,1.0404916420416013,1.0576309047462626,1.0736058932951236,1.0885635248916075,1.1029385215552647,1.1157658283428782,1.1281928591557153
minus_di_20 >= 4,-0.05345441,98878,98143,735,12.27,-13597.241660289921,-1898.8592006236504,a06e18f5f366aa3040f30d3f53c74e6c3d30e6b8f15e9282eabbaa7fe9dd85a0,30,-0.014849570579826832,27.39,0.8308891826589344,0.8308891826589344,0.8857259771283902,0.9248760135381946,0.9557722903000563,0.982766862405979,1.0064834919215795,1.0262635652069385,1.044927748710793,1.0613319143669115,1.0762786440352594,1.0902905123121354,1.1041868639631325,1.1168458265874666,1.129357173462207
bb_upper_2_30 >= Close,-0.05362766,98878,91740,7138,11.93,-13709.205959577961,-1847.2546552118147,c0747f5e7ce163e3c1dabc2ee26f6f6da1485e96e9d6c50c701fe20834f02f93,30,-0.024431034922599792,27.14,0.8104626539314338,0.8104626539314338,0.8586947142792039,0.8934955098458512,0.9199565861671042,0.9464081555762447,0.9699288504764033,0.9896198894699333,1.0095764013984914,1.0273167065804731,1.0414109258310256,1.0529393904265694,1.066113380736382,1.0738811699710902,1.0828586742751993
rsi_20 >= 24,-0.0536614,98878,98092,786,12.26,-13937.805716146588,-1922.546291975661,2aff2363e2a1ac18e5b09edc627fed21347731d4e6d91b606bf5ebf4ed170990,30,-0.019213343039155006,27.37,0.827844944788571,0.827844944788571,0.882437865379457,0.9204982684369086,0.9502328371095469,0.975866589132169,0.9996796270380618,1.0204798063544416,1.0391514960809451,1.0564982239894793,1.0723152585155218,1.086768145342697,1.1005072027506488,1.113101501747999,1.1255658213402278
atr_5 <= atr_20,-0.05390323,98878,64032,34846,11.11,-12020.504186210183,-1379.18586034279,6c56a6e37fe7066fac040219b9e7cfe2398571a456467cde7a8327153ebc94da,30,-0.0269724540412426,26.56,0.7493986755995388,0.7493986755995388,0.7931576829826731,0.823762718494125,0.847846417170461,0.8701499939558112,0.8927655847113705,0.9123017832740908,0.9345527960786133,0.9560337156423131,0.9768760064151075,0.991755220486013,1.0033652201501226,1.0143365044810086,1.025780081180265
rsi_14 >= 16,-0.054325677,98878,98486,392,12.31,-13409.12393768864,-1917.0260418882608,2aff2363e2a1ac18e5b09edc627fed21347731d4e6d91b606bf5ebf4ed170990,30,-0.019986603409051895,27.39,0.8354562979488677,0.8354562979488677,0.8913087799107312,0.9283965143247938,0.9564201916369562,0.981267709479724,1.0037358331409212,1.023421651211436,1.0409186325643578,1.0579534785122484,1.073834867565343,1.0886965227977063,1.1029685595006857,1.115780682915186,1.1281776737736342
rsi_10 >= 0,-0.05448316,98878,98744,134,12.35,-12878.257342412591,-1918.8772999992216,2aff2363e2a1ac18e5b09edc627fed21347731d4e6d91b606bf5ebf4ed170990,30,-0.03525364026427269,27.39,0.8428505470906456,0.8428505470906456,0.8964511786538664,0.9350535384710874,0.9652094539654714,0.9896047441005922,1.0107805035079396,1.0295562667201117,1.046083324857206,1.0624575785068753,1.0776064218415682,1.0917599306428303,1.1059599158740216,1.118993534463298,1.1313898949992685
adx_20 >= 8,-0.054701224,98878,97025,1853,12.17,-13394.731396251449,-1880.2795359932206,4118d96628e9d7109ca1b25b71d8f7665de5864ad974c7631ea4a76d380fc96f,30,-0.03717738762497902,27.22,0.8304214907022158,0.8304214907022158,0.8840096100516854,0.9221965734593245,0.9533004988451405,0.979512822596942,1.0029738097196967,1.022765137520337,1.0394632938822652,1.0552159945143202,1.0696702899373116,1.0836349663015925,1.0983010851572685,1.1108399106084152,1.1235971640616973
bb_upper_2_30 >= High_sft_3,-0.05474577,98878,91989,6889,11.92,-13800.14009078137,-1853.1339887533977,73a2f8f858c13ed47c80370d7df3c9045bc14eb7544028acac21bb9dbc89635d,30,-0.015428905375301838,27.26,0.8128960126608697,0.8128960126608697,0.8679767607700968,0.9066070624396406,0.9387343581284372,0.9663666722723606,0.9892494371903408,1.0086578756252838,1.0271485560943843,1.0442114125892714,1.0627888473582154,1.0785891884281036,1.089641197174559,1.1046839471362162,1.1169498588098075
bb_upper_2_20 >= Low_sft_1,-0.054871194,98878,98386,492,12.29,-13785.114821754385,-1925.5223071753353,751c4f308f1f823126a4edaf28cd7100c4916f221615f1ed76bbcc91391c46f9,30,-0.031233983114361763,27.35,0.8302804631719203,0.8302804631719203,0.8835010883747214,0.9210022884802117,0.9508642756879935,0.976061736970635,0.9997371290973504,1.0200120712152054,1.0386889693770833,1.0561099527679336,1.0717379270047518,1.0863058596774176,1.0997363066089203,1.1115011290434382,1.1240733916677583
adx_5 >= adx_30,-0.05514216,98878,88479,10399,11.79,-11823.263868658982,-1684.2852380227778,fd7b69234972b511c2e03a174ce4b77d38140d5e70cabc298bd88fa9bb05adbf,30,-0.018691429868340492,27.16,0.8299888616933331,0.8299888616933331,0.8902201586298792,0.9293173113877711,0.9599772627278328,0.982229447874497,1.0037708951409603,1.0244416394789344,1.0428903256060877,1.0614236023493488,1.0805554474639467,1.0943965563778093,1.1090470515599384,1.1219733469298196,1.1322904512810934
rsi_20 >= 23,-0.05520045,98878,98173,705,12.26,-13858.639400212898,-1919.9599919350658,2aff2363e2a1ac18e5b09edc627fed21347731d4e6d91b606bf5ebf4ed170990,30,-0.020610129460692406,27.37,0.8289148138885076,0.8289148138885076,0.8837204558153992,0.9212218195765196,0.9508126075792582,0.9765729667399115,1.0003168917173544,1.020883925582123,1.0395872151798393,1.056817384466208,1.0726707175067665,1.0870213467053074,1.1008339456626666,1.1133212582820593,1.125676163787336
rsi_14 >= 15,-0.05527854,98878,98519,359,12.31,-13416.3333066831,-1918.3467419590816,2aff2363e2a1ac18e5b09edc627fed21347731d4e6d91b606bf5ebf4ed170990,30,-0.022033367305994034,27.39,0.8354370018913134,0.8354370018913134,0.8911947165002002,0.9282161533673444,0.9563321056981577,0.9811324904179091,1.0035672120712962,1.0232894579186325,1.0408437241199606,1.0579503669998451,1.0738260893489862,1.0886599978373732,1.1029109774301424,1.1156761033157627,1.1280356474726907
adx_5 >= adx_30_sft_1,-0.055286042,98878,88265,10613,11.79,-11781.53354277305,-1681.6763109283638,fd7b69234972b511c2e03a174ce4b77d38140d5e70cabc298bd88fa9bb05adbf,30,-0.019129794090986252,27.15,0.8300336391187247,0.8300336391187247,0.8900949083372582,0.9298657887659435,0.9604179981398866,0.9820832384613087,1.002906949695763,1.022950678749757,1.0415143149457962,1.0593141381375266,1.0774819608997601,1.092363330476442,1.1065408756914297,1.1196822763719394,1.1301426330770512
adx_30 <= adx_5_sft_3,-0.055341378,98878,88945,9933,11.81,-12117.011521782424,-1710.1914486527094,234f8ad1c2baf91b95c9f1aef2798b533888ce55558d2a8e51c247014080fabc,30,-0.020951468497514725,27.13,0.8267641758366359,0.8267641758366359,0.8854392543829722,0.9201576084983143,0.9489298686605266,0.9763458751542995,1.0017035540613777,1.0239400481959682,1.0453958987214365,1.0632339146723802,1.0784969643337101,1.0930697392166664,1.1063834708743494,1.115420888027767,1.1242342762319433
bb_lower_2_30 <= High,-0.05537819,98878,97083,1795,12.17,-14008.145733469155,-1899.18124898948,e84f252c26995db7df12768a4990f8415811b541a46cbafc6ab6c3a314082e30,30,-0.029260147362947464,27.27,0.8242540505715403,0.8242540505715403,0.8794180266452634,0.918625226266687,0.949996404558149,0.9768381958768263,1.0013499089218256,1.02100740200697,1.0392954786238182,1.0565606206984857,1.071538567012015,1.0849783869238092,1.0989281806102158,1.1109290643264604,1.1223798619693066
stdev_5 <= stdev_30,-0.055396035,98878,92505,6373,11.94,-13519.247478049543,-1804.0795573426876,76cc05d7e847d59489f80a379ae9909f097acc0055c98dd465d85c99099ff3c8,30,-0.02620585821568966,27.14,0.8178455505402241,0.8178455505402241,0.8769719233808644,0.9146954898924794,0.9435750669717422,0.9725259924954724,0.9999204623651401,1.0205502452406094,1.0386905872609935,1.0569442294427416,1.0746465827542475,1.0917475440185669,1.1072376407685243,1.1177328798644026,1.1301263400876909
rsi_14 >= 17,-0.055473834,98878,98442,436,12.3,-13451.312333885453,-1917.9079418709516,2aff2363e2a1ac18e5b09edc627fed21347731d4e6d91b606bf5ebf4ed170990,30,-0.019955771043896675,27.39,0.8349171980978483,0.8349171980978483,0.8909683980311325,0.928111548759234,0.9562078375251827,0.9810398338699461,1.0034565989117195,1.0232053315894436,1.040744516177068,1.0578196546216019,1.0737589392759002,1.0886429466410374,1.102980832614072,1.1157692107896808,1.1281902778795976
adx_30 <= adx_5_sft_2,-0.055601463,98878,88787,10091,11.8,-11959.367109719013,-1705.3000389454028,234f8ad1c2baf91b95c9f1aef2798b533888ce55558d2a8e51c247014080fabc,30,-0.01972999796271324,27.15,0.8285520743034362,0.8285520743034362,0.8859942068520801,0.9237147097485485,0.9505961318681849,0.9766789779281118,1.0009084148403795,1.0225123255967357,1.0417168166164357,1.062751476378027,1.0778599764587304,1.0914479989188997,1.1055317515050385,1.115938842726153,1.1241912524227127
adx_30 <= 16,-0.05560626,98878,39972,58906,10.19,-6818.092418553946,-800.4628154513557,3c92cb65188a6807549ad02f373e5063a01a53cbce3d2b8fe4af860199995f57,30,-0.013590952381491661,26.71,0.7525399620554416,0.7525399620554416,0.8070456915939235,0.8508296523299497,0.8831406480507089,0.9091606996746747,0.9300301365096785,0.9482404404157605,0.9636109069818816,0.9775444971110148,0.9922526665657557,1.0045011389818146,1.0146730152063175,1.024469393344826,1.0346073268883926
atr_30 >= atr_10_sft_2,-0.055746812,98878,64430,34448,11.07,-11445.562342416324,-1400.472633970392,532171b4b026df3b7d23c8264137467a8cc80a53ca41565a8c760a4fc7c55907,30,-0.01606682687997818,26.92,0.763047784840238,0.763047784840238,0.813742187772695,0.8476643150079387,0.8785175867682449,0.9051633606094721,0.9289666307707725,0.9508744917365912,0.9709579272628817,0.9867730473801133,1.0010540412635454,1.012019397736645,1.0235285508561804,1.0331929647495754,1.0391357046774432
plus_di_14 >= 1,-0.055755056,98878,98565,313,12.31,-13453.7349388427,-1925.0413000001936,4f583626fd6f59b1b2e0825c720b1d1aad3858951a5b50964ea86a5c13485b5d,30,-0.032316163182258606,27.36,0.8352713407399526,0.8352713407399526,0.8906299113270034,0.927703610789526,0.9557222720835644,0.9804053503187552,1.0027275341620394,1.0222333060201627,1.0397115730036348,1.0568806594044693,1.0727942134447688,1.087516022036128,1.10160916135916,1.1142955594260155,1.1266359259646948
minus_di_14 >= 2,-0.05578841,98878,98519,359,12.31,-13247.833792367474,-1904.5117000330429,a06e18f5f366aa3040f30d3f53c74e6c3d30e6b8f15e9282eabbaa7fe9dd85a0,30,-0.022410182282328606,27.38,0.8370984638183516,0.8370984638183516,0.8932580039550004,0.9304328184380432,0.9589972980123436,0.9844395637617834,1.0068302767981956,1.0263249434834147,1.0434333681923977,1.0600152946457384,1.0757816734204915,1.0898395052222658,1.1041710776251679,1.1171597676918932,1.1297310763228212
adx_5 >= adx_30_sft_2,-0.05602895,98878,88031,10847,11.77,-11743.59389247309,-1671.018546049505,fd7b69234972b511c2e03a174ce4b77d38140d5e70cabc298bd88fa9bb05adbf,30,-0.020816924050450325,27.12,0.8298867362176221,0.8298867362176221,0.8884613000103849,0.9286553035771509,0.9596527937775678,0.9808903764702721,1.0002882558803405,1.0202099663412767,1.0381976035419114,1.0550301969789082,1.073664062916085,1.0890588382344273,1.1034867847580765,1.1168987161869495,1.1272335471417925
adx_10 >= 9,-0.056058187,98878,98443,435,12.3,-13697.444006128924,-1920.8944492613082,4118d96628e9d7109ca1b25b71d8f7665de5864ad974c7631ea4a76d380fc96f,30,-0.032400816679000854,27.35,0.8314423331759926,0.8314423331759926,0.8843983650498674,0.922387006448298,0.9518918403158733,0.9775091369838862,1.0012283431443816,1.0213843929718731,1.0398537312180514,1.057341637163307,1.0730195863333467,1.0874048873427393,1.1008434819062927,1.1131983935600596,1.1255981602409626
adx_5 >= adx_30_sft_3,-0.056134038,98878,87814,11064,11.76,-11647.468347193968,-1665.7943960352786,fd7b69234972b511c2e03a174ce4b77d38140d5e70cabc298bd88fa9bb05adbf,30,-0.021028688177466393,27.11,0.8306000859161498,0.8306000859161498,0.8897476020061336,0.9309004819800183,0.9609793898531963,0.9822861085522778,1.001973405080723,1.0222541109670626,1.0398980405559506,1.0563201760252905,1.075262402463993,1.0907179601382908,1.1050082397455556,1.118055548835218,1.1283373611529781
bb_upper_2_30 >= High_sft_2,-0.05616367,98878,90516,8362,11.86,-14017.665603384292,-1858.311424265652,73a2f8f858c13ed47c80370d7df3c9045bc14eb7544028acac21bb9dbc89635d,30,-0.014503434300422668,27.25,0.8062682443652859,0.8062682443652859,0.8603216970538926,0.8994348073827447,0.9318333082441076,0.9584457703733574,0.9811058520879478,0.998867736091061,1.0182266284215495,1.0372614879604054,1.0550110445441878,1.0719599420771169,1.083259646069473,1.0957865535958544,1.1091131963535064
rsi_20 >= 22,-0.05628861,98878,98224,654,12.27,-13827.80909206426,-1919.597491936387,2aff2363e2a1ac18e5b09edc627fed21347731d4e6d91b606bf5ebf4ed170990,30,-0.02167183719575405,27.37,0.8293263682925699,0.8293263682925699,0.8839499849881948,0.9214273905053746,0.9510748913850733,0.9768574406752474,1.0005727222879737,1.0211841395708074,1.039820785671652,1.0569921369510755,1.0728230656536242,1.0871738262563986,1.101011909009807,1.1134943619196769,1.125788687888927
adx_30 <= adx_5_sft_1,-0.056432735,98878,88647,10231,11.79,-11929.618765555093,-1709.7814395659952,234f8ad1c2baf91b95c9f1aef2798b533888ce55558d2a8e51c247014080fabc,30,-0.018313508480787277,27.17,0.8288043835965282,0.8288043835965282,0.8875714520123317,0.9266114901341989,0.954548648083385,0.9781623092450894,1.002526268622034,1.0235688009466974,1.0425640408469188,1.06386084005484,1.0797985875145617,1.0936446954710617,1.10885879333103,1.1204257375733537,1.1296666413450465
bb_upper_2_30 >= High,-0.056454208,98878,86585,12293,11.72,-13779.032317922833,-1795.221298789278,73a2f8f858c13ed47c80370d7df3c9045bc14eb7544028acac21bb9dbc89635d,30,-0.021444205194711685,27.08,0.7953066605879812,0.7953066605879812,0.8421027900652069,0.8762468218262754,0.9034351472617985,0.9299231884702042,0.9541424856597017,0.9749693378213854,0.9928711268906185,1.013440015520707,1.0291612335871634,1.044405323878196,1.0575371994765217,1.0648363724261456,1.076083750569821
adx_30 <= adx_20_sft_3,-0.05683929,98878,78720,20158,11.47,-10764.604713521701,-1414.7599283407399,234f8ad1c2baf91b95c9f1aef2798b533888ce55558d2a8e51c247014080fabc,30,-0.025126777589321136,26.88,0.8204759170271061,0.8204759170271061,0.8765487276917652,0.9135762207870379,0.9460510608429156,0.9740765729172833,0.9977378349863654,1.0177796434279653,1.0373168754369213,1.0594732438452803,1.0776321684661438,1.0960236637599037,1.1163626426057072,1.131979146102379,1.1449113793106829
rsi_20 >= 19,-0.057089996,98878,98347,531,12.28,-13810.708274261899,-1920.6316419171926,2aff2363e2a1ac18e5b09edc627fed21347731d4e6d91b606bf5ebf4ed170990,30,-0.023030608892440796,27.37,0.8297055006342395,0.8297055006342395,0.8839982345723075,0.9215340698189803,0.9512766716058082,0.9771006085615335,1.000859762516627,1.0214876198820093,1.0402069892996866,1.0574105310777997,1.0730490354884126,1.0872469710775399,1.1008663397884448,1.113259950362547,1.1255671482867435
bb_upper_2_30 >= Open,-0.05720521,98878,93549,5329,11.97,-14505.054947800327,-1903.009813008539,b9d721b063ab074b58b1a5bd814eb02ac6c1b043f0a074ad3a14386d3b8cadb1,30,-0.024836890399456024,27.18,0.8076998199352132,0.8076998199352132,0.8586912722134789,0.8919982143352364,0.9234347664982382,0.949536795640491,0.9731622038707347,0.9955954377210774,1.014574158296074,1.0326531473158977,1.047046075167098,1.0603532494120338,1.0741052679330794,1.0836285124110911,1.0954451885782877
bb_lower_2_20 <= High_sft_1,-0.05737167,98878,98412,466,12.29,-13766.309906924365,-1924.6090001172925,e84f252c26995db7df12768a4990f8415811b541a46cbafc6ab6c3a314082e30,30,-0.03345781937241554,27.34,0.8305992501115308,0.8305992501115308,0.8840197597920686,0.9210247290439434,0.9508444576937405,0.9762799102886339,0.999803368769041,1.0201749125211925,1.038684883573796,1.0560459800478799,1.0720528957839077,1.0863810684372397,1.099961266722395,1.1121098242178291,1.124515932683484
rsi_14 >= 14,-0.057433173,98878,98541,337,12.31,-13438.90200643252,-1919.707941967623,2aff2363e2a1ac18e5b09edc627fed21347731d4e6d91b606bf5ebf4ed170990,30,-0.021586749702692032,27.39,0.8352207789509603,0.8352207789509603,0.8908455616335282,0.9278760424202884,0.9560721562350295,0.9809586412638787,1.003402202318674,1.0231070807629463,1.0407304647542706,1.0579267434696003,1.0738009854841342,1.0886566007205511,1.102902331276153,1.1156653123344968,1.1280501616543699
plus_di_30 >= 5,-0.057481427,98878,97977,901,12.24,-13846.559731081583,-1913.9418251954849,4f583626fd6f59b1b2e0825c720b1d1aad3858951a5b50964ea86a5c13485b5d,30,-0.028554940596222878,27.32,0.827892750878459,0.827892750878459,0.8823707049214655,0.9214795507810157,0.9520811806739001,0.9786424455532228,1.002406991915893,1.022376866249304,1.0402723630125215,1.0570529321975852,1.0719271150584142,1.085687658627865,1.0994210319165614,1.111120215355675,1.122812379508487
rsi_20 >= 20,-0.057602827,98878,98316,562,12.27,-13816.862646678335,-1921.1002419502765,2aff2363e2a1ac18e5b09edc627fed21347731d4e6d91b606bf5ebf4ed170990,30,-0.023442722856998444,27.37,0.8295828488383127,0.8295828488383127,0.8840170431391148,0.9215433091659735,0.9512756172753364,0.9770496557596845,1.0008171913858421,1.0214029711804313,1.040085285127098,1.0573222938031144,1.0729633654298023,1.0872303589794936,1.1008701719198737,1.1132680320623425,1.1255926426308283
rsi_20 >= 18,-0.057760842,98878,98369,509,12.28,-13828.194745839446,-1922.4681419611734,2aff2363e2a1ac18e5b09edc627fed21347731d4e6d91b606bf5ebf4ed170990,30,-0.023849138990044594,27.37,0.8295501354770167,0.8295501354770167,0.8837849163506749,0.9212268349655027,0.9510326947040252,0.9768789553902508,1.000685064980512,1.0212983169968652,1.0400408850549707,1.0572926367089968,1.0729026086653157,1.0870918005193708,1.1007256620908015,1.1130254053164623,1.1253430770201018
stdev_5 <= stdev_30_sft_1,-0.057764098,98878,91688,7190,11.88,-13416.581316545376,-1780.1005926425787,76cc05d7e847d59489f80a379ae9909f097acc0055c98dd465d85c99099ff3c8,30,-0.026420433074235916,27.11,0.8166683682222101,0.8166683682222101,0.8761669489096002,0.913286152154334,0.9410011734050531,0.9709492910070099,0.9981708447619118,1.0191364258813753,1.0385391624983338,1.0577045669845777,1.074577371363584,1.0900181252761145,1.1053255614691135,1.1149568325065402,1.1273954930708692
bb_upper_2_30 >= High_sft_1,-0.05790408,98878,88584,10294,11.77,-14231.918476560011,-1835.8816888043439,73a2f8f858c13ed47c80370d7df3c9045bc14eb7544028acac21bb9dbc89635d,30,-0.01757442019879818,27.18,0.7967031011418123,0.7967031011418123,0.84637421233156,0.8806420096202495,0.9129317449415234,0.9400165774548169,0.9644260350762123,0.9847949804542966,1.0044491158163797,1.0238690454618709,1.039435864388428,1.0553472236145363,1.0675000224470979,1.07682352371795,1.0893843878907365
bb_upper_2_30 >= Close_sft_3,-0.058039144,98878,96293,2585,12.1,-13993.720023288497,-1911.6225094172041,c0747f5e7ce163e3c1dabc2ee26f6f6da1485e96e9d6c50c701fe20834f02f93,30,-0.02749142050743103,27.24,0.8220100756004356,0.8220100756004356,0.8768680964283817,0.9137851491010627,0.9450273042835465,0.9718777272453625,0.9974089769801284,1.0165331493193988,1.0341482420922192,1.0503289218849732,1.065887979378596,1.0806179867976433,1.093178567522058,1.1057616149221154,1.1177926200742572
atr_30 >= atr_5_sft_1,-0.058315746,98878,65012,33866,11.03,-12215.1707307035,-1432.2978346845994,532171b4b026df3b7d23c8264137467a8cc80a53ca41565a8c760a4fc7c55907,30,-0.024906331673264503,26.64,0.7487333274376365,0.7487333274376365,0.7956711319280328,0.8272671361136531,0.8523540229028811,0.8769991565459085,0.8976233796859759,0.9199477711132226,0.9393342057095277,0.959984405211619,0.9799516127157535,0.9951896196214831,1.0061933311802,1.0160443047312195,1.0277873598108824
rsi_20 >= 21,-0.058458984,98878,98264,614,12.27,-13844.307920883282,-1921.5620419393308,2aff2363e2a1ac18e5b09edc627fed21347731d4e6d91b606bf5ebf4ed170990,30,-0.02206721343100071,27.37,0.8291919869365121,0.8291919869365121,0.8837217585931629,0.9213460327080818,0.9509782632357922,0.9767423327771613,1.0005031067352217,1.0211145483801674,1.039723648536692,1.057039027833639,1.0727841396445024,1.0871405026498175,1.1008756098495314,1.1133386162696988,1.1256598443703014
rsi_14 >= 13,-0.058708284,98878,98563,315,12.31,-13451.30656830232,-1920.5335419397816,2aff2363e2a1ac18e5b09edc627fed21347731d4e6d91b606bf5ebf4ed170990,30,-0.02314496412873268,27.39,0.8351238894596147,0.8351238894596147,0.8905716054331062,0.9276287981934298,0.955864826912016,0.980702460641437,1.0031362220335656,1.0228705054193525,1.0405289750574829,1.0577254489412622,1.0736002982246242,1.088422186582471,1.1026307007032354,1.1153819512274432,1.1277507055386475
bb_upper_2_30 >= Low,-0.058844693,98878,96631,2247,12.12,-14662.33523860903,-1945.3569674892642,751c4f308f1f823126a4edaf28cd7100c4916f221615f1ed76bbcc91391c46f9,30,-0.03335327282547951,27.22,0.8138248861850492,0.8138248861850492,0.8655323764701436,0.9043612011229787,0.9337706611261445,0.9599269255766634,0.983919510691892,1.0036389721882477,1.0231504595856327,1.0400801771112698,1.054230499396753,1.0666415194266317,1.0798208129359925,1.0896320496654246,1.100737420575614
stdev_5 <= stdev_30_sft_2,-0.058907464,98878,91029,7849,11.85,-13257.751220803479,-1747.4850598694902,76cc05d7e847d59489f80a379ae9909f097acc0055c98dd465d85c99099ff3c8,30,-0.027318216860294342,27.09,0.816527853341411,0.816527853341411,0.8743929337851791,0.9108200463349461,0.9392824329232985,0.9686746373400992,0.9949594911854397,1.016311305031289,1.0368317066514194,1.0552547846577476,1.0715076900830094,1.087028270117683,1.10208993772073,1.1117869244129754,1.122355923274744
rsi_20 >= 17,-0.0591569,98878,98393,485,12.28,-13822.750018984883,-1922.3793419765134,2aff2363e2a1ac18e5b09edc627fed21347731d4e6d91b606bf5ebf4ed170990,30,-0.024943862110376358,27.37,0.8296462605995151,0.8296462605995151,0.8837845259394574,0.9212606466542986,0.9510532480321684,0.976901126784821,1.0007042333084852,1.0214135634650228,1.0401407852866378,1.0574197100168141,1.0730022326105355,1.0871930492463922,1.1008094119592062,1.1131071166808222,1.1253934829978347
atr_10 <= atr_20_sft_3,-0.059234012,98878,64324,34554,10.99,-12124.235325242353,-1412.2920587189437,6c56a6e37fe7066fac040219b9e7cfe2398571a456467cde7a8327153ebc94da,30,-0.025652756914496422,26.61,0.7462801120756184,0.7462801120756184,0.7911059339679806,0.8224924774434942,0.8437535532476517,0.8693529076614703,0.8914338253284815,0.9143631933137427,0.9369244866500702,0.9586897772841766,0.9791883334298076,0.9968103484061579,1.0084814565811977,1.0182313816962714,1.028723320684238
minus_di_20 >= 3,-0.059285857,98878,98375,503,12.28,-13646.215765493445,-1905.0829001208767,a06e18f5f366aa3040f30d3f53c74e6c3d30e6b8f15e9282eabbaa7fe9dd85a0,30,-0.02515195682644844,27.36,0.8313903656935386,0.8313903656935386,0.8863300337794952,0.9238097584492605,0.9536785544199342,0.9796287442153528,1.0030782280082589,1.0234724596629425,1.0419771252855914,1.0586969492138794,1.074195383303178,1.0876980296989014,1.1016098622534098,1.1145356178238648,1.12690884785538
adx_14 >= 9,-0.05930278,98878,97780,1098,12.21,-14050.901001150243,-1918.3590022204662,4118d96628e9d7109ca1b25b71d8f7665de5864ad974c7631ea4a76d380fc96f,30,-0.03193419799208641,27.29,0.8252897952027993,0.8252897952027993,0.8789384021277191,0.9180140528072777,0.9488090614728973,0.9745703143741271,0.9986414814488077,1.0192708284786445,1.0364505755358182,1.0521459883593014,1.0674142704473,1.0815029152308562,1.096253469249952,1.1084662387353283,1.1205904695373758
atr_14 <= atr_20_sft_3,-0.05954173,98878,64583,34295,10.99,-12533.49305140418,-1431.8468918285507,6c56a6e37fe7066fac040219b9e7cfe2398571a456467cde7a8327153ebc94da,30,-0.02722540684044361,26.56,0.7398244728105102,0.7398244728105102,0.7832622900167474,0.8144655399926349,0.8353960796019746,0.8608396977136593,0.8808481329666418,0.900012799242494,0.9206188212421295,0.9418587653911666,0.9620415273753996,0.9794382417070762,0.99150230331337,1.0008283342954456,1.0115133309982391
bb_upper_2_30 >= Close_sft_2,-0.05983172,98878,95304,3574,12.04,-14348.591137742656,-1920.2286977390613,c0747f5e7ce163e3c1dabc2ee26f6f6da1485e96e9d6c50c701fe20834f02f93,30,-0.026241783052682877,27.22,0.8149957926678931,0.8149957926678931,0.8693369910875026,0.9081258242756799,0.9400033340746616,0.9653710679102506,0.9902500887566127,1.01141309251894,1.028332872662814,1.0463350180331958,1.0607665705050098,1.075573476943422,1.0868417896086053,1.0984988681828503,1.1099688728537014
atr_10 <= atr_14,-0.05995767,98878,63389,35489,10.94,-12104.281424270772,-1400.6629849853489,6c56a6e37fe7066fac040219b9e7cfe2398571a456467cde7a8327153ebc94da,30,-0.028540872037410736,26.49,0.7439256958832561,0.7439256958832561,0.7887368272789298,0.8211683324407676,0.8473823325062053,0.8736299417661793,0.8964276095965656,0.919143524245654,0.9430725422065772,0.963944040557303,0.9821357851796298,0.9957209336439556,1.006102219172747,1.0179751937720531,1.0292893892175001
bb_upper_2_20 >= Low_sft_2,-0.05998847,98878,98463,415,12.29,-13767.82594619178,-1927.406664050708,751c4f308f1f823126a4edaf28cd7100c4916f221615f1ed76bbcc91391c46f9,30,-0.03369099274277687,27.35,0.8306269993504323,0.8306269993504323,0.8839184224456867,0.9215131026949844,0.9510846650019485,0.9764240008181767,1.0001629716070277,1.0200919011530316,1.0386334490618268,1.0562139111872393,1.0719934893954148,1.0864615079167346,1.0999397859135196,1.11207907424751,1.12434672316396
adx_30 <= 17,-0.060021143,98878,44750,54128,10.24,-7924.828410513748,-908.5781981643813,3c92cb65188a6807549ad02f373e5063a01a53cbce3d2b8fe4af860199995f57,30,-0.01842305064201355,26.54,0.746244727791646,0.746244727791646,0.7989510602318906,0.8368232400038452,0.8664932995248202,0.8925803722435451,0.9113582905812457,0.9304861987171598,0.948829827449143,0.9612482088653796,0.9741529815598194,0.9878950103171453,1.00000108998998,1.0104662044226569,1.0198827412748537
minus_di_30 >= 6,-0.06006322,98878,97755,1123,12.21,-13603.849923098915,-1873.7152012562292,a06e18f5f366aa3040f30d3f53c74e6c3d30e6b8f15e9282eabbaa7fe9dd85a0,30,-0.01770808733999729,27.36,0.8289275754075326,0.8289275754075326,0.8848398521913353,0.9261335351115545,0.9587053676210984,0.9869606180439813,1.0109735147967074,1.03056012056698,1.0475904633223365,1.0638081462331646,1.0778541501490846,1.0910021924198272,1.105513537680654,1.1177321509810971,1.1296324687572006
plus_di_20 >= 2,-0.06021087,98878,98417,461,12.28,-13867.419977119647,-1928.954600040539,4f583626fd6f59b1b2e0825c720b1d1aad3858951a5b50964ea86a5c13485b5d,30,-0.03442715108394623,27.34,0.8293604203337929,0.8293604203337929,0.8833594242740248,0.9208570511696074,0.950462244914288,0.9761247723184837,0.9997758255029927,1.020213831220164,1.038842688887286,1.0561688937213214,1.0719104380348095,1.0860326045996946,1.0994981072922239,1.1118137279711162,1.1240578480581467
bb_upper_2_30 >= Close_sft_1,-0.06021851,98878,93715,5163,11.95,-14513.116013099298,-1913.7101630786565,c0747f5e7ce163e3c1dabc2ee26f6f6da1485e96e9d6c50c701fe20834f02f93,30,-0.026490073651075363,27.17,0.8077758778667768,0.8077758778667768,0.8595752077490745,0.8936907632193669,0.9247984586386887,0.9509697786083124,0.9751149660888274,0.997211087956723,1.0166632988208528,1.0348798289453363,1.0484521028016636,1.0617871747658862,1.074551837401359,1.083612780433946,1.094014169616179
rsi_20 >= 16,-0.060713015,98878,98410,468,12.28,-13823.523707882374,-1922.5936419695063,2aff2363e2a1ac18e5b09edc627fed21347731d4e6d91b606bf5ebf4ed170990,30,-0.026601100340485573,27.36,0.8296470693173269,0.8296470693173269,0.8837530456565379,0.9212615062559313,0.9510667463808946,0.9768640263720275,1.0006516454290257,1.021357104217063,1.0400740174651655,1.0573625507230666,1.072927736839936,1.0870818412378844,1.1006849973500046,1.1129691814746812,1.1252730645413755
bb_lower_2_30 <= High_sft_1,-0.060929283,98878,97810,1068,12.21,-13827.47416281536,-1902.8598212239958,e84f252c26995db7df12768a4990f8415811b541a46cbafc6ab6c3a314082e30,30,-0.03111027367413044,27.3,0.827564935860743,0.827564935860743,0.8804646502763498,0.9193415823464656,0.9501185647219266,0.977151189640245,1.0012247016352218,1.0212488403257511,1.0389704670641293,1.0562046585774068,1.0716137448156962,1.0848291444735665,1.0981361715138862,1.1104729099081612,1.1216597314174814
rsi_14 >= 12,-0.061104752,98878,98584,294,12.31,-13468.766631871567,-1922.2960419297233,2aff2363e2a1ac18e5b09edc627fed21347731d4e6d91b606bf5ebf4ed170990,30,-0.025937560945749283,27.38,0.8349617678665228,0.8349617678665228,0.8903332604504782,0.9274470737848496,0.9557309693277012,0.9805832385894441,1.0029926182301374,1.0226853596195393,1.040333577804056,1.0574949583216813,1.0733515798055258,1.0881840714662154,1.1023790868996712,1.115079967936657,1.127438536003289
atr_10 <= atr_20_sft_2,-0.061299775,98878,64210,34668,10.93,-12291.444921498933,-1406.9714196867426,6c56a6e37fe7066fac040219b9e7cfe2398571a456467cde7a8327153ebc94da,30,-0.026094608008861542,26.59,0.7421450334044104,0.7421450334044104,0.7860032080119965,0.814192325411774,0.8374314685278522,0.8619156030257387,0.8854675311257695,0.905846243102536,0.928300043874032,0.9502719436705218,0.9692183420298127,0.9875011836813635,0.99947303613235,1.0100475688251551,1.0209684687788274
bb_lower_2_20 <= High_sft_2,-0.061441846,98878,98481,397,12.29,-13763.647469816253,-1926.357000101416,e84f252c26995db7df12768a4990f8415811b541a46cbafc6ab6c3a314082e30,30,-0.033346500247716904,27.35,0.8307333145136611,0.8307333145136611,0.8827185564796503,0.9208261605038169,0.950438713537159,0.9763222971166365,0.9995362225932848,1.0197960055439161,1.0380457050170253,1.0554522516241873,1.0714387918118935,1.0859404572449425,1.0991412527375448,1.1113180044981015,1.1235766320044451
day_of_week >= 3,-0.061941173,98878,48741,50137,10.35,-6829.21119348086,-890.4565725104549,2ddfafbad88512142e74c4f2cce4050ae7d70cba96c7793650aa4df4bd1bd860,30,-0.05344389006495476,25.03,0.7966408634726528,0.7966408634726528,0.8548187936612371,0.8915025415863346,0.9125721153821967,0.92860800731608,0.9432448585634088,0.9564051267681271,0.9694522720598306,0.9811265988778564,0.9892339281587882,0.9962298536618489,1.0022924756114535,1.0087475599957685,1.015906988867582
rsi_14 >= 11,-0.062034324,98878,98602,276,12.31,-13464.125775463985,-1922.4847419105572,2aff2363e2a1ac18e5b09edc627fed21347731d4e6d91b606bf5ebf4ed170990,30,-0.026741810142993927,27.38,0.8350368252823043,0.8350368252823043,0.8904157845310096,0.9275469423736861,0.9558111215035279,0.980660170438006,1.0030314562557567,1.0227446635682964,1.0403957882990542,1.0575739683247172,1.073398176459431,1.0882162626446816,1.1023948723347057,1.1150922769340958,1.1274350091808647
atr_14 <= atr_20_sft_2,-0.062054373,98878,64430,34448,10.92,-12403.616605037754,-1422.5076939068313,6c56a6e37fe7066fac040219b9e7cfe2398571a456467cde7a8327153ebc94da,30,-0.022868957370519638,26.7,0.7412575929454982,0.7412575929454982,0.7854136537017591,0.8137309702389464,0.8349159167331631,0.8591105132451313,0.8790077536185475,0.9002257853513895,0.9228859674938003,0.9440142698548109,0.965245829614324,0.9849656733830264,0.9969678060267955,1.0063016070614927,1.016987456879948
rsi_20 >= 15,-0.06218907,98878,98433,445,12.28,-13841.994015133812,-1924.2836419538507,2aff2363e2a1ac18e5b09edc627fed21347731d4e6d91b606bf5ebf4ed170990,30,-0.028059639036655426,27.36,0.8294812693298091,0.8294812693298091,0.8835701912630931,0.9210707592729878,0.9508229784520642,0.976569944406922,1.0003476247885403,1.0210579048218213,1.0398407872701514,1.057142498727625,1.072686595382647,1.086849236660227,1.1004171995444136,1.1127344568771638,1.1250208204338352
bb_lower_2_20 <= High_sft_3,-0.06221212,98878,98497,381,12.29,-13754.61758249671,-1926.4804000947042,e84f252c26995db7df12768a4990f8415811b541a46cbafc6ab6c3a314082e30,30,-0.033813998103141785,27.35,0.8308635421650343,0.8308635421650343,0.8840542375635116,0.9218071515658617,0.9513912803985627,0.9768820035205634,1.0005987448493343,1.0208392812856415,1.0393392540199704,1.056774925208475,1.0725400619280827,1.0870380933409731,1.1005727896685422,1.1127995310679137,1.1252118884317632
stdev_5 <= stdev_30_sft_3,-0.06274603,98878,90540,8338,11.79,-13485.59458012188,-1755.9499188301488,76cc05d7e847d59489f80a379ae9909f097acc0055c98dd465d85c99099ff3c8,30,-0.030556242913007736,27.03,0.8116290444330698,0.8116290444330698,0.8684584599983742,0.9058789007114764,0.9358941458843023,0.9649185310888078,0.9917193657392572,1.0144564660491462,1.0350883372121873,1.0528643353821838,1.0681827212338928,1.0827622701388273,1.09675787122925,1.1061825697538763,1.1160206734353872
bb_upper_2_20 >= Low_sft_3,-0.06275774,98878,98480,398,12.29,-13765.617488746055,-1926.9015001009247,751c4f308f1f823126a4edaf28cd7100c4916f221615f1ed76bbcc91391c46f9,30,-0.03356443718075752,27.35,0.8307150391722721,0.8307150391722721,0.8838563313751929,0.9217666461022713,0.9511519375308433,0.9766324094775031,1.000362592848115,1.0206521655475747,1.0391424702874954,1.056593357637446,1.0723054453329255,1.0868966232257422,1.1003796750102819,1.1126567103601106,1.12493594838101
atr_5 <= atr_30_sft_3,-0.06285062,98878,65082,33796,10.92,-12113.795682783606,-1409.7499188787333,6c56a6e37fe7066fac040219b9e7cfe2398571a456467cde7a8327153ebc94da,30,-0.027270158752799034,26.57,0.747336646047982,0.747336646047982,0.7927350251148471,0.8255362637596441,0.8463682807182682,0.8690937747422849,0.8919009552409092,0.9115937273362654,0.9314504984696638,0.9500824871309759,0.9703173780509263,0.9891788049396013,1.000734184721352,1.0099698908899388,1.019978421134323
atr_5 <= atr_30_sft_2,-0.06326082,98878,65138,33740,10.92,-12258.875518768928,-1418.651419783986,6c56a6e37fe7066fac040219b9e7cfe2398571a456467cde7a8327153ebc94da,30,-0.027537718415260315,26.56,0.7449221403190432,0.7449221403190432,0.7906563096034249,0.8220531208843961,0.8435573681693597,0.8658539366621405,0.8879845008749186,0.9076502421331198,0.9279245212218532,0.9467607485818723,0.9677077645396082,0.9859837985397072,0.9981678754819706,1.006633934994325,1.0174453793283997
atr_30 >= atr_14_sft_1,-0.06362978,98878,64319,34559,10.88,-12010.460657445994,-1424.4569948769713,532171b4b026df3b7d23c8264137467a8cc80a53ca41565a8c760a4fc7c55907,30,-0.011279567144811153,27.08,0.7494134067729187,0.7494134067729187,0.8037668608168617,0.8415484277137469,0.8725238607986878,0.9007403109437582,0.927434460118867,0.9495324699528899,0.9672135344231887,0.9852226981910889,1.0001772018153157,1.0102658545214844,1.0204121365798322,1.0267730246559261,1.034887053105134
adx_10 >= 8,-0.0636991,98878,98514,364,12.29,-13753.819712464221,-1927.0145490831346,4118d96628e9d7109ca1b25b71d8f7665de5864ad974c7631ea4a76d380fc96f,30,-0.03596341237425804,27.35,0.8309058529805522,0.8309058529805522,0.8840836014567263,0.9217744699102273,0.951377835008211,0.97686879760081,1.0005358775537059,1.02078934431131,1.0392842057528575,1.0567051560123966,1.0724682826682026,1.0869958566846887,1.1005110614679043,1.1127887711237634,1.1251985052372049
rsi_14 >= 10,-0.06372876,98878,98611,267,12.31,-13488.544805400179,-1924.4330419392427,2aff2363e2a1ac18e5b09edc627fed21347731d4e6d91b606bf5ebf4ed170990,30,-0.028266295790672302,27.38,0.834788806201308,0.834788806201308,0.8901899469633973,0.9274494820062206,0.9557164234045258,0.9804310870240978,1.0027496427737173,1.02247654611388,1.0401928159224978,1.057401511084955,1.0732358078764688,1.0880429040604418,1.102205499997166,1.1148568766991835,1.127175749593331
rsi_20 >= 14,-0.06386431,98878,98446,432,12.28,-13849.305224397325,-1924.7477419608185,2aff2363e2a1ac18e5b09edc627fed21347731d4e6d91b606bf5ebf4ed170990,30,-0.028328323736786842,27.36,0.8294127325879963,0.8294127325879963,0.8834541251091028,0.92094318564082,0.9507111724988792,0.9764625436382276,1.000255359666224,1.0209797457749625,1.039820192280784,1.0571238833864114,1.072707704755275,1.0868624693946098,1.1004085252048892,1.1127162332863503,1.1250083506822894
atr_5 <= atr_30_sft_1,-0.06433749,98878,65181,33697,10.89,-12226.43807279233,-1411.323781753228,6c56a6e37fe7066fac040219b9e7cfe2398571a456467cde7a8327153ebc94da,30,-0.02777579054236412,26.55,0.7455276533640262,0.7455276533640262,0.7921161193623115,0.8234190307266469,0.8468006221150967,0.8696139470900256,0.8909555601280789,0.9103613064620283,0.9304797505973995,0.949742378980083,0.9705838883461776,0.988780453136618,1.0015588202491172,1.0101051886998131,1.0200881197884553
adx_30 <= 18,-0.06454022,98878,48978,49900,10.27,-8903.472722787497,-1026.1988470009092,3c92cb65188a6807549ad02f373e5063a01a53cbce3d2b8fe4af860199995f57,30,-0.021712005138397217,26.47,0.7428946365058324,0.7428946365058324,0.7914183906791008,0.8275511450682523,0.8547456699185246,0.8791275779398647,0.8995303494394128,0.9172335342429635,0.9332082621501653,0.9485808697507673,0.9606629945903807,0.9696371910282452,0.9801425084859835,0.990554892920705,1.0005087934666002
atr_5 <= atr_30,-0.06481208,98878,65214,33664,10.88,-12340.768596516999,-1432.5130479157597,6c56a6e37fe7066fac040219b9e7cfe2398571a456467cde7a8327153ebc94da,30,-0.027928540483117104,26.55,0.7434839522237702,0.7434839522237702,0.7880098732142959,0.8202032256178015,0.8428706445637861,0.8654355947896228,0.8872665369609751,0.9071527588214859,0.9281807385808711,0.9479612049086681,0.9692267945337567,0.9879516595252267,0.9996178575169261,1.0093786829363136,1.0195081458962625
atr_14 <= atr_20_sft_1,-0.06482542,98878,64186,34692,10.85,-12473.814843574288,-1444.6626180913154,6c56a6e37fe7066fac040219b9e7cfe2398571a456467cde7a8327153ebc94da,30,-0.023640595376491547,26.67,0.737422280411078,0.737422280411078,0.7818825996802169,0.8103081195524418,0.8376518528116501,0.8613320725817509,0.8854325756252489,0.908017640748217,0.9319529426968026,0.953163819428296,0.9729737876413617,0.9916140741639942,1.0019464275931345,1.0129181902764024,1.021451711561183
rsi_20 >= 13,-0.064927615,98878,98454,424,12.28,-13870.822809015506,-1926.259841952371,2aff2363e2a1ac18e5b09edc627fed21347731d4e6d91b606bf5ebf4ed170990,30,-0.029354695230722427,27.36,0.8291929629196034,0.8291929629196034,0.8831886301500705,0.9207619435634856,0.9506124290188797,0.9763958085001878,1.000125292363139,1.020811705394029,1.039626555873905,1.0569303121428832,1.072539364778379,1.0867481824311485,1.1002942202794437,1.112617712703075,1.1248571133385807
atr_10 <= atr_20_sft_1,-0.06518555,98878,64076,34802,10.83,-12439.310538184789,-1432.8204278735793,6c56a6e37fe7066fac040219b9e7cfe2398571a456467cde7a8327153ebc94da,30,-0.0252279844135046,26.62,0.7374633182632322,0.7374633182632322,0.7834362100274467,0.8122830272490025,0.8373463273550451,0.8629796086371382,0.8867970843001559,0.9114751740993027,0.9354328497662462,0.9557175745096292,0.976711281156052,0.994152707438583,1.0043210139643137,1.0154474212223197,1.0279395833143068
minus_di_30 >= 5,-0.06519606,98878,97951,927,12.21,-13694.125587752544,-1889.9403004922206,a06e18f5f366aa3040f30d3f53c74e6c3d30e6b8f15e9282eabbaa7fe9dd85a0,30,-0.025536563247442245,27.33,0.8287130227082607,0.8287130227082607,0.8845006845949538,0.9240817759261506,0.9557469863504583,0.9830072201457627,1.006820577901703,1.0264322746627794,1.0443989146539217,1.0606404041970603,1.0752087630733986,1.0890273488549176,1.102979433226666,1.1149856288393116,1.1269056478976107
rsi_30 >= 23,-0.06529201,98878,98041,837,12.22,-13826.531784199982,-1908.5205420601706,2aff2363e2a1ac18e5b09edc627fed21347731d4e6d91b606bf5ebf4ed170990,30,-0.02901444584131241,27.33,0.8279289037709872,0.8279289037709872,0.8826681549226517,0.9216380370596261,0.9522878865830097,0.9790583167983797,1.002936731435504,1.0230865469684165,1.040988267395611,1.0576825598430835,1.0724635446092439,1.0863564074376018,1.100176473046258,1.111862977229811,1.1236206817236989
rsi_30 >= 24,-0.06531758,98878,98012,866,12.22,-13829.25526202271,-1908.2022420698559,2aff2363e2a1ac18e5b09edc627fed21347731d4e6d91b606bf5ebf4ed170990,30,-0.028538698330521584,27.33,0.8278523486965244,0.8278523486965244,0.8825095046605441,0.9215146841437271,0.9521407693086845,0.9788888909595181,1.0027737379688149,1.0229280275376185,1.0407984356627138,1.0575487280493703,1.07241970229809,1.0863933163945498,1.100219090896112,1.1119032933855946,1.1236459182266778
adx_10 >= 7,-0.065539114,98878,98526,352,12.29,-13756.888088360884,-1927.2061000858084,4118d96628e9d7109ca1b25b71d8f7665de5864ad974c7631ea4a76d380fc96f,30,-0.03553909808397293,27.35,0.8308783601419346,0.8308783601419346,0.8840585828417015,0.9218013112061072,0.9513788892761552,0.9768807159645636,1.000565036629978,1.0208247352497464,1.039340461757279,1.0567890847005112,1.072545268577411,1.0870843325533375,1.1005826388714628,1.1128272899894052,1.1252505700397726
rsi_30 >= 22,-0.06556593,98878,98061,817,12.22,-13822.05958258441,-1908.5349420528073,2aff2363e2a1ac18e5b09edc627fed21347731d4e6d91b606bf5ebf4ed170990,30,-0.029236510396003723,27.33,0.8280013141859671,0.8280013141859671,0.8826744026437281,0.9216981911698955,0.9524112402272766,0.9791939180883197,1.0030516175153654,1.0232054991473654,1.041117093820713,1.0578020740367868,1.0725563754024643,1.0864306018890793,1.1002376553161546,1.1119249552749018,1.1236517195042803
adx_30 >= 7,-0.06578496,98878,95667,3211,12.02,-13559.844653232361,-1857.6089371758571,4118d96628e9d7109ca1b25b71d8f7665de5864ad974c7631ea4a76d380fc96f,30,-0.043567363172769547,27.09,0.8243218435315981,0.8243218435315981,0.8793040140990921,0.9173546720317871,0.9474479514846137,0.9736842634955996,0.9973572613042049,1.017031162513876,1.0338788796745453,1.049992916666995,1.0643884235729943,1.0778139745971536,1.0915005909060662,1.1035705688793036,1.1156682804202989
atr_30 >= atr_10_sft_1,-0.06580386,98878,64775,34103,10.84,-12202.025942301017,-1445.451977216937,532171b4b026df3b7d23c8264137467a8cc80a53ca41565a8c760a4fc7c55907,30,-0.020237967371940613,26.79,0.7461220403657666,0.7461220403657666,0.7974125920844334,0.8299890903283678,0.858301688064987,0.8839632685711306,0.908938442635676,0.9327475487414671,0.9524884225214423,0.9741570790802293,0.9889020248220023,1.0001870498058487,1.0107827834908036,1.0220540393286563,1.0296648845345053
plus_di_30 >= 4,-0.06592435,98878,98090,788,12.22,-13884.730940178491,-1916.3121001821419,4f583626fd6f59b1b2e0825c720b1d1aad3858951a5b50964ea86a5c13485b5d,30,-0.03561733663082123,27.3,0.8275430298374703,0.8275430298374703,0.881932805507476,0.9209981354125724,0.9515175409628578,0.9780734720045033,1.0018490347720757,1.0218037057336735,1.0396817878080102,1.0565004450818003,1.0714026971675523,1.0851523871936581,1.0988512987006143,1.110537602079271,1.1222312686796945
bb_upper_2_30 >= Low_sft_1,-0.06594198,98878,97621,1257,12.17,-14289.321841472516,-1933.5198792336378,751c4f308f1f823126a4edaf28cd7100c4916f221615f1ed76bbcc91391c46f9,30,-0.036619774997234344,27.26,0.821567178989888,0.821567178989888,0.8760352971948719,0.9151844471819504,0.9457889298795622,0.973088851615588,0.9970796733141485,1.0174472027330677,1.0349996545231088,1.0519738801446281,1.0671675506441356,1.0808543577300591,1.0938116968457279,1.105031130856908,1.1165007002866068
adx_10 >= 0,-0.06617059,98878,98530,348,12.29,-13759.506916836359,-1927.3148000874207,4118d96628e9d7109ca1b25b71d8f7665de5864ad974c7631ea4a76d380fc96f,30,-0.03539678081870079,27.35,0.8308516110220281,0.8308516110220281,0.8840555645957654,0.9218053432198743,0.9513749494457535,0.976877142800807,1.000566919195724,1.020842916978498,1.0393703499134135,1.0568253553939633,1.0725971076362897,1.0871172934413769,1.1006086236528576,1.1128512521555154,1.1252373825392532
rsi_14 >= 9,-0.06631299,98878,98624,254,12.31,-13493.790317071707,-1924.9148999384706,2aff2363e2a1ac18e5b09edc627fed21347731d4e6d91b606bf5ebf4ed170990,30,-0.030576158314943314,27.38,0.8347373583339445,0.8347373583339445,0.89022633283076,0.927469588903279,0.9556436469457418,0.9803845613397169,1.0026920507774062,1.0224486585139403,1.0401335234403153,1.0573794510566512,1.0732079235287095,1.088040261392188,1.102164791790038,1.1148214434256418,1.1271366542346117
rsi_14 >= 8,-0.066338986,98878,98630,248,12.31,-13490.403403068067,-1924.7145999518325,2aff2363e2a1ac18e5b09edc627fed21347731d4e6d91b606bf5ebf4ed170990,30,-0.031689032912254333,27.37,0.8347946755657124,0.8347946755657124,0.8903062015750461,0.927488147830313,0.9555890371573639,0.980215995878505,1.0025266598149782,1.022330478854365,1.0400786093134817,1.0573322112020476,1.0731532326816395,1.087920203594271,1.102044564660509,1.1146751169973192,1.1269895964277443
rsi_20 >= 12,-0.066432446,98878,98465,413,12.28,-13885.15782519161,-1927.3482999660919,2aff2363e2a1ac18e5b09edc627fed21347731d4e6d91b606bf5ebf4ed170990,30,-0.0308022852987051,27.36,0.8290482096618633,0.8290482096618633,0.883023952612253,0.9206038058581435,0.9504261623032668,0.9762349533190158,0.9999692594815998,1.0206645863198638,1.0395165408310174,1.0568447123375402,1.0724262541752574,1.0866307024768467,1.1001588457851517,1.1124683131686928,1.124698182836621
adx_30 <= 20,-0.06644823,98878,56633,42245,10.53,-9242.524044881953,-1133.5317568559767,3c92cb65188a6807549ad02f373e5063a01a53cbce3d2b8fe4af860199995f57,30,-0.018183628097176552,26.74,0.7702272381473185,0.7702272381473185,0.8191161713681187,0.851172502496145,0.8773243614479019,0.8998659539066697,0.9145430859363521,0.9263114807104319,0.9392911378852942,0.952344172825847,0.9639440980344494,0.9748692627578688,0.9857533280036334,0.9948795915052988,1.0029687804972711
rsi_30 >= 21,-0.06645866,98878,98080,798,12.22,-13847.939386340662,-1910.5551421027776,2aff2363e2a1ac18e5b09edc627fed21347731d4e6d91b606bf5ebf4ed170990,30,-0.029887288808822632,27.32,0.8277453684777526,0.8277453684777526,0.8823498221262248,0.9214107255436028,0.9521949958120478,0.9789018433487755,1.0027869171445043,1.0229556704543281,1.040926554898845,1.057673598178888,1.0724503432690007,1.0862235798195958,1.100039251927137,1.1117130015419752,1.1234629492442993
willr_14 <= 0,-0.06675061,98878,98677,201,12.32,-13446.000985085488,-1927.9324999740347,86253c6c7d990e2ed449f556aae30b7a3a03e17a19117fef2c52fa1a0af38369,30,-0.03514038026332855,27.37,0.8356230804628398,0.8356230804628398,0.8911762017714632,0.9294836658629932,0.9575830356483601,0.9815626411764944,1.0040556610904272,1.0235228252842115,1.040869054528389,1.0580238517079659,1.0736832049981038,1.0883786214910642,1.1026433197848733,1.1153554514773156,1.1280677179737149
plus_di_20 >= 1,-0.066776216,98878,98481,397,12.28,-13881.493512528472,-1930.313000028953,4f583626fd6f59b1b2e0825c720b1d1aad3858951a5b50964ea86a5c13485b5d,30,-0.03478008508682251,27.35,0.82924372674129,0.82924372674129,0.8832875875939694,0.920870455098287,0.9505370136223459,0.976239005218371,0.9999287179209251,1.020422848623168,1.0391380136923523,1.056512543717557,1.0722602558046197,1.0864108527401508,1.0999335697826145,1.1122994982996683,1.1245646862029095
adx_30 <= 24,-0.06683003,98878,69165,29713,10.97,-10607.10282133022,-1358.254813457177,3c92cb65188a6807549ad02f373e5063a01a53cbce3d2b8fe4af860199995f57,30,-0.013855510391294956,27.04,0.7893177462591588,0.7893177462591588,0.8449024859112519,0.8854584401056381,0.9161540999072892,0.9386686233625513,0.9576270779046456,0.9732989159799902,0.9887007740616229,1.002803673825644,1.014158000680337,1.0246115861670788,1.0312753785149869,1.0353538884928664,1.0403000695805682
adx_14 >= 8,-0.066842146,98878,98141,737,12.23,-14010.84483021357,-1921.719149208453,4118d96628e9d7109ca1b25b71d8f7665de5864ad974c7631ea4a76d380fc96f,30,-0.034447215497493744,27.31,0.8262656694696955,0.8262656694696955,0.8800999326177282,0.9192105085007373,0.9500351188014033,0.9766435475825705,1.0001288117021765,1.0213690443451469,1.0384628504980968,1.0549590178511168,1.0697697096668175,1.0842079258327728,1.098396113848393,1.1112450611594138,1.1237070762213464
rsi_14 >= 4,-0.06689575,98878,98647,231,12.31,-13444.032332300663,-1925.4162999836917,2aff2363e2a1ac18e5b09edc627fed21347731d4e6d91b606bf5ebf4ed170990,30,-0.0331440307199955,27.37,0.8354236280243049,0.8354236280243049,0.890940183906905,0.9281529076961189,0.9562523892608813,0.9810210108395997,1.0034475528061564,1.0230496909875884,1.0406002678659827,1.0577673365973852,1.0736872734093246,1.0884613593504244,1.1026147274146956,1.115318320528727,1.1276320391806869
adx_30 <= 22,-0.06699878,98878,63413,35465,10.77,-9700.49101556596,-1243.1382490668766,3c92cb65188a6807549ad02f373e5063a01a53cbce3d2b8fe4af860199995f57,30,-0.01595582813024521,26.91,0.7874442254101692,0.7874442254101692,0.8432528342118583,0.8775314886434813,0.9060674221484866,0.9282412266274057,0.9467774019191705,0.9605767623730551,0.9723758958154831,0.9828785168545711,0.9927838618452606,1.000769296349402,1.0106665304669429,1.0174270049598553,1.0248991360382478
bb_upper_2_30 >= Low_sft_2,-0.06712042,98878,97989,889,12.21,-14044.557212722477,-1924.429308870116,751c4f308f1f823126a4edaf28cd7100c4916f221615f1ed76bbcc91391c46f9,30,-0.03745938092470169,27.29,0.8253212868961904,0.8253212868961904,0.8796191647557028,0.9189444259234412,0.9503601892677652,0.9768270902728083,1.000984430444802,1.0206715918549432,1.0383846309833724,1.055330627379153,1.070482143405062,1.0842814167738712,1.097504635236935,1.1094027923640306,1.1208029458492041
adx_30 <= 19,-0.06717458,98878,52918,45960,10.35,-9366.782647456188,-1097.3775910613767,3c92cb65188a6807549ad02f373e5063a01a53cbce3d2b8fe4af860199995f57,30,-0.018917322158813477,26.66,0.7506483327052675,0.7506483327052675,0.8035820268443168,0.8367575377047654,0.8625273919040575,0.8851998539680201,0.9026618495340659,0.917024625155339,0.9303926402128526,0.9456748256284917,0.9602855813191412,0.9718541363620299,0.9825903659017886,0.9936861648994205,1.0019628453214438
rsi_14 >= 7,-0.06721184,98878,98637,241,12.31,-13498.118765378476,-1925.5570999459087,2aff2363e2a1ac18e5b09edc627fed21347731d4e6d91b606bf5ebf4ed170990,30,-0.033027831465005875,27.37,0.834741690346747,0.834741690346747,0.8902508218558535,0.9272873599193581,0.9552697706644886,0.9798791850588174,1.0023053317891768,1.0222191899736222,1.0399633322294615,1.0571463599536157,1.0729118269729105,1.0876434772166528,1.1017621328318565,1.1144358293905516,1.1267428781842252
adx_30 <= 23,-0.067258626,98878,66440,32438,10.87,-10238.119403524935,-1306.884052369489,3c92cb65188a6807549ad02f373e5063a01a53cbce3d2b8fe4af860199995f57,30,-0.013680844567716122,27.02,0.7870967221381877,0.7870967221381877,0.842881052158914,0.881069919204857,0.9115862910379284,0.9346011744379283,0.9546413988553835,0.9707283235805907,0.9831381816873108,0.9954617093216075,1.0053015195208177,1.0150033403160976,1.022289745600308,1.0280055150965686,1.0333679325529779
minus_di_20 >= 2,-0.06730645,98878,98488,390,12.28,-13835.614090599574,-1926.1464000577107,a06e18f5f366aa3040f30d3f53c74e6c3d30e6b8f15e9282eabbaa7fe9dd85a0,30,-0.03433789312839508,27.35,0.829663812545136,0.829663812545136,0.8841463165602192,0.9221170085417942,0.9517848461977136,0.9773854689980314,1.0011066239918718,1.0215709215629272,1.0400738116398913,1.0575647150554548,1.0733015046115941,1.0871505632499063,1.1005717864962437,1.1131396842366097,1.125392673150803
rsi_14 >= 3,-0.06734498,98878,98649,229,12.31,-13454.088604807377,-1925.7815999834056,2aff2363e2a1ac18e5b09edc627fed21347731d4e6d91b606bf5ebf4ed170990,30,-0.033546920865774155,27.37,0.8353207960289187,0.8353207960289187,0.8908254440980258,0.9279931586091327,0.9560801256141666,0.9808509359250874,1.0032938668594347,1.0228901469404958,1.04042509645672,1.0576030665014486,1.073534470181235,1.0883199786838502,1.1024543674955103,1.115166683726161,1.1274947648011433
rsi_30 >= 20,-0.06764317,98878,98098,780,12.22,-13847.696402165446,-1910.8176421020326,2aff2363e2a1ac18e5b09edc627fed21347731d4e6d91b606bf5ebf4ed170990,30,-0.03046824038028717,27.32,0.8277587695080498,0.8277587695080498,0.882311043092828,0.921411479790498,0.9522183894758123,0.978877009651267,1.0027778719361164,1.0229529732890335,1.0409102202124072,1.0576471531210219,1.0724125641603954,1.0861677382468164,1.0999657106419063,1.1116230444628168,1.1233925250782986
adx_30 <= 21,-0.067659594,98878,60199,38679,10.63,-9580.337011366413,-1190.004445719831,3c92cb65188a6807549ad02f373e5063a01a53cbce3d2b8fe4af860199995f57,30,-0.01888175494968891,26.77,0.777401786631984,0.777401786631984,0.8307187361249168,0.8631954529697369,0.8920903861980027,0.9149175875249443,0.9299261334685757,0.9414941071992948,0.9557321152641031,0.9685797924689176,0.9765465303621396,0.9841885171901382,0.9920316897948687,1.000418373029736,1.0097058908129997
minus_di_14 >= 1,-0.06775629,98878,98648,230,12.31,-13439.59518349123,-1923.4612000620182,a06e18f5f366aa3040f30d3f53c74e6c3d30e6b8f15e9282eabbaa7fe9dd85a0,30,-0.03334496170282364,27.37,0.835459512010974,0.835459512010974,0.8910709607300827,0.9283363325981892,0.9562793432959309,0.9811100128041245,1.0037033005509002,1.0232145473268224,1.040757944824011,1.0580512960478081,1.073846158310373,1.0884553929650889,1.1026588213419952,1.1153487318233695,1.1276792203965402
rsi_20 >= 7,-0.06780709,98878,98498,380,12.28,-13855.001356013574,-1929.328500026837,2aff2363e2a1ac18e5b09edc627fed21347731d4e6d91b606bf5ebf4ed170990,30,-0.03395882621407509,27.35,0.8295393349984195,0.8295393349984195,0.8836694995283721,0.9213129216279453,0.9509811361543888,0.9767164331712862,1.0004801724435948,1.0210222429366036,1.0397237133906223,1.057042344272325,1.072760770895153,1.0869281620012354,1.1004600881960052,1.1127778375284931,1.1250181783806126
rsi_14 >= 6,-0.06786623,98878,98640,238,12.31,-13501.246086120129,-1925.8458999468203,2aff2363e2a1ac18e5b09edc627fed21347731d4e6d91b606bf5ebf4ed170990,30,-0.033615633845329285,27.37,0.8347101793621845,0.8347101793621845,0.8901748799462806,0.9271797583415732,0.9551455178716807,0.9798431413346327,1.0022815095912285,1.022187236447746,1.0398993236715621,1.0570519435490564,1.0728197746789114,1.0875716329495067,1.1016990285503807,1.114388763869965,1.1266887322133279
rsi_20 >= 6,-0.06795778,98878,98499,379,12.28,-13860.41745127038,-1929.5235000196844,2aff2363e2a1ac18e5b09edc627fed21347731d4e6d91b606bf5ebf4ed170990,30,-0.034104086458683014,27.35,0.8294840621373265,0.8294840621373265,0.8836236983577359,0.9212196464752136,0.9508947299603902,0.97663439883419,1.0004105680174786,1.0209444767081457,1.0396373642453938,1.0569633561777962,1.072686790797471,1.0868645041721563,1.1003797847031251,1.1127063924295366,1.1249543127605126
rsi_30 >= 19,-0.067987345,98878,98110,768,12.22,-13849.379448685202,-1911.1297420938645,2aff2363e2a1ac18e5b09edc627fed21347731d4e6d91b606bf5ebf4ed170990,30,-0.030779214575886726,27.32,0.8277599349846593,0.8277599349846593,0.8823504344991373,0.9214655486459928,0.9521991291829734,0.9788330840336836,1.002729816798324,1.0229413395726739,1.0408949269385017,1.057664452456119,1.0723972499464764,1.0861597047884581,1.0999553909243813,1.111624627555785,1.123380361607189
rsi_20 >= 11,-0.06798979,98878,98476,402,12.28,-13900.398238382408,-1928.6077999778936,2aff2363e2a1ac18e5b09edc627fed21347731d4e6d91b606bf5ebf4ed170990,30,-0.0322943851351738,27.35,0.8288933556736047,0.8288933556736047,0.882955458204026,0.9206172994016458,0.9504532541918741,0.9761668730057037,0.9998646773945756,1.0205466585038294,1.039400430124717,1.0567438347055682,1.072374235438501,1.0865657897067131,1.1001185444408572,1.112386163601284,1.1246094983323627
rsi_14 >= 2,-0.068028696,98878,98652,226,12.31,-13464.01034176302,-1926.1462999915893,2aff2363e2a1ac18e5b09edc627fed21347731d4e6d91b606bf5ebf4ed170990,30,-0.03415908291935921,27.37,0.8352193645543106,0.8352193645543106,0.8906451780365862,0.9277937852275372,0.9558859080530834,0.9806753629611817,1.0031020660523142,1.0226842710233002,1.0402371371531882,1.0574271969492337,1.0733666991767037,1.0881309819039402,1.1022810748746499,1.115015315852011,1.1273698032124335
rsi_20 >= 5,-0.06810895,98878,98500,378,12.28,-13865.465936072625,-1929.703500026837,2aff2363e2a1ac18e5b09edc627fed21347731d4e6d91b606bf5ebf4ed170990,30,-0.034249790012836456,27.35,0.8294325474825233,0.8294325474825233,0.8835743767202103,0.9211481316167579,0.9508202804913157,0.9765637348807648,1.0003417587822931,1.020867576413036,1.0395640111507098,1.0568966097529584,1.0726209434309013,1.0867960266007386,1.1003111106491528,1.1126446328635327,1.1249000138463376
adx_20 >= 7,-0.06814637,98878,97576,1302,12.16,-13506.521697782435,-1893.4411759683935,4118d96628e9d7109ca1b25b71d8f7665de5864ad974c7631ea4a76d380fc96f,30,-0.039101146161556244,27.24,0.8299182027922251,0.8299182027922251,0.8841131882620884,0.922354905773833,0.9532105546014878,0.9793721584211798,1.00263898081559,1.0226169992268648,1.0400761381246233,1.0552040564676233,1.0702239571439873,1.0845116092441456,1.099055369905439,1.1117079030795647,1.1242330743928788
rsi_20 >= 4,-0.06841293,98878,98502,376,12.28,-13870.339188226022,-1929.8882000278682,2aff2363e2a1ac18e5b09edc627fed21347731d4e6d91b606bf5ebf4ed170990,30,-0.03454253077507019,27.35,0.8293828269676772,0.8293828269676772,0.8834440179931294,0.9210208595904847,0.9507007239390254,0.9764588108877955,1.0002184136528554,1.0207379450151648,1.0394485467451842,1.0567866477660584,1.0725182664069854,1.0866747956208205,1.1002059964316229,1.1125546883672874,1.1248291081481858
bb_lower_2_30 <= High_sft_2,-0.068430066,98878,98079,799,12.21,-13952.478802730784,-1917.1947011089069,e84f252c26995db7df12768a4990f8415811b541a46cbafc6ab6c3a314082e30,30,-0.035874802619218826,27.3,0.8266672676507951,0.8266672676507951,0.8789112175793327,0.9177264776926595,0.9487809220422181,0.975732485573357,0.9989859573084428,1.019490383557964,1.037066807601809,1.054139396601537,1.0692595026392535,1.082996552708043,1.0960196015884132,1.1080833697579207,1.1195244652021727
rsi_14 >= 0,-0.068491265,98878,98654,224,12.31,-13473.731136440754,-1926.4812999850328,2aff2363e2a1ac18e5b09edc627fed21347731d4e6d91b606bf5ebf4ed170990,30,-0.03457257151603699,27.37,0.8351200112313072,0.8351200112313072,0.8905479597057044,0.9277037846392828,0.9558106976442607,0.9805796897649481,1.002999145256092,1.022595749482378,1.040153889577236,1.0573508372516582,1.0732702307982622,1.0880507497437815,1.1022161513971163,1.1149696992316336,1.1273269289798085
minus_di_30 >= 4,-0.06870492,98878,98134,744,12.22,-13727.337880475901,-1904.5232004366117,a06e18f5f366aa3040f30d3f53c74e6c3d30e6b8f15e9282eabbaa7fe9dd85a0,30,-0.033519893884658813,27.31,0.829061360008528,0.829061360008528,0.8842497484621753,0.9235050613391198,0.9540598928549622,0.9804912583802856,1.003963792361261,1.024319775106502,1.0421653849200374,1.0586636879118319,1.0734766000503764,1.0869905435022937,1.1008144348347197,1.112771929446658,1.1245851983198372
rsi_20 >= 0,-0.068719,98878,98504,374,12.28,-13880.059982903756,-1930.2232000213116,2aff2363e2a1ac18e5b09edc627fed21347731d4e6d91b606bf5ebf4ed170990,30,-0.03483708202838898,27.35,0.8292836660489701,0.8292836660489701,0.8833471156784606,0.9209311238798987,0.9506255955408719,0.9763631296438329,1.0001153032801053,1.020649141637212,1.0393649191882408,1.0567099239477504,1.0724213649574503,1.0865942614041184,1.10014088732715,1.1125089704682174,1.1247861505612375
rsi_20 >= 8,-0.06873104,98878,98491,387,12.28,-13906.56768906907,-1929.5477999839932,2aff2363e2a1ac18e5b09edc627fed21347731d4e6d91b606bf5ebf4ed170990,30,-0.034406065940856934,27.35,0.8288815460259489,0.8288815460259489,0.8829743767859866,0.9204004658680907,0.9499783254997566,0.9756386244731187,0.9994045298913021,1.0202415361850448,1.039117624301957,1.0564128644189856,1.0719849597402704,1.0861235700979641,1.0996304734933233,1.1119320668754085,1.1241516361437989
bb_lower_2_30 <= High_sft_3,-0.06879491,98878,98135,743,12.22,-14012.769523867162,-1918.959200100864,e84f252c26995db7df12768a4990f8415811b541a46cbafc6ab6c3a314082e30,30,-0.036238692700862885,27.3,0.8259763511048385,0.8259763511048385,0.8784518341818642,0.9176174772908428,0.9491147882820379,0.9754816347059193,0.999299374328516,1.0188137248179463,1.0360820251440843,1.0537960702282032,1.0689767230903415,1.0822044056511675,1.0951552560610953,1.10721931860076,1.118990212764051
atr_10 <= atr_20,-0.068873666,98878,64186,34692,10.75,-12437.487735880717,-1438.4186200738914,6c56a6e37fe7066fac040219b9e7cfe2398571a456467cde7a8327153ebc94da,30,-0.027487272396683693,26.54,0.7373981836561125,0.7373981836561125,0.7830177688010437,0.815131507847334,0.8420488350681523,0.8700787623576638,0.8938839221344369,0.9166067265303744,0.9395166375775053,0.9607032329937756,0.9807081045388631,0.9978120021148668,1.0067363969278353,1.017718295593538,1.0287845092039811
rsi_20 >= 9,-0.06892308,98878,98489,389,12.28,-13914.940046914377,-1930.082799980417,2aff2363e2a1ac18e5b09edc627fed21347731d4e6d91b606bf5ebf4ed170990,30,-0.03411915525794029,27.35,0.8287714718672562,0.8287714718672562,0.8829119153120222,0.9204194206265637,0.9500932076490037,0.9756816786043587,0.9994335483068838,1.0202459325128785,1.039127025662248,1.0564652443223954,1.0720288024598974,1.0861903689231578,1.0996957422414233,1.1119733670575487,1.1242251490397803
rsi_20 >= 10,-0.06900977,98878,98483,395,12.27,-13913.662865348615,-1929.771099989899,2aff2363e2a1ac18e5b09edc627fed21347731d4e6d91b606bf5ebf4ed170990,30,-0.03326839208602905,27.35,0.8287585857432693,0.8287585857432693,0.8828426834480415,0.9204929627553928,0.9502264247926454,0.9759553106126931,0.9996421505038416,1.020396552572318,1.0391982062350442,1.0565968448365128,1.0721688615544989,1.0863765269332635,1.099902273301477,1.1121876302570926,1.1244065040828917
rsi_30 >= 18,-0.06940257,98878,98126,752,12.22,-13867.254239561375,-1912.676542088404,2aff2363e2a1ac18e5b09edc627fed21347731d4e6d91b606bf5ebf4ed170990,30,-0.031726207584142685,27.32,0.8275806065984183,0.8275806065984183,0.8821705979818354,0.9212323868940662,0.9519687539216214,0.9785990889030509,1.0025309692027573,1.0227434980980143,1.0407572167053882,1.057535345562885,1.072287629762564,1.0860521686825397,1.0998187192864115,1.1114858074431364,1.123226588093779
bb_upper_2_30 >= Low_sft_3,-0.069720365,98878,98094,784,12.21,-13910.934470754572,-1917.6901251738745,751c4f308f1f823126a4edaf28cd7100c4916f221615f1ed76bbcc91391c46f9,30,-0.038287725299596786,27.29,0.8271693728442041,0.8271693728442041,0.8815075585861829,0.9205570149798058,0.9510080724531829,0.9768222681923844,1.0011372555376155,1.0208373664317734,1.0389258414070865,1.05571496139859,1.0708984458371342,1.0846158769297456,1.0978392031423,1.1101075275857217,1.1211457373492797
rsi_30 >= 17,-0.0703159,98878,98140,738,12.22,-13868.829669135495,-1912.5346421022114,2aff2363e2a1ac18e5b09edc627fed21347731d4e6d91b606bf5ebf4ed170990,30,-0.03303517401218414,27.32,0.827587866027966,0.827587866027966,0.8821027518833253,0.92116896808031,0.9518399223248675,0.9784798781533378,1.0024466916021353,1.0226969452570778,1.0407106241415611,1.057490569334603,1.0722341090174066,1.08601157342424,1.099787064110847,1.1114286245864629,1.123139722590954
atr_20 <= atr_30_sft_3,-0.07055696,98878,64947,33931,10.74,-12575.303143096815,-1447.7757954113913,6c56a6e37fe7066fac040219b9e7cfe2398571a456467cde7a8327153ebc94da,30,-0.019842462614178658,26.8,0.7355241257882662,0.7355241257882662,0.7798219408340974,0.8130849368619959,0.8346419493601532,0.8592732845769944,0.8805248807332655,0.9027005824991635,0.922822529110849,0.9426665008121472,0.9600728313360253,0.9767259501932462,0.98567124074317,0.9927908634926762,0.9999586342578984
atr_14 <= atr_20,-0.07062325,98878,64317,34561,10.71,-12365.637715617737,-1451.113842494815,6c56a6e37fe7066fac040219b9e7cfe2398571a456467cde7a8327153ebc94da,30,-0.025845415890216827,26.6,0.7384432515706724,0.7384432515706724,0.7888593268635558,0.8200464781202602,0.8470308644918888,0.874184836431394,0.8962108555206704,0.9202881878629762,0.9435397573159606,0.9647779399678396,0.9825763249424031,0.9978827032335308,1.008603322247017,1.020056100154816,1.032069752252935
atr_20 <= atr_30_sft_1,-0.071168475,98878,64427,34451,10.7,-12301.153153712065,-1405.94572950789,6c56a6e37fe7066fac040219b9e7cfe2398571a456467cde7a8327153ebc94da,30,-0.013506310060620308,27.0,0.7392737917989477,0.7392737917989477,0.7851886559826958,0.8178240617189627,0.845825964656208,0.8721170394250629,0.8950777655185788,0.9138478325840717,0.9374520924208982,0.9574896373076669,0.977050017713523,0.9912211218435547,1.001917949372819,1.0080050070425834,1.0138349876399146
atr_20 <= atr_30_sft_2,-0.07123292,98878,64632,34246,10.71,-12383.422855383124,-1428.9060407484212,6c56a6e37fe7066fac040219b9e7cfe2398571a456467cde7a8327153ebc94da,30,-0.01563347689807415,26.94,0.7384364926640014,0.7384364926640014,0.781643103755575,0.8148837827323704,0.838934698808318,0.8626799537724337,0.8868754991253842,0.908521732323428,0.9292340409486597,0.9495289042855022,0.9675022460451448,0.9825226728007574,0.9924495951814906,0.999862465108016,1.0065474898780034
plus_di_30 >= 3,-0.071299054,98878,98166,712,12.22,-13896.643196657755,-1917.7947001781722,4f583626fd6f59b1b2e0825c720b1d1aad3858951a5b50964ea86a5c13485b5d,30,-0.03848975524306297,27.3,0.8274629246009745,0.8274629246009745,0.8819002077456815,0.9209764453938785,0.9515480760842128,0.9781288852623415,1.0019295545902933,1.0219386058377917,1.039819136116,1.0566313109012155,1.0715161663544321,1.0852993342600958,1.099022179628517,1.1107321403605321,1.1224486729252348
atr_10 <= atr_30_sft_3,-0.071319275,98878,65044,33834,10.72,-12417.408189316706,-1459.7211634238702,6c56a6e37fe7066fac040219b9e7cfe2398571a456467cde7a8327153ebc94da,30,-0.028914278373122215,26.51,0.7381561728750025,0.7381561728750025,0.7857663317005125,0.8179124048726415,0.8427890287712555,0.865297381798865,0.8868240667854932,0.9097940206577674,0.9314581165439128,0.951151378155696,0.969467799073556,0.9856801813054661,0.996182873445366,1.0062808739991995,1.017688533651534
rsi_30 >= 16,-0.07170662,98878,98155,723,12.22,-13876.279708607344,-1913.0147421078436,2aff2363e2a1ac18e5b09edc627fed21347731d4e6d91b606bf5ebf4ed170990,30,-0.033404599875211716,27.32,0.8275142603716646,0.8275142603716646,0.8819740688772645,0.921000341236785,0.9517262585907177,0.9784392242664541,1.0023787763169243,1.0226026737576779,1.0406496306252422,1.0574703083349122,1.0722486877440602,1.0860502734589812,1.0998056377056258,1.111444804198855,1.123163806076658
atr_10 <= atr_30_sft_1,-0.07218394,98878,64956,33922,10.7,-12505.615861729853,-1457.267743707649,6c56a6e37fe7066fac040219b9e7cfe2398571a456467cde7a8327153ebc94da,30,-0.02683621272444725,26.58,0.7362232127515532,0.7362232127515532,0.7829000737622875,0.8156890538071674,0.8415204626017704,0.8674563948614703,0.8892614817348057,0.9135623459628013,0.9361248059144535,0.9567763353807724,0.9750297747197687,0.9904753005403775,1.0008489198430779,1.0119585935331763,1.0235863104318532
atr_10 <= atr_30_sft_2,-0.072260715,98878,64965,33913,10.7,-12527.27805053625,-1455.2284966796724,6c56a6e37fe7066fac040219b9e7cfe2398571a456467cde7a8327153ebc94da,30,-0.026191961020231247,26.6,0.7357873009953751,0.7357873009953751,0.7837756637350995,0.8167737376407929,0.8417255723339839,0.864755468175208,0.8870508122188285,0.9101207449823702,0.9321539094058277,0.952094616160677,0.9706014822414872,0.9860607650481001,0.9968389165769135,1.0077236109085206,1.0197112727022541
rsi_30 >= 15,-0.07246331,98878,98163,715,12.21,-13890.511337546854,-1913.9692001256772,2aff2363e2a1ac18e5b09edc627fed21347731d4e6d91b606bf5ebf4ed170990,30,-0.03417690843343735,27.31,0.8273678966556498,0.8273678966556498,0.881786370995646,0.9208371562079113,0.9515320573714697,0.9782303515425805,1.0021642880359218,1.022397256762972,1.0404963784795094,1.0573377258245724,1.0720916245405643,1.0859025573374108,1.0996498654575932,1.1112845530263755,1.1229947018459416
atr_20 <= atr_30,-0.07251762,98878,64366,34512,10.67,-12316.029854940327,-1405.5314537939485,6c56a6e37fe7066fac040219b9e7cfe2398571a456467cde7a8327153ebc94da,30,-0.01142099592834711,27.07,0.7394392790594178,0.7394392790594178,0.7869179637760892,0.8236562976462284,0.8555377606991504,0.8838936017768799,0.905683727796093,0.927168261967024,0.9497406009408996,0.9709929847897817,0.9874154853573668,0.9988221073389444,1.0059816151666063,1.0136120366471515,1.0238299283286991
atr_10 <= atr_30,-0.07328032,98878,65039,33839,10.68,-12509.225922242873,-1454.6348926320134,6c56a6e37fe7066fac040219b9e7cfe2398571a456467cde7a8327153ebc94da,30,-0.027557937428355217,26.56,0.7366780886920934,0.7366780886920934,0.7853272328994615,0.8194004445070655,0.8460894268247847,0.871773594774842,0.896317860761188,0.9205844588358651,0.9426217407189987,0.9633380527184251,0.9803110140272346,0.9947552429926939,1.0045006574669042,1.0155077499004221,1.026529834420084
atr_14 <= atr_30_sft_3,-0.073453374,98878,64855,34023,10.66,-12476.967076070392,-1456.884503842317,6c56a6e37fe7066fac040219b9e7cfe2398571a456467cde7a8327153ebc94da,30,-0.025494864210486412,26.62,0.7357710745815648,0.7357710745815648,0.7840377572666573,0.8173885017532256,0.8412523529505079,0.8636375707077857,0.8881868489885669,0.9116029713084987,0.9318250657634262,0.9528560128152602,0.9700621456579945,0.9855743013764235,0.9960748745782586,1.0052742231546359,1.0124542599714628
rsi_30 >= 14,-0.073911324,98878,98178,700,12.21,-13908.86897557251,-1915.414500115221,2aff2363e2a1ac18e5b09edc627fed21347731d4e6d91b606bf5ebf4ed170990,30,-0.035651352256536484,27.31,0.8271837389122676,0.8271837389122676,0.8815073010563579,0.9206185120258483,0.9513957211711088,0.9781330904672424,1.0019851259705264,1.0221941402619406,1.0402715427611449,1.0571184373570917,1.071903140422033,1.0857615490932266,1.099474480056562,1.1111273072829346,1.1228005906783896
adx_20 >= 6,-0.074019,98878,97823,1055,12.16,-13560.742770885572,-1898.6850489642165,4118d96628e9d7109ca1b25b71d8f7665de5864ad974c7631ea4a76d380fc96f,30,-0.045762963593006134,27.23,0.8296905755328036,0.8296905755328036,0.8830373162851146,0.9215778710980883,0.9527377375324058,0.9794226678782721,1.0031015960019227,1.0229618357763703,1.040497622241554,1.0562758470526403,1.0711252119460306,1.084750384199805,1.0985422377660865,1.1104132205448214,1.122392097194747
plus_di_30 >= 2,-0.07458447,98878,98207,671,12.22,-13903.207305014588,-1918.3299001670675,4f583626fd6f59b1b2e0825c720b1d1aad3858951a5b50964ea86a5c13485b5d,30,-0.03915751352906227,27.3,0.8274128147213462,0.8274128147213462,0.88185415166053,0.9209724233226626,0.9515838613001338,0.97822580641298,1.0020810461631602,1.0221556206090703,1.0400962434493346,1.0569691801237568,1.0718937234492745,1.0857021174106287,1.0994275005912713,1.1111404891173775,1.1228555703009062
atr_14 <= atr_30_sft_1,-0.07467876,98878,64749,34129,10.63,-12471.464574543981,-1439.8399449057615,6c56a6e37fe7066fac040219b9e7cfe2398571a456467cde7a8327153ebc94da,30,-0.021467300131917,26.75,0.7354567984233237,0.7354567984233237,0.784226897805839,0.8172513856834587,0.8463608953298115,0.8714568703731993,0.8956928564465813,0.919378908447222,0.9419535418096828,0.960858405880864,0.9772394928734459,0.9914890244466985,1.0027438700197282,1.0114277771445637,1.0167697857708224
minus_di_30 >= 3,-0.07485627,98878,98206,672,12.21,-13846.546671933018,-1913.1465002225013,a06e18f5f366aa3040f30d3f53c74e6c3d30e6b8f15e9282eabbaa7fe9dd85a0,30,-0.03794943541288376,27.3,0.8279334620914427,0.8279334620914427,0.8829041491170375,0.9222819468293371,0.9529861312731319,0.9795447141813718,1.003394096145087,1.0234864281767213,1.0412165913120268,1.0581718277937529,1.0730653045164933,1.0865317576049434,1.100132903513434,1.112012185552189,1.1237123525919075
atr_14 <= atr_30_sft_2,-0.074935675,98878,64764,34114,10.62,-12583.937679644663,-1453.790077912854,6c56a6e37fe7066fac040219b9e7cfe2398571a456467cde7a8327153ebc94da,30,-0.023191412910819054,26.69,0.7334076378366164,0.7334076378366164,0.7821349545510051,0.8162469018102485,0.8416283011262111,0.8643750709227584,0.8879381164355253,0.9116414962795797,0.9314408256677372,0.9509980890011295,0.9665176083711196,0.9811797278823119,0.9908103320791557,0.9992761490867101,1.0052411576139741
atr_14 <= atr_30,-0.075000204,98878,64764,34114,10.62,-12550.386057748041,-1445.425568967432,6c56a6e37fe7066fac040219b9e7cfe2398571a456467cde7a8327153ebc94da,30,-0.019091280177235603,26.83,0.7349165258172603,0.7349165258172603,0.7858654220301287,0.820035536060119,0.8488504531046875,0.8780811072168666,0.9039751803480743,0.9274188503380866,0.950295801313354,0.9689154708709274,0.9839384747867684,0.9986157867703991,1.007519724520992,1.016256088973305,1.0231312834647395
rsi_30 >= 10,-0.07513058,98878,98216,662,12.21,-13890.383745721065,-1917.7595001581358,2aff2363e2a1ac18e5b09edc627fed21347731d4e6d91b606bf5ebf4ed170990,30,-0.03843994811177254,27.3,0.8275573666866434,0.8275573666866434,0.8820435536323078,0.9212175673901494,0.9517690441283972,0.9784252082522816,1.0023026644458928,1.0223761809441687,1.0403529411264363,1.0571974264216923,1.0721248340789853,1.0859002398679143,1.099605382200332,1.1113075108465218,1.1230269924746252
rsi_30 >= 9,-0.07523374,98878,98217,661,12.21,-13893.744302085124,-1918.0295001688646,2aff2363e2a1ac18e5b09edc627fed21347731d4e6d91b606bf5ebf4ed170990,30,-0.038545139133930206,27.3,0.8275228426493733,0.8275228426493733,0.8819817870316586,0.9211171945268324,0.951740804652789,0.9784168510929591,1.0023002558147982,1.0223433397702602,1.0402803777000587,1.0571321514056706,1.0720581107615061,1.0858504508408036,1.0995761929056191,1.1112748434422284,1.1229976255066891
minus_di_30 >= 2,-0.075337104,98878,98218,660,12.21,-13891.820652297221,-1917.3145002099918,a06e18f5f366aa3040f30d3f53c74e6c3d30e6b8f15e9282eabbaa7fe9dd85a0,30,-0.03865053132176399,27.3,0.8275426045474353,0.8275426045474353,0.8820603847948587,0.9212887904330348,0.951785292151514,0.9785234463996266,1.0024129205875354,1.022409498277538,1.040431941590612,1.0572629089055388,1.0721176693339594,1.0858415058472575,1.0995995097731905,1.1113067434505006,1.123050843101405
rsi_30 >= 13,-0.07539918,98878,98193,685,12.21,-13922.196659319325,-1916.3197001033695,2aff2363e2a1ac18e5b09edc627fed21347731d4e6d91b606bf5ebf4ed170990,30,-0.0371616929769516,27.31,0.8270470306351184,0.8270470306351184,0.8813446523331547,0.9204240871341965,0.9511817096404185,0.9779061167528137,1.001743451779586,1.0220002438997702,1.0400882420202073,1.0569517156155321,1.0717153152092136,1.0855547238472263,1.0992598106314668,1.1109258631356314,1.1226216038474328
adx_14 >= 7,-0.075402796,98878,98269,609,12.22,-14033.179428559251,-1924.391249213426,4118d96628e9d7109ca1b25b71d8f7665de5864ad974c7631ea4a76d380fc96f,30,-0.037038564682006836,27.31,0.8262351257535924,0.8262351257535924,0.8800372260827696,0.9189244937276984,0.9500547203429909,0.97660073654432,1.0004389497498525,1.0210900668789271,1.0386563402433024,1.055405734250022,1.0708626224420477,1.0846452810909408,1.0986050514309424,1.1115661452181733,1.1242041264704759
rsi_30 >= 0,-0.07544066,98878,98219,659,12.21,-13903.465096762859,-1918.364500162308,2aff2363e2a1ac18e5b09edc627fed21347731d4e6d91b606bf5ebf4ed170990,30,-0.03875609487295151,27.3,0.8274229941275772,0.8274229941275772,0.88188406600608,0.9210264895197184,0.9516647701556261,0.978319921969636,1.002195816236427,1.0222534824089595,1.040195868269025,1.057054684192225,1.0719604079456047,1.0857693339425245,1.0995106413810805,1.1112288746973131,1.1229544685619441
adx_20 >= 0,-0.075766146,98878,97847,1031,12.16,-13564.8952105916,-1898.9421999720435,4118d96628e9d7109ca1b25b71d8f7665de5864ad974c7631ea4a76d380fc96f,30,-0.046417780220508575,27.23,0.829660605733619,0.829660605733619,0.883340961065007,0.921618364123214,0.9527821996122905,0.9793924353210982,1.0030416142910745,1.0229328855685076,1.0404854552379568,1.0562698888931379,1.0711426566252287,1.0847810728062595,1.0985831403458255,1.1104112407689506,1.1223632878070948
rsi_30 >= 11,-0.07618143,98878,98208,670,12.21,-13956.79761772462,-1919.049400129472,2aff2363e2a1ac18e5b09edc627fed21347731d4e6d91b606bf5ebf4ed170990,30,-0.038709815591573715,27.3,0.8267157289380151,0.8267157289380151,0.8812092276900253,0.9201848404925459,0.950753263166806,0.9773300321831508,1.0012433691863936,1.021575081223064,1.039644849030022,1.0564783214817512,1.0712549388861894,1.0850611140345159,1.0987584659347247,1.1104216469581254,1.1221411238362098
rsi_30 >= 12,-0.07620975,98878,98201,677,12.21,-13956.123244120263,-1919.1229001117172,2aff2363e2a1ac18e5b09edc627fed21347731d4e6d91b606bf5ebf4ed170990,30,-0.03798253461718559,27.3,0.8266986069993946,0.8266986069993946,0.8811045277091609,0.9201862281110151,0.9509048766639472,0.9775018897041491,1.0014207206392827,1.0217600700649465,1.0398073744491068,1.0566315335732948,1.0714010044403932,1.085218972717745,1.0989469553215965,1.1106021272872377,1.1223261453651758
willr_30 <= 0,-0.07643795,98878,98250,628,12.22,-13923.727872318112,-1919.794300135749,86253c6c7d990e2ed449f556aae30b7a3a03e17a19117fef2c52fa1a0af38369,30,-0.038128018379211426,27.31,0.827307548273731,0.827307548273731,0.881617328570967,0.9205105457842112,0.951369869329795,0.9780397499585246,1.0023099918378047,1.0222986610390032,1.0400997957690057,1.0570821769899195,1.0721033630655357,1.0858637876913566,1.0995204363766842,1.1117227921322164,1.123250241352547
adx_14 >= 0,-0.076474525,98878,98310,568,12.23,-13987.01167672918,-1923.158400169632,4118d96628e9d7109ca1b25b71d8f7665de5864ad974c7631ea4a76d380fc96f,30,-0.036620404571294785,27.32,0.8268471123470883,0.8268471123470883,0.8812037245845995,0.9196436452998524,0.9505328509243878,0.9773916389806353,1.0016540968333378,1.0225028927242674,1.0399630202460832,1.0566989048390223,1.0721439994258626,1.085956974262169,1.0995569149646187,1.1117335295581146,1.123860647310987
adx_14 >= 6,-0.07652845,98878,98307,571,12.23,-13991.137042165257,-1923.3791491725133,4118d96628e9d7109ca1b25b71d8f7665de5864ad974c7631ea4a76d380fc96f,30,-0.03627835959196091,27.32,0.8267942680006453,0.8267942680006453,0.8811509936003317,0.9195884806697442,0.9503532317745955,0.9771717728775193,1.0014918624111042,1.022361177119448,1.0398278083363384,1.0565325969460282,1.0719673540579302,1.0858593850136637,1.0996340021080222,1.1118879375157482,1.123952483800357
adx_30 >= 6,-0.082995914,98878,96628,2250,12.0,-13664.649849666388,-1871.796273256754,4118d96628e9d7109ca1b25b71d8f7665de5864ad974c7631ea4a76d380fc96f,30,-0.04977245628833771,27.11,0.8244117665579019,0.8244117665579019,0.8800598472132461,0.9183838368502011,0.9487469235290648,0.9749962702576479,0.9982535013109162,1.0180277606779196,1.0353719400378094,1.0518571718378453,1.0668987154915188,1.080563163098185,1.0942030886283345,1.1062196121873877,1.1182410716619997
adx_30 >= 5,-0.087684244,98878,96873,2005,12.0,-13740.862110554346,-1876.8287002738143,4118d96628e9d7109ca1b25b71d8f7665de5864ad974c7631ea4a76d380fc96f,30,-0.05141131579875946,27.11,0.8238775640392745,0.8238775640392745,0.8791785486854435,0.9175054489672242,0.9481772492446211,0.9746495958346227,0.9979219561467333,1.0176518745452499,1.034916000699602,1.051529859649627,1.066460643926078,1.080127193016777,1.0940076362668492,1.1061942871161634,1.11820347089723
adx_30 >= 4,-0.08904863,98878,96932,1946,12.0,-13726.332720797614,-1877.3218002952563,4118d96628e9d7109ca1b25b71d8f7665de5864ad974c7631ea4a76d380fc96f,30,-0.05236353352665901,27.11,0.824106665304538,0.824106665304538,0.8794459305542186,0.9178867947080742,0.9486296293168472,0.9752106117944558,0.9987747322989143,1.0185139098837437,1.03582575419893,1.0523671105284704,1.0671902713363879,1.080776920750843,1.094520762558619,1.1064726407757268,1.1183449784616806
adx_30 >= 0,-0.08929818,98878,96937,1941,12.0,-13722.669762786583,-1876.9291002973841,4118d96628e9d7109ca1b25b71d8f7665de5864ad974c7631ea4a76d380fc96f,30,-0.052000291645526886,27.12,0.8241536035445265,0.8241536035445265,0.879502994900032,0.9179429235808091,0.9486760660261913,0.9752545342536653,0.9988206083763008,1.0185716154496722,1.035893239769543,1.052445104121046,1.0672758848403705,1.0808654658080936,1.0946035914220438,1.106550691356481,1.1184067717555197
